720930.9999364681,721208.9999598442,722323.9998974502,722726.0003104847,722907.0002338291,723674.9998167116,725221.9996236304,725394.9996806632,727247.9998543274,729088.0002594286,760298.999996812
718732.9999311413,721208.9999598442,722323.9998974502,722726.0003104847,722907.0002338291,723674.9998167116,725221.9996236304,725394.9996806632,727247.9998543274,729088.0002594286,762497.0000021388
714210.999703418,718732.9999311413,721208.9999598442,722323.9998974502,722726.0003104847,722907.0002338291,723674.9998167116,725394.9996806632,727247.9998543274,740099.0001796411,762497.0000021388
714210.999703418,718732.9999311413,719469.9998194138,721208.9999598442,722323.9998974502,722726.0003104847,723674.9998167116,725394.9996806632,730685.0002687427,740099.0001796411,762497.0000021388
714210.999703418,716728.9996821508,718732.9999311413,721208.9999598442,722323.9998974502,722726.0003104847,723674.9998167116,725394.9996806632,733426.0004060057,740099.0001796411,762497.0000021388
713339.000056552,716728.9996821508,718732.9999311413,721208.9999598442,722323.9998974502,722726.0003104847,723674.9998167116,725394.9996806632,733426.0004060057,740970.9998265071,762497.0000021388
713339.000056552,716728.9996821508,721208.9999598442,722323.9998974502,722726.0003104847,723093.9999784678,723674.9998167116,725394.9996806632,733426.0004060057,740970.9998265071,758135.9999548121
716728.9996821508,718528.9999304302,721208.9999598442,722323.9998974502,722726.0003104847,723093.9999784678,723674.9998167116,725394.9996806632,733426.0004060057,735780.9999526287,758135.9999548121
714580.0003851821,716728.9996821508,721208.9999598442,722323.9998974502,722726.0003104847,723093.9999784678,723674.9998167116,725394.9996806632,733426.0004060057,739729.9994978769,758135.9999548121
714580.0003851821,721208.9999598442,722323.9998974502,722726.0003104847,723093.9999784678,723674.9998167116,723947.0003606332,725394.9996806632,726207.9997275232,739729.9994978769,758135.9999548121
714580.0003851821,720908.000028886,721208.9999598442,722323.9998974502,723093.9999784678,723674.9998167116,723947.0003606332,726207.9997275232,727212.9999622619,739729.9994978769,758135.9999548121
714580.0003851821,718493.0002098229,721208.9999598442,722323.9998974502,723093.9999784678,723674.9998167116,723947.0003606332,726207.9997275232,729627.999781325,739729.9994978769,758135.9999548121
715052.0002043521,718493.0002098229,721208.9999598442,722323.9998974502,723093.9999784678,723674.9998167116,723947.0003606332,726207.9997275232,729627.999781325,739257.9996787069,758135.9999548121
713073.999804685,715052.0002043521,718493.0002098229,722323.9998974502,723093.9999784678,723674.9998167116,723947.0003606332,726207.9997275232,737762.9999364841,739257.9996787069,758135.9999548121
713073.999804685,718493.0002098229,722323.9998974502,723093.9999784678,723674.9998167116,723947.0003606332,726207.9997275232,726347.000221543,737762.9999364841,739257.9996787069,746840.9999376212
713073.999804685,718493.0002098229,722323.9998974502,722723.000028902,723093.9999784678,723674.9998167116,726207.9997275232,726347.000221543,737762.9999364841,739257.9996787069,748065.0002693525
713073.999804685,718493.0002098229,722323.9998974502,723093.9999784678,723674.9998167116,726207.9997275232,726347.000221543,726685.999775877,735294.9999317318,737762.9999364841,748065.0002693525
713073.999804685,718493.0002098229,722323.9998974502,723093.9999784678,723647.9998939828,723674.9998167116,726347.000221543,726685.999775877,737762.9999364841,737854.9997652723,748065.0002693525
713073.999804685,718493.0002098229,719518.9999804534,722323.9998974502,723647.9998939828,723674.9998167116,726347.000221543,726685.999775877,737762.9999364841,737854.9997652723,751640.0002673669
713073.999804685,718493.0002098229,718511.0001972105,719518.9999804534,722323.9998974502,723647.9998939828,723674.9998167116,726685.999775877,737762.9999364841,737854.9997652723,759476.0002916994
713073.999804685,718493.0002098229,718511.0001972105,722323.9998974502,723647.9998939828,723674.9998167116,726685.999775877,732038.0002505376,737762.9999364841,737854.9997652723,746957.0000216151
713073.999804685,718493.0002098229,718511.0001972105,719023.9995780971,722323.9998974502,723674.9998167116,726685.999775877,732038.0002505376,737762.9999364841,742479.0000811579,746957.0000216151
713073.999804685,718493.0002098229,718511.0001972105,722323.9998974502,723674.9998167116,724999.000133026,726685.999775877,732038.0002505376,736503.999526229,737762.9999364841,746957.0000216151
713073.999804685,716055.9999450055,718493.0002098229,718511.0001972105,722323.9998974502,723674.9998167116,724999.000133026,726685.999775877,736503.999526229,737762.9999364841,762939.0003271472
716055.9999450055,717385.9998705403,718493.0002098229,718511.0001972105,722323.9998974502,723674.9998167116,724999.000133026,726685.999775877,736503.999526229,737762.9999364841,758627.0002612919
716055.9999450055,717600.9997483958,718493.0002098229,718511.0001972105,722109.0000195948,723674.9998167116,724999.000133026,726685.999775877,736503.999526229,737762.9999364841,758627.0002612919
717600.9997483958,718493.0002098229,718511.0001972105,718749.9999578779,722109.0000195948,723674.9998167116,724999.000133026,726685.999775877,736503.999526229,737762.9999364841,755933.0002484195
717600.9997483958,718493.0002098229,718511.0001972105,718749.9999578779,722109.0000195948,723674.9998167116,724239.9998732605,724999.000133026,737762.9999364841,738949.9994288455,755933.0002484195
717600.9997483958,718493.0002098229,718511.0001972105,718749.9999578779,722109.0000195948,723674.9998167116,724999.000133026,727372.9995814639,735816.9997206421,737762.9999364841,755933.0002484195
715456.9999393169,717600.9997483958,718493.0002098229,718749.9999578779,722109.0000195948,723674.9998167116,724999.000133026,727372.9995814639,737762.9999364841,738870.9999785358,755933.0002484195
715456.9999393169,715671.9999438468,718749.9999578779,720422.0000143718,722109.0000195948,723674.9998167116,724999.000133026,727372.9995814639,737762.9999364841,738870.9999785358,755933.0002484195
715456.9999393169,715671.9999438468,718749.9999578779,720422.0000143718,723674.9998167116,724999.000133026,727372.9995814639,732838.9999946145,737762.9999364841,738870.9999785358,745203.0002733998
715456.9999393169,715671.9999438468,716668.9995352743,718749.9999578779,720422.0000143718,723674.9998167116,724999.000133026,732838.9999946145,737762.9999364841,738870.9999785358,755907.0003195893
715671.9999438468,716668.9995352743,718749.9999578779,719231.00008362,720422.0000143718,723674.9998167116,724999.000133026,732838.9999946145,737762.9999364841,738870.9999785358,752133.0001752863
713095.0002441348,715671.9999438468,716668.9995352743,718749.9999578779,720422.0000143718,723674.9998167116,724999.000133026,732838.9999946145,737762.9999364841,738870.9999785358,758269.0000147715
713095.0002441348,715671.9999438468,718749.9999578779,718864.9999779647,720422.0000143718,722802.9996903357,723674.9998167116,732838.9999946145,737762.9999364841,738870.9999785358,758269.0000147715
704228.9999085779,713095.0002441348,715671.9999438468,718864.9999779647,720422.0000143718,722802.9996903357,732838.9999946145,737762.9999364841,738195.9998660117,738870.9999785358,758269.0000147715
704228.9999085779,711647.9997155649,715671.9999438468,718864.9999779647,720422.0000143718,722802.9996903357,732838.9999946145,737762.9999364841,738195.9998660117,740318.0005071057,758269.0000147715
704228.9999085779,711647.9997155649,715671.9999438468,718864.9999779647,720422.0000143718,722802.9996903357,729217.9999857048,737762.9999364841,738195.9998660117,740318.0005071057,761890.0000236812
704228.9999085779,711647.9997155649,715671.9999438468,717164.9999757872,718864.9999779647,720422.0000143718,729217.9999857048,737762.9999364841,738195.9998660117,745956.0002216543,761890.0000236812
704228.9999085779,715671.9999438468,717164.9999757872,718864.9999779647,720422.0000143718,727647.9999874999,729217.9999857048,737762.9999364841,738195.9998660117,745889.9997517462,745956.0002216543
704228.9999085779,715148.0000349935,717164.9999757872,718864.9999779647,720945.9999232251,727647.9999874999,729217.9999857048,737762.9999364841,738195.9998660117,745889.9997517462,745956.0002216543
715148.0000349935,716508.9996695241,717164.9999757872,718864.9999779647,720945.9999232251,725916.0001050654,727647.9999874999,729217.9999857048,737762.9999364841,745889.9997517462,745956.0002216543
715148.0000349935,715678.9998325082,716508.9996695241,717164.9999757872,718864.9999779647,725916.0001050654,727647.9999874999,729217.9999857048,743030.0000272011,745889.9997517462,745956.0002216543
715148.0000349935,715678.9998325082,716508.9996695241,717164.9999757872,718864.9999779647,722293.0000205074,725916.0001050654,734572.9999526973,743030.0000272011,745889.9997517462,745956.0002216543
715148.0000349935,715678.9998325082,716508.9996695241,718864.9999779647,719692.0001375262,722293.0000205074,725916.0001050654,734572.9999526973,743030.0000272011,743429.0000599154,745889.9997517462
715678.9998325082,716508.9996695241,718864.9999779647,719692.0001375262,722293.0000205074,725916.0001050654,726007.9998204836,732170.000241711,734572.9999526973,743429.0000599154,745889.9997517462
715678.9998325082,716508.9996695241,718864.9999779647,719692.0001375262,720316.0001031054,725916.0001050654,726007.9998204836,734147.000159113,734572.9999526973,743429.0000599154,745889.9997517462
715678.9998325082,716046.0004780388,716508.9996695241,719692.0001375262,720316.0001031054,725916.0001050654,726007.9998204836,734147.000159113,734572.9999526973,745889.9997517462,746247.9995598412
715678.9998325082,716046.0004780388,716508.9996695241,719692.0001375262,720316.0001031054,725916.0001050654,726808.9999313838,733346.0000482128,734572.9999526973,745889.9997517462,746247.9995598412
701680.0001845167,715678.9998325082,716508.9996695241,720316.0001031054,725916.0001050654,726808.9999313838,733346.0000482128,734058.0004310483,734572.9999526973,745889.9997517462,746247.9995598412
701680.0001845167,713938.999999368,715678.9998325082,720316.0001031054,725916.0001050654,726808.9999313838,733346.0000482128,734058.0004310483,737142.9996228535,745889.9997517462,746247.9995598412
701680.0001845167,713938.999999368,715678.9998325082,720316.0001031054,725916.0001050654,726808.9999313838,733346.0000482128,734988.9997499248,737142.9996228535,745317.0002409648,745889.9997517462
712983.9998636809,713938.999999368,715678.9998325082,720316.0001031054,725916.0001050654,726808.9999313838,733346.0000482128,734586.0000725819,734988.9997499248,737142.9996228535,745317.0002409648
712983.9998636809,713938.999999368,715678.9998325082,720316.0001031054,725916.0001050654,726808.9999313838,726835.0003401957,733346.0000482128,734586.0000725819,737142.9996228535,753470.9996506938
712983.9998636809,713938.999999368,715678.9998325082,720316.0001031054,722262.999804691,726808.9999313838,726835.0003401957,733346.0000482128,734586.0000725819,740795.9999232279,753470.9996506938
713938.999999368,715100.0000975762,715678.9998325082,718199.9998692102,722262.999804691,726808.9999313838,726835.0003401957,733346.0000482128,734586.0000725819,740795.9999232279,753470.9996506938
713938.999999368,715100.0000975762,718199.9998692102,720346.9999889308,722262.999804691,726808.9999313838,726835.0003401957,728677.9998917902,734586.0000725819,740795.9999232279,753470.9996506938
713938.999999368,714438.9999251283,715100.0000975762,718199.9998692102,720346.9999889308,722262.999804691,726835.0003401957,734586.0000725819,740795.9999232279,741047.9998980457,753470.9996506938
706910.0000746541,714438.9999251283,718199.9998692102,720346.9999889308,722129.00002229,722262.999804691,726835.0003401957,734586.0000725819,740795.9999232279,741047.9998980457,753470.9996506938
706910.0000746541,714438.9999251283,717188.000101292,718199.9998692102,722129.00002229,722262.999804691,726835.0003401957,734586.0000725819,740795.9999232279,744206.9997856844,753470.9996506938
706910.0000746541,714438.9999251283,717188.000101292,722129.00002229,722203.0003554237,722262.999804691,722831.9998539822,734586.0000725819,740795.9999232279,744206.9997856844,753470.9996506938
713268.0000687079,714438.9999251283,715771.0000282363,717188.000101292,722203.0003554237,722262.999804691,722831.9998539822,734586.0000725819,740795.9999232279,744206.9997856844,753470.9996506938
713268.0000687079,714438.9999251283,715771.0000282363,722203.0003554237,722262.999804691,722831.9998539822,728869.999773364,732525.0001136124,734586.0000725819,740795.9999232279,753470.9996506938
713268.0000687079,714438.9999251283,715771.0000282363,718309.9999061469,722203.0003554237,722262.999804691,722831.9998539822,734586.0000725819,740795.9999232279,743084.9999808295,753470.9996506938
713268.0000687079,714438.9999251283,715771.0000282363,718309.9999061469,721109.9998857982,722203.0003554237,722262.999804691,734586.0000725819,740795.9999232279,743084.9999808295,755192.9996188779
692912.0000195848,714438.9999251283,718309.9999061469,721109.9998857982,722203.0003554237,722262.999804691,734586.0000725819,736127.0000773594,740795.9999232279,743084.9999808295,755192.9996188779
692912.0000195848,714438.9999251283,720616.0000572836,721109.9998857982,722203.0003554237,722262.999804691,734586.0000725819,736127.0000773594,740778.9998296929,740795.9999232279,755192.9996188779
692912.0000195848,714438.9999251283,718069.9999052159,720616.0000572836,721109.9998857982,722203.0003554237,734586.0000725819,736127.0000773594,740778.9998296929,744988.999822703,755192.9996188779
692912.0000195848,714438.9999251283,716869.9999926208,718069.9999052159,720616.0000572836,722203.0003554237,736127.0000773594,738825.9999657593,740778.9998296929,744988.999822703,755192.9996188779
692912.0000195848,714438.9999251283,716331.0000956873,716869.9999926208,720616.0000572836,722203.0003554237,736127.0000773594,738825.9999657593,740778.9998296929,746727.9996322314,755192.9996188779
692912.0000195848,700093.9997525908,716331.0000956873,716869.9999926208,722203.0003554237,734961.0002298211,736127.0000773594,738825.9999657593,740778.9998296929,746727.9996322314,755192.9996188779
692912.0000195848,700093.9997525908,714870.9998090537,716869.9999926208,722203.0003554237,734961.0002298211,736127.0000773594,738825.9999657593,740778.9998296929,748187.999918865,755192.9996188779
700093.9997525908,704227.0000782862,714870.9998090537,716869.9999926208,722203.0003554237,724812.000018658,734961.0002298211,738825.9999657593,740778.9998296929,748187.999918865,755192.9996188779
700093.9997525908,706679.000094591,714870.9998090537,716869.9999926208,722203.0003554237,724812.000018658,734961.0002298211,738326.999813388,738825.9999657593,748187.999918865,755192.9996188779
700093.9997525908,706679.000094591,714870.9998090537,716869.9999926208,724353.9998877276,724812.000018658,734961.0002298211,738326.999813388,738825.9999657593,748187.999918865,753042.000086574
700093.9997525908,706679.000094591,714870.9998090537,716869.9999926208,724812.000018658,728752.9998324562,734961.0002298211,738326.999813388,738825.9999657593,748187.999918865,748643.0001418453
700093.9997525908,714870.9998090537,716869.9999926208,724812.000018658,727357.000132183,727509.9998812731,728752.9998324562,734961.0002298211,738326.999813388,738825.9999657593,748643.0001418453
700093.9997525908,714870.9998090537,716869.9999926208,717602.0000397409,727357.000132183,728752.9998324562,734719.9998601902,734961.0002298211,738326.999813388,738825.9999657593,748643.0001418453
714870.9998090537,716869.9999926208,717602.0000397409,718428.9998234198,719991.9997425588,727357.000132183,728752.9998324562,734719.9998601902,734961.0002298211,738825.9999657593,748643.0001418453
714185.0000758045,714870.9998090537,717602.0000397409,718428.9998234198,719991.9997425588,727357.000132183,728752.9998324562,734719.9998601902,734961.0002298211,741510.9998825756,748643.0001418453
714185.0000758045,714870.9998090537,718190.0000626481,718428.9998234198,719991.9997425588,726769.0001092758,728752.9998324562,734719.9998601902,734961.0002298211,741510.9998825756,748643.0001418453
711311.9995505405,714185.0000758045,714870.9998090537,718190.0000626481,726769.0001092758,727109.0000154382,728752.9998324562,734719.9998601902,734961.0002298211,741510.9998825756,748643.0001418453
711311.9995505405,714185.0000758045,714870.9998090537,717444.0001321352,726769.0001092758,727854.999945951,728752.9998324562,734719.9998601902,734961.0002298211,741510.9998825756,748643.0001418453
711311.9995505405,714185.0000758045,717444.0001321352,718267.999749952,726769.0001092758,727854.999945951,728752.9998324562,731322.9999192918,734961.0002298211,741510.9998825756,748643.0001418453
711311.9995505405,714185.0000758045,717444.0001321352,718267.999749952,719493.9999143402,726769.0001092758,728752.9998324562,734961.0002298211,739683.9999509027,741510.9998825756,748643.0001418453
711311.9995505405,717444.0001321352,718267.999749952,719493.9999143402,724788.0001215502,726769.0001092758,728752.9998324562,730907.99983683,734961.0002298211,739683.9999509027,748643.0001418453
711311.9995505405,717444.0001321352,718267.999749952,719493.9999143402,721700.9995114447,724788.0001215502,726769.0001092758,730907.99983683,734961.0002298211,739683.9999509027,755695.0004628568
711311.9995505405,716587.0001519717,717444.0001321352,718267.999749952,719493.9999143402,721700.9995114447,724788.0001215502,730907.99983683,734961.0002298211,749865.9999082068,755695.0004628568
711311.9995505405,717444.0001321352,718267.999749952,719493.9999143402,721700.9995114447,724788.0001215502,730907.99983683,731942.999943125,734510.0001170535,734961.0002298211,755695.0004628568
711311.9995505405,717404.0000218294,718267.999749952,719493.9999143402,721700.9995114447,724788.0001215502,730907.99983683,731942.999943125,734510.0001170535,735001.0003401269,755695.0004628568
711311.9995505405,715528.0001809077,717404.0000218294,718267.999749952,719493.9999143402,724788.0001215502,730907.99983683,731942.999943125,734510.0001170535,735001.0003401269,761867.9997933939
711311.9995505405,715528.0001809077,717404.0000218294,718267.999749952,720497.0001089177,724788.0001215502,730907.99983683,731942.999943125,733506.999922476,735001.0003401269,761867.9997933939
699613.9997405405,711311.9995505405,715528.0001809077,717404.0000218294,724788.0001215502,730907.99983683,731942.999943125,733506.999922476,735001.0003401269,739151.0001183292,761867.9997933939
695313.9997489089,711311.9995505405,715528.0001809077,717404.0000218294,724788.0001215502,730907.99983683,731942.999943125,735001.0003401269,737806.9999141076,739151.0001183292,761867.9997933939
695313.9997489089,711311.9995505405,715528.0001809077,716773.0002641461,724788.0001215502,730907.99983683,731942.999943125,735632.0000978102,737806.9999141076,739151.0001183292,761867.9997933939
695313.9997489089,711311.9995505405,715528.0001809077,716773.0002641461,724788.0001215502,731942.999943125,733641.9998763906,735072.999874547,735632.0000978102,739151.0001183292,761867.9997933939
695313.9997489089,711311.9995505405,715177.9998758499,715528.0001809077,716773.0002641461,724788.0001215502,731942.999943125,735632.0000978102,739151.0001183292,753536.9998750876,761867.9997933939
695313.9997489089,711311.9995505405,714498.99999562,715177.9998758499,716773.0002641461,724788.0001215502,731942.999943125,735632.0000978102,739151.0001183292,753536.9998750876,762896.9999786816
709534.9998349617,711311.9995505405,714498.99999562,715177.9998758499,716773.0002641461,724788.0001215502,724930.0000322764,731942.999943125,735632.0000978102,753536.9998750876,762896.9999786816
709534.9998349617,711311.9995505405,714498.99999562,715177.9998758499,715894.0003029424,724788.0001215502,724930.0000322764,731942.999943125,736511.000059014,753536.9998750876,762896.9999786816
709534.9998349617,711311.9995505405,714498.99999562,715894.0003029424,721421.999881993,724788.0001215502,724930.0000322764,725698.9999369818,736511.000059014,753536.9998750876,762896.9999786816
709534.9998349617,711311.9995505405,714498.99999562,715894.0003029424,720609.0001800916,721421.999881993,724930.0000322764,725698.9999369818,736511.000059014,757715.9998165462,762896.9999786816
706447.9999063663,709534.9998349617,711311.9995505405,714498.99999562,715894.0003029424,720609.0001800916,724930.0000322764,736511.000059014,740672.9999126085,757715.9998165462,762896.9999786816
709534.9998349617,711311.9995505405,714498.99999562,714770.9998049559,715894.0003029424,720609.0001800916,724930.0000322764,736511.000059014,740672.9999126085,749392.9999179567,762896.9999786816
711311.9995505405,714498.99999562,714770.9998049559,715894.0003029424,720609.0001800916,724930.0000322764,727497.9999546078,731429.9997983106,736511.000059014,740672.9999126085,762896.9999786816
711311.9995505405,714498.99999562,714770.9998049559,715894.0003029424,717362.0001209755,720609.0001800916,727497.9999546078,731429.9997983106,736511.000059014,748240.9998239094,762896.9999786816
711311.9995505405,711903.0000349833,714498.99999562,715894.0003029424,717362.0001209755,723476.9999500642,727497.9999546078,731429.9997983106,736511.000059014,748240.9998239094,762896.9999786816
711311.9995505405,713968.999863989,714498.99999562,715894.0003029424,717362.0001209755,723476.9999500642,725432.0001256021,731429.9997983106,736511.000059014,748240.9998239094,762896.9999786816
711311.9995505405,713968.999863989,714333.0002987265,714498.99999562,717362.0001209755,723476.9999500642,725432.0001256021,731429.9997983106,738072.0000632298,748240.9998239094,762896.9999786816
711311.9995505405,713968.999863989,714333.0002987265,714498.99999562,717362.0001209755,723222.0000764322,725432.0001256021,731429.9997983106,738072.0000632298,748240.9998239094,763151.9998523135
711311.9995505405,714333.0002987265,714498.99999562,716513.9999559978,717362.0001209755,723222.0000764322,725432.0001256021,728884.9997063017,738072.0000632298,748240.9998239094,763151.9998523135
714333.0002987265,714498.99999562,716513.9999559978,717362.0001209755,721915.0002525842,723222.0000764322,725432.0001256021,727468.999361186,728884.9997063017,748240.9998239094,763151.9998523135
714333.0002987265,714498.99999562,716513.9999559978,717362.0001209755,721915.0002525842,723222.0000764322,725432.0001256021,727468.999361186,729158.9998316007,748240.9998239094,762877.9997270146
714333.0002987265,714498.99999562,717362.0001209755,720174.9998437698,721915.0002525842,723222.0000764322,725432.0001256021,725497.9999438287,727468.999361186,748240.9998239094,762877.9997270146
696812.0005673942,714333.0002987265,717362.0001209755,720174.9998437698,721915.0002525842,725432.0001256021,725497.9999438287,727468.999361186,740908.999504658,748240.9998239094,762877.9997270146
696812.0005673942,713966.9999486108,717362.0001209755,720174.9998437698,721915.0002525842,725432.0001256021,725497.9999438287,727834.9997113018,740908.999504658,748240.9998239094,762877.9997270146
696812.0005673942,713966.9999486108,717362.0001209755,720174.9998437698,721165.0000184227,721915.0002525842,725432.0001256021,727834.9997113018,740908.999504658,752573.9997493153,762877.9997270146
696812.0005673942,713966.9999486108,717362.0001209755,721165.0000184227,721915.0002525842,725432.0001256021,727834.9997113018,731631.9997670266,740908.999504658,741116.9998260585,762877.9997270146
696812.0005673942,713966.9999486108,717362.0001209755,721915.0002525842,725432.0001256021,727834.9997113018,731631.9997670266,732311.9999012428,740908.999504658,741116.9998260585,751730.9998441945
696812.0005673942,700991.9997306152,717362.0001209755,721915.0002525842,725432.0001256021,731631.9997670266,732311.9999012428,740809.9999292974,740908.999504658,741116.9998260585,751730.9998441945
696812.0005673942,700991.9997306152,713341.0000013649,721915.0002525842,725432.0001256021,731631.9997670266,736333.0000208535,740809.9999292974,740908.999504658,741116.9998260585,751730.9998441945
696812.0005673942,700991.9997306152,721915.0002525842,722050.9999934267,725432.0001256021,731631.9997670266,736333.0000208535,740809.9999292974,740908.999504658,741116.9998260585,743020.9998521326
696812.0005673942,700991.9997306152,715527.0001472251,721915.0002525842,722050.9999934267,731631.9997670266,740809.9999292974,740908.999504658,741116.9998260585,743020.9998521326,746237.9999992305
696812.0005673942,700991.9997306152,714982.9997918505,715527.0001472251,721915.0002525842,722050.9999934267,740809.9999292974,740908.999504658,743020.9998521326,746237.9999992305,757765.9998012347
696812.0005673942,700991.9997306152,714982.9997918505,716908.9998846136,721915.0002525842,722050.9999934267,740809.9999292974,740908.999504658,743020.9998521326,746237.9999992305,756384.0000638462
699550.0005313647,700991.9997306152,714982.9997918505,716908.9998846136,721915.0002525842,722050.9999934267,740282.9998881621,740809.9999292974,740908.999504658,746237.9999992305,756384.0000638462
700991.9997306152,714982.9997918505,716908.9998846136,717455.0005522213,721915.0002525842,722050.9999934267,728332.9999783739,740282.9998881621,740809.9999292974,740908.999504658,756384.0000638462
699954.9997878605,700991.9997306152,717455.0005522213,721915.0002525842,722050.9999934267,728332.9999783739,731936.9998886035,740282.9998881621,740809.9999292974,740908.999504658,756384.0000638462
699954.9997878605,700991.9997306152,717455.0005522213,721915.0002525842,722050.9999934267,728332.9999783739,730929.9998898755,740282.9998881621,740809.9999292974,740908.999504658,757391.0000625742
699954.9997878605,700991.9997306152,715285.9998808899,717455.0005522213,722050.9999934267,728332.9999783739,730929.9998898755,740282.9998881621,740908.999504658,747439.0003009917,757391.0000625742
699954.9997878605,700991.9997306152,714725.000011804,715285.9998808899,717455.0005522213,722050.9999934267,728332.9999783739,740908.999504658,747439.0003009917,756487.9997662336,757391.0000625742
700991.9997306152,714725.000011804,715285.9998808899,717455.0005522213,722050.9999934267,722091.9998885653,728332.9999783739,735253.9999618694,740908.999504658,747439.0003009917,756487.9997662336
700991.9997306152,714725.000011804,715285.9998808899,716626.0000592248,717455.0005522213,722050.9999934267,728332.9999783739,740719.9997912099,740908.999504658,747439.0003009917,756487.9997662336
700991.9997306152,714725.000011804,715285.9998808899,717455.0005522213,722050.9999934267,722936.9999707071,728332.9999783739,740719.9997912099,740908.999504658,747439.0003009917,750176.9998547514
700991.9997306152,714725.000011804,715285.9998808899,722050.9999934267,722936.9999707071,726740.9997900111,728332.9999783739,740719.9997912099,740891.0006169616,740908.999504658,747439.0003009917
700991.9997306152,713881.9999235712,715285.9998808899,722050.9999934267,722936.9999707071,726740.9997900111,729176.0000666067,740719.9997912099,740891.0006169616,740908.999504658,747439.0003009917
700991.9997306152,713007.9999011287,713881.9999235712,715285.9998808899,722936.9999707071,729176.0000666067,735783.9998823091,740719.9997912099,740891.0006169616,740908.999504658,747439.0003009917
700991.9997306152,713007.9999011287,713094.0001226824,713881.9999235712,715285.9998808899,722936.9999707071,735783.9998823091,740719.9997912099,740908.999504658,747439.0003009917,756973.0005608859
700991.9997306152,713007.9999011287,713094.0001226824,713881.9999235712,719924.0001202733,722936.9999707071,735783.9998823091,740719.9997912099,740908.999504658,742801.0000616083,756973.0005608859
692116.9996701331,713007.9999011287,713094.0001226824,713881.9999235712,722936.9999707071,728799.0001807554,735783.9998823091,740719.9997912099,740908.999504658,742801.0000616083,756973.0005608859
692116.9996701331,709208.9998333905,713094.0001226824,713881.9999235712,722936.9999707071,728799.0001807554,739582.9999500473,740719.9997912099,740908.999504658,742801.0000616083,756973.0005608859
692116.9996701331,713094.0001226824,713881.9999235712,722936.9999707071,723416.9999338608,725374.999849577,728799.0001807554,740719.9997912099,740908.999504658,742801.0000616083,756973.0005608859
692116.9996701331,713881.9999235712,714505.0001342057,722936.9999707071,723416.9999338608,725374.999849577,728799.0001807554,739308.9997796867,740908.999504658,742801.0000616083,756973.0005608859
692116.9996701331,713881.9999235712,714505.0001342057,715918.000221435,722936.9999707071,723416.9999338608,725374.999849577,739308.9997796867,740908.999504658,755682.0000209287,756973.0005608859
693736.0000673233,713881.9999235712,714505.0001342057,715918.000221435,721797.9995366706,722936.9999707071,725374.999849577,739308.9997796867,740908.999504658,755682.0000209287,756973.0005608859
693736.0000673233,705932.0000573737,715918.000221435,721797.9995366706,722455.0000004033,722936.9999707071,725374.999849577,739308.9997796867,740908.999504658,755682.0000209287,756973.0005608859
693736.0000673233,705932.0000573737,715918.000221435,717996.9998408684,721797.9995366706,722936.9999707071,729833.0000091118,739308.9997796867,740908.999504658,755682.0000209287,756973.0005608859
693736.0000673233,715918.000221435,717414.0001184881,717996.9998408684,718350.9999479975,721797.9995366706,722936.9999707071,739308.9997796867,740908.999504658,755682.0000209287,756973.0005608859
693736.0000673233,703572.0001847434,715918.000221435,717996.9998408684,721797.9995366706,722936.9999707071,732192.9998817422,739308.9997796867,740908.999504658,755682.0000209287,756973.0005608859
693736.0000673233,703572.0001847434,717996.9998408684,721797.9995366706,722936.9999707071,729547.0001948867,732192.9998817422,739308.9997796867,740908.999504658,742053.000047477,756973.0005608859
693736.0000673233,703572.0001847434,721797.9995366706,722936.9999707071,723932.0005622328,729547.0001948867,732192.9998817422,739308.9997796867,740908.999504658,742053.000047477,751037.9998395215
693736.0000673233,703572.0001847434,713341.0005019427,721797.9995366706,722936.9999707071,729547.0001948867,732192.9998817422,739308.9997796867,740908.999504658,742053.000047477,761628.9998998116
693736.0000673233,703572.0001847434,713341.0005019427,721797.9995366706,725812.0000212024,729547.0001948867,732192.9998817422,736433.9997291914,740908.999504658,742053.000047477,761628.9998998116
693736.0000673233,703572.0001847434,721797.9995366706,724133.0000220216,725812.0000212024,729547.0001948867,730116.9999845792,732192.9998817422,736433.9997291914,742053.000047477,761628.9998998116
693736.0000673233,703572.0001847434,713336.0000518662,724133.0000220216,725812.0000212024,730116.9999845792,732192.9998817422,736433.9997291914,738008.9996796912,742053.000047477,761628.9998998116
693736.0000673233,703572.0001847434,722265.9996319828,724133.0000220216,725812.0000212024,730116.9999845792,732192.9998817422,733123.0004673604,736433.9997291914,738008.9996796912,761628.9998998116
693736.0000673233,703572.0001847434,724133.0000220216,725812.0000212024,727240.000099434,728148.9999999091,730116.9999845792,732192.9998817422,736433.9997291914,738008.9996796912,761628.9998998116
693736.0000673233,703572.0001847434,713116.0004565334,725812.0000212024,727240.000099434,728148.9999999091,732192.9998817422,736433.9997291914,738008.9996796912,741133.9995500674,761628.9998998116
693736.0000673233,703572.0001847434,713116.0004565334,724578.0003074722,725812.0000212024,730810.999791871,732192.9998817422,736433.9997291914,738008.9996796912,741133.9995500674,761628.9998998116
693736.0000673233,703572.0001847434,713116.0004565334,714915.0002018593,725812.0000212024,732192.9998817422,736433.9997291914,738008.9996796912,740473.999897484,741133.9995500674,761628.9998998116
693736.0000673233,711740.0001335564,713116.0004565334,714915.0002018593,717644.0000723894,732192.9998817422,736433.9997291914,738008.9996796912,740473.999897484,741133.9995500674,761628.9998998116
693736.0000673233,713116.0004565334,714915.0002018593,716126.0000451874,717644.0000723894,732047.9998175604,732192.9998817422,738008.9996796912,740473.999897484,741133.9995500674,761628.9998998116
693736.0000673233,714915.0002018593,716126.0000451874,717644.0000723894,720565.0001436,732047.9998175604,732192.9998817422,733684.9998630007,738008.9996796912,740473.999897484,761628.9998998116
712316.9996555275,714915.0002018593,716126.0000451874,717644.0000723894,719428.000091487,720565.0001436,732047.9998175604,732192.9998817422,733684.9998630007,740473.999897484,761628.9998998116
712316.9996555275,714915.0002018593,715481.0001082865,717644.0000723894,720073.0000283879,720565.0001436,732047.9998175604,732192.9998817422,733684.9998630007,740473.999897484,761628.9998998116
712316.9996555275,712642.0000384527,714915.0002018593,717644.0000723894,720565.0001436,722912.0000982217,732047.9998175604,732192.9998817422,733684.9998630007,740473.999897484,761628.9998998116
712316.9996555275,714915.0002018593,717644.0000723894,720565.0001436,722912.0000982217,729912.9999696284,732047.9998175604,732192.9998817422,733684.9998630007,740473.999897484,744357.9999686358
712316.9996555275,714915.0002018593,715080.9999272197,720565.0001436,722912.0000982217,729912.9999696284,732047.9998175604,733684.9998630007,734756.0000269118,740473.999897484,744357.9999686358
712316.9996555275,714915.0002018593,715080.9999272197,720565.0001436,729912.9999696284,731471.0001887709,732047.9998175604,733684.9998630007,734756.0000269118,735798.9998780866,740473.999897484
712316.9996555275,714915.0002018593,720565.0001436,721113.9998275087,729765.9999777976,729912.9999696284,731471.0001887709,732047.9998175604,733684.9998630007,734756.0000269118,740473.999897484
712316.9996555275,714915.0002018593,719118.9999945166,720565.0001436,729765.9999777976,729912.9999696284,732047.9998175604,733466.000021763,733684.9998630007,734756.0000269118,740473.999897484
712316.9996555275,714873.9999542354,714915.0002018593,719118.9999945166,729912.9999696284,732047.9998175604,733466.000021763,733684.9998630007,734756.0000269118,735457.0001671623,740473.999897484
712316.9996555275,714333.9998582136,714873.9999542354,714915.0002018593,729912.9999696284,732047.9998175604,733684.9998630007,734756.0000269118,735457.0001671623,738251.0001580662,740473.999897484
712316.9996555275,714275.9999363233,714333.9998582136,714915.0002018593,729912.9999696284,732047.9998175604,734282.9998809128,734756.0000269118,735457.0001671623,738251.0001580662,740473.999897484
712316.9996555275,713308.9999694552,714275.9999363233,714915.0002018593,729912.9999696284,732047.9998175604,734282.9998809128,734756.0000269118,735457.0001671623,739276.0000468246,740473.999897484
712316.9996555275,713308.9999694552,714915.0002018593,718713.999811236,727609.9999426476,729912.9999696284,734282.9998809128,734756.0000269118,735457.0001671623,739276.0000468246,740473.999897484
712316.9996555275,713308.9999694552,714634.000166695,714915.0002018593,718713.999811236,727609.9999426476,729912.9999696284,734756.0000269118,739276.0000468246,740473.999897484,755105.9998813801
712316.9996555275,713308.9999694552,714634.000166695,714915.0002018593,720697.9998558345,725625.9998980492,729912.9999696284,734756.0000269118,739276.0000468246,740473.999897484,755105.9998813801
712316.9996555275,713308.9999694552,714915.0002018593,716539.0000893637,720697.9998558345,725625.9998980492,729912.9999696284,734756.0000269118,739276.0000468246,740473.999897484,753200.9999587114
713308.9999694552,714915.0002018593,716539.0000893637,718062.0000581148,720697.9998558345,725625.9998980492,729912.9999696284,733530.9996442373,734756.0000269118,740473.999897484,753200.9999587114
713308.9999694552,714915.0002018593,716539.0000893637,718062.0000581148,720697.9998558345,721418.0000238698,729912.9999696284,733530.9996442373,738963.9999010912,740473.999897484,753200.9999587114
705768.0000503245,714915.0002018593,716539.0000893637,718062.0000581148,721418.0000238698,728238.9997749652,729912.9999696284,733530.9996442373,738963.9999010912,740473.999897484,753200.9999587114
705768.0000503245,714915.0002018593,716539.0000893637,718062.0000581148,721418.0000238698,721757.9998233349,729912.9999696284,733530.9996442373,740473.999897484,745444.9998527216,753200.9999587114
705768.0000503245,714915.0002018593,716539.0000893637,718062.0000581148,720136.999798161,721757.9998233349,729912.9999696284,733530.9996442373,740473.999897484,746726.0000784304,753200.9999587114
705768.0000503245,714915.0002018593,716539.0000893637,718062.0000581148,720136.999798161,721757.9998233349,724815.999955375,729912.9999696284,746726.0000784304,749188.9995863463,753200.9999587114
705768.0000503245,714915.0002018593,716539.0000893637,718062.0000581148,720136.999798161,721757.9998233349,724815.999955375,728994.0000668333,747644.9999812255,749188.9995863463,753200.9999587114
705768.0000503245,714260.9999932055,714915.0002018593,716539.0000893637,718062.0000581148,721757.9998233349,724815.999955375,728994.0000668333,749188.9995863463,753200.9999587114,753520.9997861809
705768.0000503245,714260.9999932055,714915.0002018593,718062.0000581148,721757.9998233349,724815.999955375,728994.0000668333,734534.9999241543,735205.0001239209,749188.9995863463,753520.9997861809
711815.999889449,714260.9999932055,714915.0002018593,715709.9999842104,718062.0000581148,724815.999955375,728994.0000668333,734534.9999241543,735205.0001239209,749188.9995863463,753520.9997861809
711815.999889449,714260.9999932055,714915.0002018593,718062.0000581148,718470.9998913095,724815.999955375,726233.0001597342,734534.9999241543,735205.0001239209,749188.9995863463,753520.9997861809
699775.0000389063,711815.999889449,714915.0002018593,718062.0000581148,718470.9998913095,724815.999955375,734534.9999241543,735205.0001239209,740719.0001140333,749188.9995863463,753520.9997861809
699775.0000389063,711815.999889449,714915.0002018593,718062.0000581148,718470.9998913095,721631.0000003006,734534.9999241543,735205.0001239209,740719.0001140333,752373.9995414207,753520.9997861809
699775.0000389063,711815.999889449,714915.0002018593,718470.9998913095,721631.0000003006,734534.9999241543,735167.9997263107,735205.0001239209,736415.000117985,740719.0001140333,752373.9995414207
699775.0000389063,711815.999889449,714915.0002018593,718470.9998913095,721631.0000003006,733470.9996939853,734534.9999241543,735205.0001239209,736415.000117985,740719.0001140333,754070.9995737461
693504.9998926215,714915.0002018593,718086.0000357338,718470.9998913095,721631.0000003006,733470.9996939853,734534.9999241543,735205.0001239209,736415.000117985,740719.0001140333,754070.9995737461
693504.9998926215,714915.0002018593,718086.0000357338,718470.9998913095,721631.0000003006,730282.9996881583,734534.9999241543,735205.0001239209,739603.000123812,740719.0001140333,754070.9995737461
693504.9998926215,714915.0002018593,718470.9998913095,721631.0000003006,729150.0000185352,729655.000131232,730282.9996881583,734534.9999241543,735205.0001239209,739603.000123812,754070.9995737461
693504.9998926215,714915.0002018593,718470.9998913095,719149.9999644068,721631.0000003006,729655.000131232,730282.9996881583,734534.9999241543,739603.000123812,745205.0001780492,754070.9995737461
693504.9998926215,714915.0002018593,718470.9998913095,721631.0000003006,729655.000131232,730282.9996881583,731518.000168726,732836.9999737301,734534.9999241543,739603.000123812,754070.9995737461
693504.9998926215,716702.00027681,718470.9998913095,721631.0000003006,729655.000131232,730282.9996881583,731518.000168726,732836.9999737301,734534.9999241543,739603.000123812,752283.9994987954
693504.9998926215,716702.00027681,718470.9998913095,721631.0000003006,728237.9995645183,729655.000131232,731518.000168726,732836.9999737301,734534.9999241543,739603.000123812,754328.9996224353
693504.9998926215,716702.00027681,718470.9998913095,721631.0000003006,727153.0001577334,728237.9995645183,729655.000131232,734534.9999241543,737201.9999847226,739603.000123812,754328.9996224353
693504.9998926215,715337.9998755445,716702.00027681,721631.0000003006,727153.0001577334,728237.9995645183,732788.000146997,734534.9999241543,737201.9999847226,739603.000123812,754328.9996224353
693504.9998926215,715337.9998755445,716702.00027681,721631.0000003006,728237.9995645183,731007.9998716133,732788.000146997,733347.0002708427,734534.9999241543,739603.000123812,754328.9996224353
693504.9998926215,715337.9998755445,716702.00027681,721631.0000003006,728225.0000943284,728237.9995645183,732788.000146997,734534.9999241543,736130.0000481276,739603.000123812,754328.9996224353
693504.9998926215,715337.9998755445,716702.00027681,721631.0000003006,728225.0000943284,728237.9995645183,734534.9999241543,735514.0001125117,736130.0000481276,736877.0001582974,754328.9996224353
693504.9998926215,715337.9998755445,716702.00027681,721631.0000003006,725207.0001064733,728225.0000943284,728237.9995645183,734534.9999241543,735514.0001125117,747800.0000999516,754328.9996224353
693504.9998926215,715337.9998755445,716702.00027681,721631.0000003006,725207.0001064733,728237.9995645183,734263.0001566116,734534.9999241543,735514.0001125117,741762.0000376685,754328.9996224353
693504.9998926215,715337.9998755445,716702.00027681,721631.0000003006,725207.0001064733,727132.999559015,734263.0001566116,734534.9999241543,736619.000118015,741762.0000376685,754328.9996224353
693504.9998926215,715051.0001534276,715337.9998755445,716702.00027681,721631.0000003006,727132.999559015,734263.0001566116,734534.9999241543,741762.0000376685,746775.0000710607,754328.9996224353
693504.9998926215,715051.0001534276,715337.9998755445,716702.00027681,718997.9998815067,729765.999677809,734263.0001566116,734534.9999241543,741762.0000376685,746775.0000710607,754328.9996224353
693504.9998926215,715051.0001534276,715337.9998755445,716702.00027681,723430.9998460067,729765.999677809,734263.0001566116,734534.9999241543,741762.0000376685,746775.0000710607,749895.9996579352
693504.9998926215,715051.0001534276,715337.9998755445,720527.0004209375,723430.9998460067,725940.9995336814,734263.0001566116,734534.9999241543,741762.0000376685,746775.0000710607,749895.9996579352
693504.9998926215,715051.0001534276,715337.9998755445,720527.0004209375,723430.9998460067,724908.9999300338,725940.9995336814,734534.9999241543,741762.0000376685,746775.0000710607,759249.999884513
693504.9998926215,715051.0001534276,715337.9998755445,720527.0004209375,723430.9998460067,724908.9999300338,725940.9995336814,733437.0001144788,742859.999847344,746775.0000710607,759249.999884513
693504.9998926215,715051.0001534276,715337.9998755445,720527.0004209375,723430.9998460067,723461.9999840127,725940.9995336814,733437.0001144788,742859.999847344,746775.0000710607,760696.9998305341
693504.9998926215,715051.0001534276,715337.9998755445,720306.0002048993,723430.9998460067,723461.9999840127,726161.9997497196,733437.0001144788,742859.999847344,746775.0000710607,760696.9998305341
693504.9998926215,702563.9999139208,715051.0001534276,715337.9998755445,723461.9999840127,726161.9997497196,733437.0001144788,741173.0001369853,742859.999847344,746775.0000710607,760696.9998305341
693504.9998926215,702563.9999139208,715051.0001534276,715337.9998755445,723461.9999840127,726161.9997497196,727588.0000310674,741173.0001369853,746775.0000710607,748708.9999307552,760696.9998305341
693504.9998926215,702563.9999139208,714051.9999914624,715051.0001534276,715337.9998755445,726161.9997497196,727588.0000310674,741173.0001369853,746775.0000710607,758118.9999233055,760696.9998305341
693504.9998926215,702563.9999139208,714051.9999914624,715051.0001534276,715337.9998755445,727588.0000310674,733426.9999123621,733907.9999743429,746775.0000710607,758118.9999233055,760696.9998305341
693504.9998926215,702563.9999139208,714051.9999914624,715337.9998755445,722946.0000817839,726013.0000459866,727588.0000310674,733426.9999123621,746775.0000710607,758118.9999233055,760696.9998305341
693633.9998832945,702563.9999139208,714051.9999914624,715208.9998848715,722946.0000817839,726013.0000459866,727588.0000310674,733426.9999123621,746775.0000710607,758118.9999233055,760696.9998305341
693633.9998832945,702563.9999139208,714051.9999914624,715208.9998848715,718227.9996449598,726013.0000459866,727588.0000310674,738145.0003491861,746775.0000710607,758118.9999233055,760696.9998305341
693633.9998832945,702563.9999139208,715208.9998848715,717843.9998974171,718227.9996449598,723796.0001251127,726013.0000459866,738145.0003491861,746775.0000710607,758118.9999233055,760696.9998305341
693633.9998832945,702563.9999139208,715208.9998848715,716393.9999679464,718227.9996449598,723796.0001251127,726013.0000459866,738145.0003491861,746775.0000710607,759568.9998527762,760696.9998305341
693633.9998832945,708420.0003023288,715208.9998848715,716393.9999679464,718227.9996449598,723796.0001251127,726013.0000459866,732288.999960778,746775.0000710607,759568.9998527762,760696.9998305341
693633.9998832945,708420.0003023288,714717.9999125297,715208.9998848715,718227.9996449598,723796.0001251127,726013.0000459866,732288.999960778,746775.0000710607,760696.9998305341,761244.9999081929
693633.9998832945,708420.0003023288,715208.9998848715,715890.9997475969,718227.9996449598,723796.0001251127,726013.0000459866,732288.999960778,746775.0000710607,760072.0000731257,760696.9998305341
693633.9998832945,708420.0003023288,715208.9998848715,718227.9996449598,723796.0001251127,726013.0000459866,732288.999960778,734623.9999569235,741338.9998637991,746775.0000710607,760696.9998305341
693633.9998832945,708420.0003023288,709775.9998832727,715208.9998848715,723796.0001251127,726013.0000459866,734623.9999569235,740740.9997224652,741338.9998637991,746775.0000710607,760696.9998305341
693633.9998832945,708420.0003023288,709775.9998832727,720113.9999966333,721107.9999342249,723796.0001251127,734623.9999569235,740740.9997224652,741338.9998637991,746775.0000710607,760696.9998305341
693633.9998832945,708420.0003023288,709775.9998832727,720113.9999966333,721107.9999342249,723796.0001251127,729595.0000304739,740740.9997224652,741338.9998637991,751803.9999975103,760696.9998305341
693633.9998832945,708420.0003023288,709775.9998832727,720113.9999966333,721107.9999342249,723796.0001251127,730705.9998011545,740740.9997224652,741338.9998637991,750693.0002268298,760696.9998305341
693633.9998832945,708420.0003023288,709775.9998832727,718793.0000526754,720113.9999966333,721107.9999342249,723796.0001251127,740740.9997224652,741338.9998637991,760696.9998305341,762605.9999753088
693633.9998832945,708420.0003023288,709775.9998832727,718573.9999492501,718793.0000526754,721107.9999342249,723796.0001251127,740740.9997224652,741338.9998637991,762236.9998779172,762605.9999753088
693633.9998832945,708420.0003023288,709775.9998832727,713785.0000400012,718793.0000526754,723796.0001251127,725896.9998434738,740740.9997224652,741338.9998637991,762236.9998779172,762605.9999753088
693633.9998832945,707950.9999843038,708420.0003023288,709775.9998832727,718793.0000526754,723796.0001251127,731730.9998991712,740740.9997224652,741338.9998637991,762236.9998779172,762605.9999753088
693633.9998832945,708420.0003023288,709775.9998832727,718793.0000526754,723796.0001251127,731730.9998991712,733768.999845582,736788.0001140307,740740.9997224652,741338.9998637991,762236.9998779172
693633.9998832945,708420.0003023288,709775.9998832727,723796.0001251127,727114.0001297563,731730.9998991712,733768.999845582,736788.0001140307,740740.9997224652,741338.9998637991,753915.9998008363
693633.9998832945,709775.9998832727,715985.0002377549,723796.0001251127,727114.0001297563,731730.9998991712,733175.9997870391,733768.999845582,736788.0001140307,741338.9998637991,753915.9998008363
693633.9998832945,709775.9998832727,715985.0002377549,723796.0001251127,727114.0001297563,728716.0000925602,731730.9998991712,733175.9997870391,741338.9998637991,741840.9998670524,753915.9998008363
693633.9998832945,701633.0001607727,723796.0001251127,724127.9999602549,727114.0001297563,728716.0000925602,731730.9998991712,733175.9997870391,741338.9998637991,741840.9998670524,753915.9998008363
693633.9998832945,701633.0001607727,723796.0001251127,724127.9999602549,727114.0001297563,727891.0000435566,731730.9998991712,733175.9997870391,741338.9998637991,741840.9998670524,754740.99984984
693633.9998832945,701633.0001607727,715744.9999242877,723796.0001251127,724127.9999602549,727891.0000435566,733175.9997870391,741338.9998637991,741840.9998670524,743100.0001046398,754740.99984984
693633.9998832945,695919.999932254,715744.9999242877,723796.0001251127,724127.9999602549,727891.0000435566,738889.0000155577,741338.9998637991,741840.9998670524,743100.0001046398,754740.99984984
693633.9998832945,695919.999932254,715744.9999242877,723796.0001251127,724127.9999602549,727891.0000435566,738732.0000624456,738889.0000155577,741338.9998637991,741840.9998670524,759108.9998920341
693633.9998832945,695919.999932254,712977.9999197416,723796.0001251127,724127.9999602549,727891.0000435566,738732.0000624456,738889.0000155577,741338.9998637991,744607.9998715984,759108.9998920341
693633.9998832945,695919.999932254,712977.9999197416,717442.0000246164,723796.0001251127,724127.9999602549,738732.0000624456,738889.0000155577,741338.9998637991,755056.9998905386,759108.9998920341
695919.999932254,710820.999914109,712977.9999197416,717442.0000246164,723796.0001251127,724127.9999602549,737869.9998597241,738732.0000624456,738889.0000155577,741338.9998637991,759108.9998920341
710820.999914109,712977.9999197416,717442.0000246164,723796.0001251127,724127.9999602549,725174.9999874083,729853.9998368797,737869.9998597241,738732.0000624456,738889.0000155577,741338.9998637991
710820.999914109,716486.999971422,717442.0000246164,723796.0001251127,724127.9999602549,725174.9999874083,726344.9997851993,737869.9998597241,738732.0000624456,738889.0000155577,741338.9998637991
710820.999914109,716486.999971422,717442.0000246164,719454.9998421806,723796.0001251127,724127.9999602549,725174.9999874083,737869.9998597241,738889.0000155577,741338.9998637991,745622.0000054642
710820.999914109,717442.0000246164,719454.9998421806,721232.0000126979,723796.0001251127,724127.9999602549,725174.9999874083,733124.9998184482,738889.0000155577,741338.9998637991,745622.0000054642
710820.999914109,715142.999386745,717442.0000246164,719454.9998421806,721232.0000126979,723796.0001251127,725174.9999874083,733124.9998184482,741338.9998637991,745622.0000054642,747874.0005890676
710820.999914109,715142.999386745,716351.0003917608,717442.0000246164,719454.9998421806,721232.0000126979,725174.9999874083,733124.9998184482,745622.0000054642,747874.0005890676,748783.9995971508
710820.999914109,715142.999386745,716351.0003917608,719454.9998421806,721232.0000126979,725174.9999874083,727063.9999815836,733124.9998184482,736000.000048497,747874.0005890676,748783.9995971508
710820.999914109,715142.999386745,716351.0003917608,721232.0000126979,725174.9999874083,726653.0000605402,727063.9999815836,728801.9998301375,733124.9998184482,747874.0005890676,748783.9995971508
710820.999914109,715142.999386745,716351.0003917608,721232.0000126979,721766.0007901972,726653.0000605402,727063.9999815836,728801.9998301375,733124.9998184482,748783.9995971508,751282.9997862787
710820.999914109,715142.999386745,716351.0003917608,721232.0000126979,721766.0007901972,724297.9999515915,726653.0000605402,731567.9998601296,733124.9998184482,748783.9995971508,751282.9997862787
715142.999386745,716260.9997802988,716351.0003917608,721232.0000126979,721766.0007901972,724297.9999515915,726653.0000605402,727684.9999522584,731567.9998601296,748783.9995971508,751282.9997862787
714593.0000299851,716260.9997802988,716351.0003917608,721232.0000126979,722316.0001469571,724297.9999515915,726653.0000605402,727684.9999522584,731567.9998601296,748783.9995971508,751282.9997862787
714593.0000299851,716155.9998619005,716351.0003917608,721232.0000126979,722316.0001469571,724297.9999515915,726653.0000605402,727789.9998706568,731567.9998601296,748783.9995971508,751282.9997862787
714593.0000299851,716155.9998619005,716351.0003917608,721232.0000126979,722316.0001469571,723022.9999754048,727789.9998706568,727928.0000367268,731567.9998601296,748783.9995971508,751282.9997862787
712993.9999898502,714593.0000299851,716155.9998619005,716351.0003917608,721232.0000126979,722316.0001469571,727789.9998706568,727928.0000367268,741596.9998456842,748783.9995971508,751282.9997862787
708107.0001167296,714593.0000299851,716155.9998619005,716351.0003917608,721232.0000126979,722316.0001469571,727789.9998706568,732814.9999098475,741596.9998456842,748783.9995971508,751282.9997862787
708107.0001167296,714593.0000299851,715994.9999677107,716155.9998619005,716351.0003917608,722316.0001469571,732814.9999098475,733026.999915644,741596.9998456842,748783.9995971508,751282.9997862787
708107.0001167296,714593.0000299851,715994.9999677107,716155.9998619005,722316.0001469571,730187.9999737106,732814.9999098475,733026.999915644,734947.000015201,741596.9998456842,751282.9997862787
708107.0001167296,713075.000079054,715994.9999677107,716155.9998619005,722316.0001469571,730187.9999737106,732814.9999098475,733026.999915644,734947.000015201,741596.9998456842,752800.9997372098
708107.0001167296,713075.000079054,715994.9999677107,716155.9998619005,721788.9999755238,722316.0001469571,732814.9999098475,733026.999915644,734947.000015201,749995.999843871,752800.9997372098
708107.0001167296,713075.000079054,715994.9999677107,716155.9998619005,721788.9999755238,722316.0001469571,726172.9999995201,732814.9999098475,733026.999915644,752800.9997372098,758769.9998595519
707925.00021989,708107.0001167296,713075.000079054,715994.9999677107,716155.9998619005,722316.0001469571,732814.9999098475,733026.999915644,740036.9997551539,752800.9997372098,758769.9998595519
707925.00021989,713075.000079054,714008.9998959396,715994.9999677107,716155.9998619005,722316.0001469571,727125.000136434,732814.9999098475,740036.9997551539,752800.9997372098,758769.9998595519
707925.00021989,713075.000079054,714008.9998959396,715994.9999677107,716155.9998619005,722316.0001469571,724725.0002249076,735214.999821374,740036.9997551539,752800.9997372098,758769.9998595519
710536.9997881998,713075.000079054,714008.9998959396,715994.9999677107,716155.9998619005,722316.0001469571,724725.0002249076,735214.999821374,737425.0001868441,752800.9997372098,758769.9998595519
694993.9995946658,710536.9997881998,713075.000079054,715994.9999677107,722316.0001469571,724725.0002249076,735171.0001631742,735214.999821374,737425.0001868441,752800.9997372098,758769.9998595519
694993.9995946658,710536.9997881998,713075.000079054,715419.0001352943,722316.0001469571,724725.0002249076,735214.999821374,735746.9999955907,737425.0001868441,752800.9997372098,758769.9998595519
694993.9995946658,710536.9997881998,713532.9999813817,715419.0001352943,722316.0001469571,724725.0002249076,735214.999821374,735746.9999955907,737425.0001868441,752342.9998348821,758769.9998595519
694993.9995946658,710536.9997881998,713532.9999813817,713893.0000241084,715419.0001352943,722316.0001469571,735746.9999955907,737425.0001868441,746047.0000221732,752342.9998348821,758769.9998595519
694993.9995946658,710536.9997881998,713532.9999813817,713985.0000494316,715419.0001352943,722316.0001469571,735746.9999955907,737425.0001868441,745954.9999968502,752342.9998348821,758769.9998595519
695353.9996637857,710536.9997881998,713532.9999813817,713985.0000494316,715059.0000661744,722316.0001469571,735746.9999955907,737425.0001868441,745954.9999968502,752342.9998348821,758769.9998595519
695353.9996637857,710536.9997881998,713985.0000494316,715059.0000661744,715430.0000494214,720419.0000789174,735746.9999955907,737425.0001868441,745954.9999968502,752342.9998348821,758769.9998595519
695353.9996637857,713985.0000494316,715059.0000661744,715430.0000494214,720419.0000789174,720555.9999848665,735746.9999955907,735935.9998001835,737425.0001868441,752342.9998348821,758769.9998595519
691117.9993772864,713985.0000494316,715430.0000494214,719295.0003526737,720419.0000789174,720555.9999848665,735746.9999955907,735935.9998001835,737425.0001868441,752342.9998348821,758769.9998595519
691117.9993772864,713985.0000494316,716226.9998795941,719295.0003526737,719622.0002487449,720555.9999848665,735746.9999955907,735935.9998001835,737425.0001868441,752342.9998348821,758769.9998595519
691117.9993772864,713985.0000494316,714539.0001486242,719295.0003526737,720555.9999848665,721309.9999797147,735746.9999955907,735935.9998001835,737425.0001868441,752342.9998348821,758769.9998595519
691117.9993772864,713985.0000494316,714539.0001486242,716845.9998831238,719295.0003526737,720555.9999848665,735746.9999955907,737425.0001868441,740399.9998967744,752342.9998348821,758769.9998595519
691117.9993772864,713985.0000494316,714539.0001486242,716845.9998831238,719295.0003526737,720555.9999848665,735746.9999955907,740399.9998967744,740860.9996020106,752342.9998348821,755334.0004443855
691117.9993772864,714539.0001486242,716845.9998831238,719295.0003526737,720555.9999848665,727017.9997725126,727367.0001736934,735746.9999955907,740860.9996020106,752342.9998348821,755334.0004443855
691117.9993772864,714539.0001486242,719295.0003526737,720555.9999848665,720597.9999716318,727017.9997725126,727367.0001736934,735746.9999955907,740860.9996020106,748590.9997463741,755334.0004443855
691117.9993772864,714539.0001486242,719295.0003526737,720555.9999848665,727017.9997725126,727367.0001736934,727776.9999492634,728568.000017959,740860.9996020106,748590.9997463741,755334.0004443855
691117.9993772864,714539.0001486242,715541.9999379036,719295.0003526737,727017.9997725126,727776.9999492634,728568.000017959,732381.0002206563,740860.9996020106,748590.9997463741,755334.0004443855
691117.9993772864,714539.0001486242,716066.9998298183,719295.0003526737,726492.9998805979,727776.9999492634,728568.000017959,732381.0002206563,740860.9996020106,748590.9997463741,755334.0004443855
691117.9993772864,713910.0004496294,714539.0001486242,719295.0003526737,726492.9998805979,727776.9999492634,728568.000017959,732381.0002206563,740860.9996020106,748590.9997463741,757490.9998245743
691117.9993772864,714539.0001486242,717500.0002716165,719295.0003526737,726492.9998805979,727776.9999492634,728568.000017959,732381.0002206563,737270.9997800235,748590.9997463741,757490.9998245743
691117.9993772864,714539.0001486242,717500.0002716165,719295.0003526737,726492.9998805979,728568.000017959,732381.0002206563,734942.9999808717,737270.9997800235,741424.9997147658,757490.9998245743
691117.9993772864,714539.0001486242,717500.0002716165,719295.0003526737,726492.9998805979,727585.9999918753,728568.000017959,732381.0002206563,737270.9997800235,748781.9997037622,757490.9998245743
691117.9993772864,714273.9999536356,714539.0001486242,717500.0002716165,719295.0003526737,727585.9999918753,728568.000017959,737270.9997800235,744600.0001476186,748781.9997037622,757490.9998245743
691117.9993772864,714273.9999536356,714539.0001486242,719295.0003526737,726841.0000614731,727585.9999918753,727929.9999901669,728568.000017959,744600.0001476186,748781.9997037622,757490.9998245743
691117.9993772864,714273.9999536356,716755.999837032,719295.0003526737,725369.0003034674,726841.0000614731,727929.9999901669,728568.000017959,744600.0001476186,748781.9997037622,757490.9998245743
691117.9993772864,714273.9999536356,716755.999837032,719295.0003526737,725369.0003034674,726841.0000614731,727929.9999901669,728568.000017959,739461.999702493,753920.0001488879,757490.9998245743
691117.9993772864,716755.999837032,718045.9999275953,719295.0003526737,725369.0003034674,726841.0000614731,727929.9999901669,728568.000017959,739461.999702493,753718.9998506147,753920.0001488879
691117.9993772864,716192.9997933016,716755.999837032,718045.9999275953,719295.0003526737,725369.0003034674,728568.000017959,738578.0002583384,739461.999702493,753718.9998506147,753920.0001488879
691117.9993772864,715082.9999652822,716192.9997933016,716755.999837032,719295.0003526737,725369.0003034674,728568.000017959,738578.0002583384,739461.999702493,753920.0001488879,756681.9998129278
691117.9993772864,711741.999897478,716755.999837032,719295.0003526737,719533.9998611057,725369.0003034674,728568.000017959,738578.0002583384,739461.999702493,753920.0001488879,756681.9998129278
691117.9993772864,706247.9999584949,716755.999837032,719295.0003526737,725027.9998000888,725369.0003034674,728568.000017959,738578.0002583384,739461.999702493,753920.0001488879,756681.9998129278
691117.9993772864,706247.9999584949,719295.0003526737,725027.9998000888,725369.0003034674,727795.9999467308,728421.9995927942,728568.000017959,738578.0002583384,753920.0001488879,756681.9998129278
691117.9993772864,719295.0003526737,725027.9998000888,725369.0003034674,727141.9999298113,727795.9999467308,728421.9995927942,728568.000017959,733026.0001775716,738578.0002583384,756681.9998129278
691117.9993772864,716820.9998342524,719295.0003526737,725369.0003034674,727795.9999467308,728421.9995927942,728568.000017959,733026.0001775716,735348.9998956478,738578.0002583384,756681.9998129278
691117.9993772864,716820.9998342524,719295.0003526737,723836.9999566245,725369.0003034674,727795.9999467308,728421.9995927942,733026.0001775716,738578.0002583384,740079.9999569823,756681.9998129278
691117.9993772864,716820.9998342524,718669.0001473643,719295.0003526737,725369.0003034674,727795.9999467308,728421.9995927942,733026.0001775716,738578.0002583384,745247.9997662425,756681.9998129278
691117.9993772864,716820.9998342524,718669.0001473643,725369.0003034674,725647.9998398965,727795.9999467308,728421.9995927942,733026.0001775716,738578.0002583384,745247.9997662425,750329.000325705
691117.9993772864,716820.9998342524,718669.0001473643,725647.9998398965,726299.0004923871,726865.9997578111,728421.9995927942,733026.0001775716,738578.0002583384,745247.9997662425,750329.000325705
691117.9993772864,716820.9998342524,717032.9998504294,718669.0001473643,726299.0004923871,726865.9997578111,728421.9995927942,738578.0002583384,741641.0001670386,745247.9997662425,750329.000325705
691117.9993772864,716820.9998342524,718488.9997291915,718669.0001473643,726299.0004923871,726865.9997578111,728421.9995927942,738578.0002583384,741641.0001670386,743791.9998874803,750329.000325705
691117.9993772864,714820.99964229,716820.9998342524,718488.9997291915,718669.0001473643,726299.0004923871,738578.0002583384,740466.9997083154,741641.0001670386,743791.9998874803,750329.000325705
691117.9993772864,714820.99964229,716820.9998342524,718488.9997291915,725108.0000094294,726299.0004923871,737353.0000254152,738578.0002583384,740466.9997083154,741641.0001670386,750329.000325705
691117.9993772864,714820.99964229,716820.9998342524,717913.0005994616,718488.9997291915,725108.0000094294,737353.0000254152,738578.0002583384,741641.0001670386,748852.9996012407,750329.000325705
691117.9993772864,712848.9999627325,714820.99964229,716820.9998342524,717913.0005994616,725108.0000094294,737353.0000254152,738578.0002583384,747280.9999334976,748852.9996012407,750329.000325705
691117.9993772864,712848.9999627325,713938.9996260694,716820.9998342524,717913.0005994616,725990.0000256499,737353.0000254152,738578.0002583384,747280.9999334976,748852.9996012407,750329.000325705
691117.9993772864,713938.9996260694,716820.9998342524,717913.0005994616,719262.0002351126,725990.0000256499,737353.0000254152,738578.0002583384,743916.000053325,747280.9999334976,748852.9996012407
691117.9993772864,714404.000160804,716820.9998342524,717448.0000647272,719262.0002351126,725990.0000256499,737353.0000254152,738578.0002583384,743916.000053325,747280.9999334976,748852.9996012407
691117.9993772864,714404.000160804,716023.0004222294,716820.9998342524,717448.0000647272,725990.0000256499,737353.0000254152,738578.0002583384,747154.9998662082,747280.9999334976,748852.9996012407
691117.9993772864,714191.9998910078,716023.0004222294,716820.9998342524,717660.0003345234,725990.0000256499,737353.0000254152,738578.0002583384,747154.9998662082,747280.9999334976,748852.9996012407
691117.9993772864,714191.9998910078,716023.0004222294,716820.9998342524,717660.0003345234,725990.0000256499,737353.0000254152,737847.999756262,738578.0002583384,748852.9996012407,756588.0000434438
691117.9993772864,714191.9998910078,716023.0004222294,716820.9998342524,717660.0003345234,725990.0000256499,737353.0000254152,737361.9997394993,738578.0002583384,748852.9996012407,757074.0000602065
691117.9993772864,714191.9998910078,716023.0004222294,716820.9998342524,717660.0003345234,737100.0000899547,737353.0000254152,737361.9997394993,738578.0002583384,745963.9999959017,748852.9996012407
691117.9993772864,701244.0000303858,716023.0004222294,716820.9998342524,730608.0001951454,737100.0000899547,737353.0000254152,737361.9997394993,738578.0002583384,745963.9999959017,748852.9996012407
691117.9993772864,701244.0000303858,716023.0004222294,716820.9998342524,721594.9997715374,730608.0001951454,737100.0000899547,737353.0000254152,738578.0002583384,748852.9996012407,761730.9999638636
691117.9993772864,701244.0000303858,716023.0004222294,721594.9997715374,725215.0004455636,730183.9996470272,730608.0001951454,737100.0000899547,737353.0000254152,748852.9996012407,761730.9999638636
691117.9993772864,701244.0000303858,716023.0004222294,721594.9997715374,724177.9993722208,725215.0004455636,730183.9996470272,730608.0001951454,737100.0000899547,761730.9999638636,762028.0002544351
691117.9993772864,701244.0000303858,714284.9999660713,716023.0004222294,724177.9993722208,725215.0004455636,730183.9996470272,730608.0001951454,744409.9998954207,761730.9999638636,762028.0002544351
691117.9993772864,701244.0000303858,716023.0004222294,724177.9993722208,725215.0004455636,725413.9997099575,730183.9996470272,730608.0001951454,744409.9998954207,750899.0005105489,761730.9999638636
691117.9993772864,701244.0000303858,716023.0004222294,718739.000213261,724177.9993722208,725413.9997099575,730608.0001951454,736659.9998793299,744409.9998954207,750899.0005105489,761730.9999638636
691117.9993772864,701244.0000303858,716023.0004222294,717118.9997126176,724177.9993722208,725413.9997099575,730608.0001951454,738280.0003799733,744409.9998954207,750899.0005105489,761730.9999638636
694291.9998321914,701244.0000303858,712848.9999673244,717118.9997126176,724177.9993722208,725413.9997099575,730608.0001951454,738280.0003799733,744409.9998954207,750899.0005105489,761730.9999638636
694291.9998321914,712848.9999673244,713437.0005072437,717118.9997126176,718414.9997182874,724177.9993722208,725413.9997099575,738280.0003799733,744409.9998954207,750899.0005105489,761730.9999638636
694291.9998321914,712848.9999673244,713926.9997476519,717118.9997126176,718414.9997182874,723688.0001318126,725413.9997099575,738280.0003799733,744409.9998954207,750899.0005105489,761730.9999638636
694291.9998321914,712848.9999673244,713758.0002539288,713926.9997476519,717118.9997126176,718414.9997182874,723688.0001318126,738280.0003799733,744409.9998954207,761730.9999638636,762554.9999665776
694291.9998321914,698359.9996086365,712848.9999673244,713758.0002539288,717118.9997126176,723688.0001318126,733981.9998573028,738280.0003799733,744409.9998954207,761730.9999638636,762554.9999665776
694291.9998321914,700158.9995387641,712848.9999673244,713758.0002539288,717118.9997126176,723688.0001318126,732182.9999271751,738280.0003799733,744409.9998954207,761730.9999638636,762554.9999665776
694291.9998321914,710243.999814914,712848.9999673244,713602.9998556628,713758.0002539288,717118.9997126176,732182.9999271751,738280.0003799733,744409.9998954207,761730.9999638636,762554.9999665776
693259.0000481807,710243.999814914,713602.9998556628,713758.0002539288,713881.9997513351,717118.9997126176,732182.9999271751,738280.0003799733,744409.9998954207,761730.9999638636,762554.9999665776
693259.0000481807,710243.999814914,713602.9998556628,713881.9997513351,717118.9997126176,718435.000290612,732182.9999271751,738280.0003799733,744409.9998954207,757877.9999298945,761730.9999638636
693259.0000481807,710243.999814914,713602.9998556628,713881.9997513351,717118.9997126176,720863.0000406249,732182.9999271751,738280.0003799733,744409.9998954207,755450.0001798816,761730.9999638636
698252.9998915287,710243.999814914,713602.9998556628,713881.9997513351,717118.9997126176,720863.0000406249,732182.9999271751,738280.0003799733,739416.0000520727,755450.0001798816,761730.9999638636
698252.9998915287,710243.999814914,713602.9998556628,713881.9997513351,718110.0005837827,720863.0000406249,732182.9999271751,737288.9995088083,739416.0000520727,755450.0001798816,761730.9999638636
698252.9998915287,710243.999814914,713602.9998556628,713881.9997513351,715966.9999852709,718110.0005837827,732182.9999271751,737288.9995088083,739416.0000520727,760346.0002352356,761730.9999638636
710243.999814914,713602.9998556628,713881.9997513351,715966.9999852709,718110.0005837827,728012.9999651933,731970.999890199,732182.9999271751,737288.9995088083,739416.0000520727,760346.0002352356
704578.0000208208,710243.999814914,713602.9998556628,713881.9997513351,718110.0005837827,731970.999890199,732182.9999271751,737288.9995088083,739401.9999296435,739416.0000520727,760346.0002352356
704578.0000208208,710243.999814914,713602.9998556628,713881.9997513351,718110.0005837827,731970.999890199,732182.9999271751,736904.9999091958,737288.9995088083,741913.0000725203,760346.0002352356
695812.9995281744,704578.0000208208,713881.9997513351,718110.0005837827,728034.0001424024,731970.999890199,732182.9999271751,736904.9999091958,737288.9995088083,741913.0000725203,760346.0002352356
695812.9995281744,704578.0000208208,713881.9997513351,715840.9998464544,728034.0001424024,731970.999890199,732182.9999271751,736904.9999091958,739558.0002461366,741913.0000725203,760346.0002352356
695812.9995281744,713465.0001190859,713881.9997513351,715840.9998464544,723083.9997919339,728034.0001424024,732182.9999271751,736904.9999091958,739558.0002461366,741913.0000725203,760346.0002352356
695812.9995281744,713881.9997513351,714692.0001347285,715840.9998464544,723083.9997919339,728034.0001424024,732182.9999271751,735677.9998935532,739558.0002461366,741913.0000725203,760346.0002352356
695812.9995281744,713881.9997513351,714692.0001347285,723083.9997919339,726248.0001482128,728034.0001424024,729150.999944378,732182.9999271751,735677.9998935532,741913.0000725203,760346.0002352356
695812.9995281744,711204.0001358626,713881.9997513351,723083.9997919339,726248.0001482128,728034.0001424024,729150.999944378,732182.9999271751,739165.9998924191,741913.0000725203,760346.0002352356
695812.9995281744,711204.0001358626,713881.9997513351,723083.9997919339,726248.0001482128,726957.9998387427,729150.999944378,733259.0002308349,739165.9998924191,741913.0000725203,760346.0002352356
695812.9995281744,713272.0002704223,713881.9997513351,723083.9997919339,726248.0001482128,726957.9998387427,729150.999944378,733259.0002308349,737097.9997578594,741913.0000725203,760346.0002352356
695812.9995281744,713272.0002704223,713881.9997513351,718351.9999156151,723083.9997919339,726957.9998387427,733259.0002308349,737047.0001769757,737097.9997578594,741913.0000725203,760346.0002352356
695812.9995281744,713272.0002704223,713881.9997513351,718102.9998644918,723083.9997919339,726957.9998387427,733259.0002308349,737097.9997578594,737296.0002280991,741913.0000725203,760346.0002352356
695812.9995281744,713272.0002704223,713881.9997513351,718102.9998644918,723083.9997919339,723943.0001488304,736273.9999207472,737097.9997578594,737296.0002280991,741913.0000725203,760346.0002352356
695812.9995281744,713272.0002704223,713881.9997513351,718102.9998644918,723083.9997919339,724393.0002417786,735823.9998277989,737097.9997578594,737296.0002280991,741913.0000725203,760346.0002352356
695812.9995281744,713272.0002704223,713881.9997513351,714651.0000288058,718102.9998644918,723083.9997919339,737097.9997578594,737296.0002280991,741913.0000725203,745566.0000407717,760346.0002352356
695812.9995281744,704706.9998652722,713272.0002704223,713881.9997513351,714651.0000288058,736479.9997911535,737097.9997578594,737296.0002280991,741913.0000725203,745566.0000407717,760346.0002352356
695812.9995281744,704706.9998652722,713272.0002704223,713881.9997513351,714651.0000288058,714858.0000613995,737097.9997578594,737296.0002280991,745566.0000407717,760346.0002352356,763534.9998022743
695812.9995281744,704706.9998652722,713881.9997513351,714651.0000288058,714858.0000613995,719471.0002190687,737097.9997578594,737296.0002280991,745566.0000407717,757335.9998536279,760346.0002352356
695812.9995281744,703047.0001605519,704706.9998652722,714651.0000288058,719471.0002190687,725692.9996521828,737097.9997578594,737296.0002280991,745566.0000407717,757335.9998536279,760346.0002352356
695812.9995281744,703047.0001605519,714651.0000288058,715686.9998089467,719471.0002190687,725692.9996521828,726316.0002844245,737097.9997578594,745566.0000407717,757335.9998536279,760346.0002352356
695812.9995281744,712921.0000794434,714651.0000288058,715686.9998089467,715818.9997332912,719471.0002190687,726316.0002844245,737097.9997578594,745566.0000407717,757335.9998536279,760346.0002352356
695812.9995281744,712921.0000794434,713150.9999907736,714651.0000288058,715686.9998089467,715818.9997332912,726316.0002844245,737097.9997578594,745566.0000407717,760346.0002352356,763656.0000819229
695812.9995281744,712921.0000794434,713150.9999907736,713382.0001161381,714651.0000288058,715818.9997332912,728620.9999772331,737097.9997578594,745566.0000407717,760346.0002352356,763656.0000819229
695812.9995281744,708184.9998847075,712921.0000794434,713150.9999907736,714651.0000288058,715818.9997332912,733818.0002086638,737097.9997578594,745566.0000407717,760346.0002352356,763656.0000819229
708184.9998847075,712921.0000794434,713134.9997648721,713150.9999907736,714651.0000288058,715818.9997332912,733818.0002086638,737097.9997578594,743023.9999985378,745566.0000407717,763656.0000819229
708184.9998847075,712921.0000794434,713134.9997648721,714651.0000288058,715778.0000778146,715818.9997332912,733818.0002086638,737097.9997578594,743023.9999985378,745566.0000407717,761028.9999948819
708184.9998847075,712921.0000794434,713134.9997648721,715778.0000778146,715818.9997332912,729233.999661287,730983.0004082907,733818.0002086638,737097.9997578594,743023.9999985378,761028.9999948819
708184.9998847075,712921.0000794434,713134.9997648721,713607.0000491057,715778.0000778146,729233.999661287,730983.0004082907,733818.0002086638,737097.9997578594,745235.9996827233,761028.9999948819
712921.0000794434,713134.9997648721,713607.0000491057,715778.0000778146,718812.9996333818,723190.0004599894,729233.999661287,730983.0004082907,737097.9997578594,745235.9996827233,761028.9999948819
713134.9997648721,713607.0000491057,715778.0000778146,718812.9996333818,721025.9996836296,723190.0004599894,729233.999661287,730983.0004082907,737097.9997578594,737131.0000785372,761028.9999948819
713134.9997648721,713607.0000491057,715778.0000778146,718812.9996333818,723190.0004599894,727837.999919371,729233.999661287,730318.9998427958,730983.0004082907,737097.9997578594,761028.9999948819
713065.9999330718,713134.9997648721,713607.0000491057,718812.9996333818,723190.0004599894,727837.999919371,729233.999661287,730318.9998427958,730983.0004082907,739809.9999026022,761028.9999948819
713134.9997648721,713607.0000491057,715740.9999973756,718812.9996333818,723190.0004599894,727837.999919371,729233.999661287,730318.9998427958,730983.0004082907,737134.9998382983,761028.9999948819
713134.9997648721,713607.0000491057,717328.9999286521,718812.9996333818,723190.0004599894,726249.9999880946,729233.999661287,730318.9998427958,730983.0004082907,737134.9998382983,761028.9999948819
713134.9997648721,713607.0000491057,717328.9999286521,718812.9996333818,726249.9999880946,728290.0005558217,729233.999661287,730318.9998427958,730983.0004082907,737134.9998382983,755928.9998990496
713134.9997648721,713607.0000491057,718812.9996333818,719599.9994104407,726249.9999880946,728048.0003610072,728290.0005558217,729233.999661287,730983.0004082907,737134.9998382983,755928.9998990496
713134.9997648721,713607.0000491057,718812.9996333818,719599.9994104407,722066.0001330806,726249.9999880946,728048.0003610072,728290.0005558217,737134.9998382983,738150.999936497,755928.9998990496
713134.9997648721,713158.0004081941,713607.0000491057,718812.9996333818,719599.9994104407,722066.0001330806,728290.0005558217,737134.9998382983,738150.999936497,741139.9999409076,755928.9998990496
713134.9997648721,713158.0004081941,713607.0000491057,716150.0002576691,719599.9994104407,722066.0001330806,730952.9999315344,737134.9998382983,738150.999936497,741139.9999409076,755928.9998990496
713134.9997648721,713158.0004081941,713607.0000491057,716150.0002576691,719599.9994104407,722066.0001330806,724258.9998902549,737134.9998382983,738150.999936497,741139.9999409076,762622.9999403291
699756.0000542338,713134.9997648721,713607.0000491057,716150.0002576691,722066.0001330806,724258.9998902549,733001.999764401,737134.9998382983,738150.999936497,741139.9999409076,762622.9999403291
713134.9997648721,713607.0000491057,714824.9999745399,716150.0002576691,722066.0001330806,724258.9998902549,726071.0000206016,733001.999764401,737134.9998382983,738150.999936497,762622.9999403291
713134.9997648721,713607.0000491057,716150.0002576691,722066.0001330806,724258.9998902549,726071.0000206016,732017.0000071989,733001.999764401,737134.9998382983,738150.999936497,745430.9999076701
713119.0006374251,713134.9997648721,713607.0000491057,722066.0001330806,726071.0000206016,727289.999510499,732017.0000071989,733001.999764401,737134.9998382983,738150.999936497,745430.9999076701
713119.0006374251,713134.9997648721,719993.9997247378,722066.0001330806,726071.0000206016,727289.999510499,732017.0000071989,733001.999764401,737134.9998382983,738150.999936497,739044.0002320379
713119.0006374251,713134.9997648721,719993.9997247378,722066.0001330806,726071.0000206016,727289.999510499,730172.0002215272,733001.999764401,738150.999936497,738979.99962397,739044.0002320379
713119.0006374251,713134.9997648721,719993.9997247378,722066.0001330806,726071.0000206016,727289.999510499,728803.9998741338,733001.999764401,738150.999936497,739044.0002320379,740347.9999713632
713119.0006374251,713134.9997648721,719993.9997247378,722066.0001330806,722321.9997635889,727289.999510499,728803.9998741338,736751.0000214137,738150.999936497,739044.0002320379,740347.9999713632
713119.0006374251,713134.9997648721,719993.9997247378,722066.0001330806,727289.999510499,728574.999762212,728803.9998741338,730498.0000227905,738150.999936497,739044.0002320379,740347.9999713632
713119.0006374251,713134.9997648721,714479.0000312461,722066.0001330806,727289.999510499,728574.999762212,728803.9998741338,730498.0000227905,738150.999936497,740347.9999713632,744558.9999255296
713119.0006374251,713134.9997648721,714479.0000312461,722066.0001330806,727289.999510499,728574.999762212,730498.0000227905,734064.9999496813,738150.999936497,739297.9998499821,740347.9999713632
713119.0006374251,713134.9997648721,713342.9997746522,714479.0000312461,722066.0001330806,727289.999510499,734064.9999496813,738150.999936497,739297.9998499821,740347.9999713632,745730.0000103504
713119.0006374251,713134.9997648721,713342.9997746522,714459.0000284542,722066.0001330806,727289.999510499,734064.9999496813,738150.999936497,739297.9998499821,740347.9999713632,745750.0000131422
713119.0006374251,713134.9997648721,713342.9997746522,714459.0000284542,718343.9996605356,727289.999510499,734064.9999496813,739297.9998499821,740347.9999713632,741873.000409042,745750.0000131422
713119.0006374251,713134.9997648721,713342.9997746522,714459.0000284542,714469.9998983188,718343.9996605356,727289.999510499,740347.9999713632,741873.000409042,745750.0000131422,758892.9999013447
713119.0006374251,713134.9997648721,713224.9996738613,714459.0000284542,714469.9998983188,718343.9996605356,727289.999510499,740347.9999713632,741873.000409042,745868.0001139331,758892.9999013447
713134.9997648721,713224.9996738613,714459.0000284542,714469.9998983188,718343.9996605356,727289.999510499,730596.9999484904,740347.9999713632,741415.0005902793,741873.000409042,745868.0001139331
713224.9996738613,714459.0000284542,714469.9998983188,714585.9999407674,718343.9996605356,727289.999510499,730596.9999484904,740347.9999713632,740422.0002331467,741415.0005902793,745868.0001139331
713224.9996738613,714459.0000284542,714585.9999407674,715101.9996860037,717711.9998728507,727289.999510499,730596.9999484904,740347.9999713632,740422.0002331467,741415.0005902793,745868.0001139331
694906.9994143334,713224.9996738613,714459.0000284542,717711.9998728507,727289.999510499,730596.9999484904,734781.0002124377,740347.9999713632,740422.0002331467,741415.0005902793,745868.0001139331
694906.9994143334,708140.000006452,713224.9996738613,724030.999894853,727289.999510499,730596.9999484904,734781.0002124377,740347.9999713632,740422.0002331467,741415.0005902793,745868.0001139331
708140.000006452,713224.9996738613,713811.9998333673,721516.9998141128,724030.999894853,727289.999510499,730596.9999484904,734781.0002124377,740347.9999713632,741415.0005902793,745868.0001139331
708140.000006452,713224.9996738613,716147.0002837679,721516.9998141128,724030.999894853,727289.999510499,730596.9999484904,732445.9997620371,740347.9999713632,741415.0005902793,745868.0001139331
708140.000006452,716147.0002837679,717169.0001326055,721516.9998141128,724030.999894853,727289.999510499,730596.9999484904,732445.9997620371,740347.9999713632,741415.0005902793,741923.9996551889
708140.000006452,716147.0002837679,721516.9998141128,721703.9997902573,724030.999894853,727289.999510499,730596.9999484904,732445.9997620371,737388.9999975371,740347.9999713632,741415.0005902793
708140.000006452,716147.0002837679,721516.9998141128,724030.999894853,724659.9997975035,727289.999510499,730596.9999484904,732445.9997620371,737388.9999975371,737391.9999641171,741415.0005902793
708140.000006452,716147.0002837679,721516.9998141128,724030.999894853,724659.9997975035,727289.999510499,730323.0000372949,730596.9999484904,732445.9997620371,741415.0005902793,744457.9999243593
708140.000006452,716147.0002837679,721516.9998141128,724030.999894853,727289.999510499,727424.9999993282,730323.0000372949,730596.9999484904,732445.9997620371,741415.0005902793,741692.9997225346
705769.999811729,716147.0002837679,721516.9998141128,726401.000089576,727289.999510499,727424.9999993282,730323.0000372949,730596.9999484904,732445.9997620371,741415.0005902793,741692.9997225346
705769.999811729,713375.9999571877,716147.0002837679,721516.9998141128,726401.000089576,727289.999510499,730596.9999484904,732445.9997620371,741415.0005902793,741692.9997225346,744372.0000794354
713375.9999571877,713391.9999737552,716147.0002837679,718778.9999275497,721516.9998141128,727289.999510499,730596.9999484904,732445.9997620371,741415.0005902793,741692.9997225346,744372.0000794354
713391.9999737552,715604.0000157872,716147.0002837679,718778.9999275497,721516.9998141128,727289.999510499,728368.9998898909,732445.9997620371,741415.0005902793,741692.9997225346,744372.0000794354
705565.0001028881,713391.9999737552,716147.0002837679,718778.9999275497,721516.9998141128,727289.999510499,732445.9997620371,738407.99980279,741415.0005902793,741692.9997225346,744372.0000794354
694005.0000121285,705565.0001028881,716147.0002837679,721516.9998141128,727289.999510499,732445.9997620371,738165.9998891765,738407.99980279,741415.0005902793,741692.9997225346,744372.0000794354
694005.0000121285,705565.0001028881,716147.0002837679,721516.9998141128,722307.0004396454,727289.999510499,732445.9997620371,738165.9998891765,741692.9997225346,744372.0000794354,757515.999953424
694005.0000121285,705565.0001028881,706616.0002235462,722307.0004396454,727289.999510499,731047.9998743345,732445.9997620371,738165.9998891765,741692.9997225346,744372.0000794354,757515.999953424
699953.0000000013,705565.0001028881,706616.0002235462,722307.0004396454,727289.999510499,731047.9998743345,732217.9999013037,732445.9997620371,741692.9997225346,744372.0000794354,757515.999953424
699953.0000000013,705565.0001028881,718658.0001374271,720403.999848156,722307.0004396454,727289.999510499,731047.9998743345,732217.9999013037,741692.9997225346,744372.0000794354,757515.999953424
699953.0000000013,705565.0001028881,714855.0001210157,722307.0004396454,724206.9998645674,727289.999510499,731047.9998743345,732217.9999013037,741692.9997225346,744372.0000794354,757515.999953424
699953.0000000013,705565.0001028881,714855.0001210157,722307.0004396454,723988.999941888,724206.9998645674,727289.999510499,731047.9998743345,732217.9999013037,757515.999953424,762075.9998600819
699953.0000000013,714855.0001210157,722307.0004396454,722511.9999460059,723988.999941888,724206.9998645674,727289.999510499,731047.9998743345,732217.9999013037,740569.0001103062,762075.9998600819
699953.0000000013,711145.9999492024,714855.0001210157,722307.0004396454,723988.999941888,724206.9998645674,731047.9998743345,732217.9999013037,738655.9995073024,740569.0001103062,762075.9998600819
699953.0000000013,711145.9999492024,714855.0001210157,718595.9999106544,723988.999941888,724206.9998645674,731047.9998743345,732217.9999013037,740569.0001103062,742367.0000362934,762075.9998600819
699953.0000000013,711145.9999492024,717146.9998944947,718595.9999106544,723988.999941888,724206.9998645674,728756.0001008556,732217.9999013037,740569.0001103062,742367.0000362934,762075.9998600819
697312.00008316,713786.9998660437,717146.9998944947,718595.9999106544,723988.999941888,724206.9998645674,728756.0001008556,732217.9999013037,740569.0001103062,742367.0000362934,762075.9998600819
697312.00008316,714221.9998600223,717146.9998944947,718595.9999106544,723553.9999479094,724206.9998645674,728756.0001008556,732217.9999013037,740569.0001103062,742367.0000362934,762075.9998600819
697312.00008316,702133.9999667272,717146.9998944947,718595.9999106544,724206.9998645674,728756.0001008556,732217.9999013037,735641.9998412045,740569.0001103062,742367.0000362934,762075.9998600819
697312.00008316,702133.9999667272,716011.0000825652,717146.9998944947,718595.9999106544,724206.9998645674,728756.0001008556,732217.9999013037,742367.0000362934,760199.9998689455,762075.9998600819
698945.9996799467,702133.9999667272,716011.0000825652,716962.0003138677,717146.9998944947,724206.9998645674,728756.0001008556,732217.9999013037,742367.0000362934,760199.9998689455,762075.9998600819
694796.0001132615,698945.9996799467,716962.0003138677,717146.9998944947,723348.999936031,724206.9998645674,728756.0001008556,732217.9999013037,742367.0000362934,760199.9998689455,762075.9998600819
694796.0001132615,698945.9996799467,717146.9998944947,720917.0003439769,723348.999936031,724206.9998645674,728262.9998711945,728756.0001008556,742367.0000362934,760199.9998689455,762075.9998600819
698945.9996799467,714852.0001000025,717146.9998944947,720917.0003439769,723348.999936031,724206.9998645674,728262.9998711945,728756.0001008556,740143.9998822045,742367.0000362934,762075.9998600819
698945.9996799467,714852.0001000025,716444.9999060485,720917.0003439769,723348.999936031,724206.9998645674,728262.9998711945,729458.0000893017,740143.9998822045,742367.0000362934,762075.9998600819
698945.9996799467,714852.0001000025,720917.0003439769,721721.0000592155,723348.999936031,724181.9999361348,724206.9998645674,728262.9998711945,740143.9998822045,742367.0000362934,762075.9998600819
698945.9996799467,700518.0001710093,720917.0003439769,721721.0000592155,724181.9999361348,724206.9998645674,728262.9998711945,737682.9998650241,740143.9998822045,742367.0000362934,762075.9998600819
700518.0001710093,705700.9997733742,714162.0002505494,721721.0000592155,724181.9999361348,724206.9998645674,728262.9998711945,737682.9998650241,740143.9998822045,742367.0000362934,762075.9998600819
700518.0001710093,705700.9997733742,714162.0002505494,721721.0000592155,724181.9999361348,724206.9998645674,728262.9998711945,740111.0000724491,740143.9998822045,742367.0000362934,759647.999652657
700518.0001710093,705700.9997733742,709930.9999867342,714162.0002505494,724181.9999361348,728262.9998711945,735996.9999370486,740111.0000724491,740143.9998822045,742367.0000362934,759647.999652657
705700.9997733742,709930.9999867342,709958.0001184538,714162.0002505494,724181.9999361348,728262.9998711945,730671.0001250047,735996.9999370486,740143.9998822045,742367.0000362934,759647.999652657
705700.9997733742,709930.9999867342,709958.0001184538,714162.0002505494,717705.9999283628,724181.9999361348,735996.9999370486,740143.9998822045,741228.0000678364,742367.0000362934,759647.999652657
705700.9997733742,709930.9999867342,714162.0002505494,717705.9999283628,724181.9999361348,727213.9998617449,735996.9999370486,740143.9998822045,741228.0000678364,742367.0000362934,742391.9999093658
705700.9997733742,714162.0002505494,715289.0000130269,717705.9999283628,718823.9999098422,727213.9998617449,735996.9999370486,740143.9998822045,741228.0000678364,742367.0000362934,742391.9999093658
705700.9997733742,714162.0002505494,715289.0000130269,717705.9999283628,718823.9999098422,727213.9998617449,727616.0000619533,735996.9999370486,742367.0000362934,742391.9999093658,753755.9998880875
705700.9997733742,714162.0002505494,715289.0000130269,717705.9999283628,718217.9994863335,727213.9998617449,727616.0000619533,736603.0003605573,742367.0000362934,742391.9999093658,753755.9998880875
705700.9997733742,714162.0002505494,715289.0000130269,717705.9999283628,718217.9994863335,727616.0000619533,732134.9999111784,736603.0003605573,737470.9998599323,742367.0000362934,753755.9998880875
705700.9997733742,715289.0000130269,717705.9999283628,718217.9994863335,722331.0001886146,727616.0000619533,732134.9999111784,736603.0003605573,737470.9998599323,742367.0000362934,745586.9999500223
705700.9997733742,710241.9994979734,715289.0000130269,722331.0001886146,725681.9999167229,727616.0000619533,732134.9999111784,736603.0003605573,737470.9998599323,742367.0000362934,745586.9999500223
708743.9999479173,710241.9994979734,715289.0000130269,719288.0000140714,725681.9999167229,727616.0000619533,732134.9999111784,736603.0003605573,737470.9998599323,742367.0000362934,745586.9999500223
708743.9999479173,710241.9994979734,715289.0000130269,715570.9999346655,719288.0000140714,725681.9999167229,727616.0000619533,736603.0003605573,742367.0000362934,745586.9999500223,754034.9998364452
708743.9999479173,710241.9994979734,715289.0000130269,715570.9999346655,717675.0000282843,725681.9999167229,729229.0000477404,736603.0003605573,742367.0000362934,745586.9999500223,754034.9998364452
708743.9999479173,710241.9994979734,715289.0000130269,715570.9999346655,723156.0000257003,723748.0000503244,725681.9999167229,736603.0003605573,742367.0000362934,745586.9999500223,754034.9998364452
710241.9994979734,715059.9999855392,715289.0000130269,715570.9999346655,723156.0000257003,723748.0000503244,725681.9999167229,736603.0003605573,739270.9999124004,742367.0000362934,754034.9998364452
710241.9994979734,713316.0000719148,715059.9999855392,715289.0000130269,723156.0000257003,725681.9999167229,726002.9999130751,736603.0003605573,739270.9999124004,742367.0000362934,754034.9998364452
710241.9994979734,715059.9999855392,715289.0000130269,717089.0000802529,723156.0000257003,725681.9999167229,726002.9999130751,735497.9999040622,736603.0003605573,742367.0000362934,754034.9998364452
711228.0002009205,714302.9993100796,715059.9999855392,717089.0000802529,723156.0000257003,725681.9999167229,726002.9999130751,735497.9999040622,736603.0003605573,742367.0000362934,754034.9998364452
711228.0002009205,714302.9993100796,715059.9999855392,717089.0000802529,725681.9999167229,725803.0003543821,726002.9999130751,735497.9999040622,736603.0003605573,739719.9997076116,754034.9998364452
711228.0002009205,714302.9993100796,715059.9999855392,717089.0000802529,725681.9999167229,725803.0003543821,726002.9999130751,730391.9995899021,736603.0003605573,744826.0000217718,754034.9998364452
705714.0000378084,711228.0002009205,714302.9993100796,715059.9999855392,725803.0003543821,726002.9999130751,730391.9995899021,736603.0003605573,737056.9999591673,744826.0000217718,754034.9998364452
705714.0000378084,711228.0002009205,714302.9993100796,715059.9999855392,718204.0001072136,726002.9999130751,736603.0003605573,737056.9999591673,737990.9998370706,744826.0000217718,754034.9998364452
705714.0000378084,711228.0002009205,713784.0000230884,714302.9993100796,718204.0001072136,726002.9999130751,736603.0003605573,737056.9999591673,737990.9998370706,746101.9999842226,754034.9998364452
705714.0000378084,711228.0002009205,713784.0000230884,714302.9993100796,718204.0001072136,732850.9998464212,736603.0003605573,737056.9999591673,737990.9998370706,746101.9999842226,747186.9999030991
705714.0000378084,708618.9998165036,713784.0000230884,716911.9996944965,718204.0001072136,732850.9998464212,736603.0003605573,737056.9999591673,737990.9998370706,746101.9999842226,747186.9999030991
708618.9998165036,713782.9998321071,713784.0000230884,716911.9996944965,718204.0001072136,724782.0000521225,736603.0003605573,737056.9999591673,737990.9998370706,746101.9999842226,747186.9999030991
708618.9998165036,713782.9998321071,713784.0000230849,716911.9996944965,718204.0001072171,724782.0000521225,736603.0003605573,737056.9999591673,737990.9998370706,746101.9999842226,747186.9999030991
708618.9998165036,713782.9998321071,713784.0000230849,718204.0001072171,720147.0000292719,724782.0000521225,733368.0000257819,737056.9999591673,737990.9998370706,746101.9999842226,747186.9999030991
708618.9998165036,713782.9998321071,713784.0000230849,720147.0000292719,720655.0003292438,724782.0000521225,733368.0000257819,735539.9996150439,737056.9999591673,746101.9999842226,747186.9999030991
708618.9998165036,713782.9998321071,713784.0000230849,720113.9998833257,720147.0000292719,720655.0003292438,733368.0000257819,735539.9996150439,741725.0001279642,746101.9999842226,747186.9999030991
708618.9998165036,713782.9998321071,713784.0000230849,720113.9998833257,720655.0003292438,723384.9997083411,730130.0003467128,735539.9996150439,741725.0001279642,746101.9999842226,747186.9999030991
708618.9998165036,713782.9998321071,713784.0000230849,720113.9998833257,720655.0003292438,723384.9997083411,734716.0001181406,735539.9996150439,737139.0003565364,746101.9999842226,747186.9999030991
708618.9998165036,713782.9998321071,713784.0000230849,720113.9998833257,723384.9997083411,725304.000100502,730890.9998437855,734716.0001181406,737139.0003565364,746101.9999842226,747186.9999030991
708618.9998165036,713782.9998321071,713784.0000230849,720113.9998833257,723384.9997083411,725304.000100502,726734.9999265106,730890.9998437855,737139.0003565364,746101.9999842226,755168.0000947291
708618.9998165036,713782.9998321071,716834.9999521788,720113.9998833257,722253.0001714082,723384.9997083411,726734.9999265106,730890.9998437855,737139.0003565364,746101.9999842226,755168.0000947291
708618.9998165036,713782.9998321071,715225.9997149168,716834.9999521788,720113.9998833257,723384.9997083411,726734.9999265106,737139.0003565364,737918.0003002768,746101.9999842226,755168.0000947291
708618.9998165036,713782.9998321071,716834.9999521788,720113.9998833257,723384.9997083411,724245.9998726561,726734.9999265106,728898.0001425375,737139.0003565364,746101.9999842226,755168.0000947291
708618.9998165036,713782.9998321071,716731.9999497358,720113.9998833257,723384.9997083411,724245.9998726561,726734.9999265106,728898.0001425375,737139.0003565364,746204.9999866656,755168.0000947291
693847.9999089381,713782.9998321071,716731.9999497358,720113.9998833257,724245.9998726561,726734.9999265106,728898.0001425375,737139.0003565364,738155.9996159066,746204.9999866656,755168.0000947291
693847.9999089381,702929.9998394181,716731.9999497358,720113.9998833257,724245.9998726561,728898.0001425375,737139.0003565364,737587.9999191996,738155.9996159066,746204.9999866656,755168.0000947291
693847.9999089381,702929.9998394181,716731.9999497358,720113.9998833257,724588.9999945507,728555.0000206429,737139.0003565364,737587.9999191996,738155.9996159066,746204.9999866656,755168.0000947291
693847.9999089381,700253.9998678348,716731.9999497358,722789.9998549089,724588.9999945507,728555.0000206429,737139.0003565364,737587.9999191996,738155.9996159066,746204.9999866656,755168.0000947291
700253.9998678348,701498.0000232307,716731.9999497358,722789.9998549089,724588.9999945507,728555.0000206429,729489.0002422438,737587.9999191996,738155.9996159066,746204.9999866656,755168.0000947291
700253.9998678348,713826.0001934322,716731.9999497358,717161.0000720422,722789.9998549089,724588.9999945507,728555.0000206429,737587.9999191996,738155.9996159066,746204.9999866656,755168.0000947291
700253.9998678348,713826.0001934322,716731.9999497358,717161.0000720422,722789.9998549089,724669.000010581,728555.0000206429,737587.9999191996,738155.9996159066,746124.9999706353,755168.0000947291
700253.9998678348,713826.0001934322,716731.9999497358,717161.0000720422,722789.9998549089,725955.0003728658,727268.999658358,737587.9999191996,738155.9996159066,746124.9999706353,755168.0000947291
700253.9998678348,713826.0001934322,716731.9999497358,717161.0000720422,720371.999523351,725955.0003728658,727268.999658358,738155.9996159066,740006.0002507576,746124.9999706353,755168.0000947291
700253.9998678348,713826.0001934322,714466.9997157829,716731.9999497358,717161.0000720422,720371.999523351,738155.9996159066,738757.000315441,740006.0002507576,746124.9999706353,755168.0000947291
713826.0001934322,714466.9997157829,716731.9999497358,717161.0000720422,719996.0002547834,720263.999863809,720371.999523351,738155.9996159066,738757.000315441,746124.9999706353,755168.0000947291
713413.9999400438,713826.0001934322,714466.9997157829,716731.9999497358,717161.0000720422,719996.0002547834,720371.999523351,738155.9996159066,738757.000315441,746124.9999706353,762018.0000184943
713413.9999400438,713826.0001934322,714466.9997157829,716731.9999497358,717699.0000686878,719996.0002547834,720371.999523351,737617.999619261,738757.000315441,746124.9999706353,762018.0000184943
713413.9999400438,713826.0001934322,716731.9999497358,717699.0000686878,719996.0002547834,720371.999523351,737208.9996867452,737617.999619261,738757.000315441,739276.000047532,746124.9999706353
713280.9996591599,713413.9999400438,713826.0001934322,716731.9999497358,717699.0000686878,719996.0002547834,720371.999523351,737208.9996867452,738757.000315441,746124.9999706353,763613.0000076331
711618.9998057208,713280.9996591599,713413.9999400438,716731.9999497358,719906.0004563993,719996.0002547834,720371.999523351,737208.9996867452,738757.000315441,746124.9999706353,763613.0000076331
711618.9998057208,713280.9996591599,713413.9999400438,716731.9999497358,719610.9998205489,719906.0004563993,719996.0002547834,720371.999523351,746124.9999706353,756355.0001816374,763613.0000076331
704806.0001315888,711618.9998057208,713413.9999400438,716731.9999497358,719610.9998205489,719996.0002547834,720371.999523351,728380.9999839704,746124.9999706353,756355.0001816374,763613.0000076331
704806.0001315888,711618.9998057208,713413.9999400438,716731.9999497358,719996.0002547834,720371.999523351,724743.0000039929,728380.9999839704,746124.9999706353,751222.9999981934,763613.0000076331
704806.0001315888,711618.9998057208,714242.9995145408,716731.9999497358,719542.999948854,719996.0002547834,724743.0000039929,728380.9999839704,746124.9999706353,751222.9999981934,763613.0000076331
704806.0001315888,711618.9998057208,714242.9995145408,719542.999948854,719996.0002547834,721186.9999282425,724743.0000039929,728380.9999839704,741669.9999921286,751222.9999981934,763613.0000076331
704806.0001315888,711618.9998057208,714242.9995145408,715806.0002913403,719542.999948854,719996.0002547834,724743.0000039929,728380.9999839704,747050.9996290308,751222.9999981934,763613.0000076331
704806.0001315888,711618.9998057208,712716.99982011,715806.0002913403,719542.999948854,721521.9999492142,724743.0000039929,728380.9999839704,747050.9996290308,751222.9999981934,763613.0000076331
704806.0001315888,711618.9998057208,712716.99982011,715806.0002913403,721519.0001155593,721521.9999492142,724743.0000039929,728380.9999839704,747050.9996290308,751222.9999981934,761636.9998409278
704806.0001315888,711618.9998057208,712716.99982011,716179.9999586621,721519.0001155593,721521.9999492142,724743.0000039929,728380.9999839704,746676.9999617089,751222.9999981934,761636.9998409278
704806.0001315888,712716.99982011,714645.9996632284,716179.9999586621,721519.0001155593,721521.9999492142,724743.0000039929,725354.0001264628,746676.9999617089,751222.9999981934,761636.9998409278
704806.0001315888,712716.99982011,714645.9996632284,716179.9999586621,721519.0001155593,721521.9999492142,725354.0001264628,732882.0001347528,743083.9998674334,746676.9999617089,761636.9998409278
699844.9999121532,712716.99982011,714645.9996632284,716179.9999586621,721519.0001155593,721521.9999492142,730315.0003458983,732882.0001347528,743083.9998674334,746676.9999617089,761636.9998409278
706353.0002221465,712716.99982011,714645.9996632284,716179.9999586621,721519.0001155593,721521.9999492142,723807.000035905,732882.0001347528,743083.9998674334,746676.9999617089,761636.9998409278
706353.0002221465,712716.99982011,714645.9996632284,716179.9999586621,721521.9999492142,723807.000035905,730288.0001138141,732882.0001347528,743083.9998674334,746676.9999617089,752867.9998426728
704964.0002520793,712716.99982011,714645.9996632284,716179.9999586621,721521.9999492142,725196.0000059722,730288.0001138141,732882.0001347528,743083.9998674334,746676.9999617089,752867.9998426728
704964.0002520793,712716.99982011,714645.9996632284,716179.9999586621,721521.9999492142,725196.0000059722,726531.0000344325,730288.0001138141,732882.0001347528,752867.9998426728,763229.9997947098
704964.0002520793,712716.99982011,714645.9996632284,720706.999967284,721521.9999492142,725196.0000059722,725761.0001051922,726531.0000344325,732882.0001347528,752867.9998426728,763229.9997947098
704964.0002520793,712716.99982011,719640.000079385,720201.9995898156,720706.999967284,721521.9999492142,725761.0001051922,726531.0000344325,732882.0001347528,752867.9998426728,763229.9997947098
704964.0002520793,712716.99982011,719640.000079385,720201.9995898156,720367.9999278963,721521.9999492142,725761.0001051922,726870.0000738201,732882.0001347528,752867.9998426728,763229.9997947098
704964.0002520793,712716.99982011,716161.0000674775,719640.000079385,720201.9995898156,720367.9999278963,726870.0000738201,731121.9999869289,732882.0001347528,752867.9998426728,763229.9997947098
710791.9998430932,712716.99982011,713812.0004883711,716161.0000674775,720201.9995898156,720367.9999278963,726870.0000738201,731121.9999869289,732882.0001347528,752867.9998426728,763229.9997947098
710791.9998430932,712716.99982011,713812.0004883711,720201.9995898156,720367.9999278963,726870.0000738201,729557.999748196,731121.9999869289,732882.0001347528,739471.0001619543,763229.9997947098
710791.9998430932,712716.99982011,713812.0004883711,720201.9995898156,720367.9999278963,723606.9999731086,726870.0000738201,729557.999748196,732882.0001347528,746986.0001757746,763229.9997947098
712716.99982011,713812.0004883711,714301.9994491005,716691.9999838084,720367.9999278963,723606.9999731086,726870.0000738201,729557.999748196,732882.0001347528,746986.0001757746,763229.9997947098
704527.0004457553,713812.0004883711,714301.9994491005,716691.9999838084,720367.9999278963,726870.0000738201,729557.999748196,731796.9993474634,732882.0001347528,746986.0001757746,763229.9997947098
704527.0004457553,713812.0004883711,714101.9998969515,714301.9994491005,716691.9999838084,729557.999748196,731796.9993474634,732882.0001347528,733136.000104765,746986.0001757746,763229.9997947098
704527.0004457553,713812.0004883711,714101.9998969515,714301.9994491005,716691.9999838084,729557.999748196,731796.9993474634,733136.000104765,740906.0001031475,746986.0001757746,755205.9998263152
704527.0004457553,705608.9999827784,713812.0004883711,714301.9994491005,716691.9999838084,729557.999748196,731796.9993474634,740906.0001031475,741629.000018938,746986.0001757746,755205.9998263152
704527.0004457553,713812.0004883711,714138.9997602629,714301.9994491005,716691.9999838084,721027.9999707115,731796.9993474634,740906.0001031475,741629.000018938,746986.0001757746,755205.9998263152
713812.0004883711,714138.9997602629,714301.9994491005,714625.0000643836,716691.9999838084,721027.9999707115,721698.9997288351,740906.0001031475,741629.000018938,746986.0001757746,755205.9998263152
713812.0004883711,714138.9997602629,714301.9994491005,714625.0000643836,716691.9999838084,721698.9997288351,726107.0000532407,736549.9999364088,740906.0001031475,746986.0001757746,755205.9998263152
709008.9998196026,713812.0004883711,714138.9997602629,714301.9994491005,716691.9999838084,726107.0000532407,727314.9999736161,736549.9999364088,740906.0001031475,746986.0001757746,755205.9998263152
709008.9998196026,713812.0004883711,714138.9997602629,714301.9994491005,716691.9999838084,720197.9997379007,727314.9999736161,740906.0001031475,742459.0002517488,746986.0001757746,755205.9998263152
706389.0000011557,709008.9998196026,713812.0004883711,714301.9994491005,720197.9997379007,724441.9997429156,727314.9999736161,740906.0001031475,742459.0002517488,746986.0001757746,755205.9998263152
706389.0000011557,709008.9998196026,713097.0002069748,715016.9997304968,720197.9997379007,724441.9997429156,727314.9999736161,740906.0001031475,742459.0002517488,746986.0001757746,755205.9998263152
706389.0000011557,709008.9998196026,713097.0002069748,715016.9997304968,720197.9997379007,724441.9997429156,726324.0002086802,740906.0001031475,742459.0002517488,747976.9999407105,755205.9998263152
706389.0000011557,709008.9998196026,713018.0001255308,713097.0002069748,715016.9997304968,724441.9997429156,733503.9998210501,740906.0001031475,742459.0002517488,747976.9999407105,755205.9998263152
706389.0000011557,713018.0001255308,713097.0002069748,715016.9997304968,720236.9998873366,724441.9997429156,733503.9998210501,736748.9998729764,740906.0001031475,742459.0002517488,755205.9998263152
706389.0000011557,713018.0001255308,713097.0002069748,715016.9997304968,721559.0000100313,724441.9997429156,733503.9998210501,735426.9997502818,740906.0001031475,742459.0002517488,755205.9998263152
706389.0000011557,713097.0002069748,715016.9997304968,717981.9998714365,719477.9999970099,721559.0000100313,733503.9998210501,735426.9997502818,740906.0001031475,742459.0002517488,755205.9998263152
706389.0000011557,713097.0002069748,715016.9997304968,717981.9998714365,719477.9999970099,721559.0000100313,733503.9998210501,735426.9997502818,740906.0001031475,740925.0004594186,756739.9996186454
706389.0000011557,713097.0002069748,715016.9997304968,717981.9998714365,718265.9999982346,719477.9999970099,721559.0000100313,735426.9997502818,740906.0001031475,756163.0002822342,756739.9996186454
706389.0000011557,713097.0002069748,715016.9997304968,716613.0002210984,718265.9999982346,719477.9999970099,721559.0000100313,735426.9997502818,740906.0001031475,756739.9996186454,757531.9999325722
706389.0000011557,713097.0002069748,714806.9995891022,715016.9997304968,716613.0002210984,718265.9999982346,721559.0000100313,735426.9997502818,740906.0001031475,757531.9999325722,761411.000026553
706389.0000011557,713097.0002069748,714693.0000133693,715016.9997304968,716726.9997968314,718265.9999982346,721559.0000100313,735426.9997502818,740906.0001031475,757531.9999325722,761411.000026553
691723.9998582457,706389.0000011557,713097.0002069748,715016.9997304968,718265.9999982346,721559.0000100313,735426.9997502818,739695.9999519549,740906.0001031475,757531.9999325722,761411.000026553
706389.0000011557,713097.0002069748,715016.9997304968,715359.9995348103,717270.0004265829,718265.9999982346,721559.0000100313,735426.9997502818,739695.9999519549,757531.9999325722,761411.000026553
706389.0000011557,710330.9998205852,713097.0002069748,715016.9997304968,718265.9999982346,721559.0000100313,722299.0001408079,735426.9997502818,739695.9999519549,757531.9999325722,761411.000026553
706389.0000011557,710330.9998205852,713097.0002069748,715016.9997304968,718265.9999982346,722299.0001408079,723591.0000895108,735426.9997502818,739695.9999519549,757531.9999325722,759378.9999470735
696798.9999479299,706389.0000011557,713097.0002069748,715016.9997304968,718265.9999982346,722299.0001408079,735426.9997502818,737122.9999621662,739695.9999519549,757531.9999325722,759378.9999470735
696798.9999479299,706389.0000011557,713097.0002069748,714649.0001146911,715016.9997304968,722299.0001408079,735426.9997502818,737122.9999621662,743312.9998354984,757531.9999325722,759378.9999470735
696798.9999479299,706389.0000011557,713097.0002069748,715016.9997304968,722299.0001408079,722443.0001020932,735426.9997502818,735518.9998480963,737122.9999621662,757531.9999325722,759378.9999470735
696798.9999479299,706389.0000011557,713097.0002069748,715016.9997304968,722299.0001408079,722443.0001020932,731530.9997748843,735426.9997502818,741111.0000353782,757531.9999325722,759378.9999470735
696798.9999479299,706389.0000011557,712808.9996631683,713097.0002069748,715016.9997304968,722443.0001020932,735426.9997502818,741021.0002525239,741111.0000353782,757531.9999325722,759378.9999470735
696798.9999479299,706389.0000011557,712808.9996631683,713097.0002069748,715016.9997304968,725679.0000437105,735426.9997502818,737875.0000937609,741021.0002525239,757531.9999325722,759378.9999470735
696798.9999479299,705043.999955675,706389.0000011557,712808.9996631683,723069.9999817966,725679.0000437105,735426.9997502818,737875.0000937609,741021.0002525239,757531.9999325722,759378.9999470735
695456.9999469843,705043.999955675,706389.0000011557,712808.9996631683,723069.9999817966,725679.0000437105,736768.9997512273,737875.0000937609,741021.0002525239,757531.9999325722,759378.9999470735
695456.9999469843,705043.999955675,706389.0000011557,712808.9996631683,720594.0003928043,723069.9999817966,736768.9997512273,737875.0000937609,746105.9999034301,757531.9999325722,759378.9999470735
695456.9999469843,705043.999955675,706389.0000011557,712808.9996631683,720594.0003928043,721351.9997225886,736768.9997512273,737875.0000937609,746105.9999034301,759250.0001917803,759378.9999470735
705043.999955675,706389.0000011557,712808.9996631683,714070.0001284899,719261.9999122553,720594.0003928043,721351.9997225886,736768.9997512273,746105.9999034301,759250.0001917803,759378.9999470735
705043.999955675,706389.0000011557,712808.9996631683,717830.0001406091,719261.9999122553,720594.0003928043,721351.9997225886,736768.9997512273,746105.9999034301,755618.9999349543,759250.0001917803
705043.999955675,706389.0000011557,709075.000099344,712808.9996631683,720594.0003928043,721351.9997225886,728016.9999535205,736768.9997512273,746105.9999034301,755618.9999349543,759250.0001917803
705043.999955675,706389.0000011557,712808.9996631683,720594.0003928043,721351.9997225886,723940.0000832956,728016.9999535205,731240.9999194783,736768.9997512273,755618.9999349543,759250.0001917803
705043.999955675,706389.0000011557,712808.9996631683,721351.9997225886,723940.0000832956,724477.9999126589,727357.0003996235,728016.9999535205,736768.9997512273,755618.9999349543,759250.0001917803
705043.999955675,706389.0000011557,712808.9996631683,713330.9998806422,721351.9997225886,724477.9999126589,727357.0003996235,736768.9997512273,738626.000156174,755618.9999349543,759250.0001917803
704218.9997722569,706389.0000011557,712808.9996631683,713330.9998806422,722176.9999060066,724477.9999126589,727357.0003996235,736768.9997512273,738626.000156174,755618.9999349543,759250.0001917803
706389.0000011557,712808.9996631683,713330.9998806422,715682.9998751846,722176.9999060066,724477.9999126589,727357.0003996235,736768.9997512273,738626.000156174,747786.0000888526,755618.9999349543
706389.0000011557,712808.9996631683,715682.9998751846,722176.9999060066,724477.9999126589,727357.0003996235,733340.9998182175,735608.999997379,736768.9997512273,738626.000156174,747786.0000888526
706389.0000011557,712808.9996631683,714753.9999914026,715682.9998751846,722176.9999060066,724477.9999126589,727357.0003996235,735608.999997379,736768.9997512273,747786.0000888526,757212.9999829888
712808.9996631683,714753.9999914026,715682.9998751846,721544.0000134598,722176.9999060066,724477.9999126589,727357.0003996235,732631.0000765484,735608.999997379,736768.9997512273,757212.9999829888
712808.9996631683,714753.9999914026,715682.9998751846,721544.0000134598,722015.9995731642,722176.9999060066,729819.0007391183,732631.0000765484,735608.999997379,736768.9997512273,757212.9999829888
712808.9996631683,714753.9999914026,715682.9998751846,718364.000038319,721544.0000134598,722176.9999060066,732631.0000765484,733471.0002739634,735608.999997379,736768.9997512273,757212.9999829888
712808.9996631683,715682.9998751846,718364.000038319,720409.0000607437,721544.0000134598,722176.9999060066,726976.0000072075,733471.0002739634,735608.999997379,736768.9997512273,757212.9999829888
712808.9996631683,715682.9998751846,716187.0002701256,720409.0000607437,721544.0000134598,722176.9999060066,726976.0000072075,735608.999997379,735648.0000421569,736768.9997512273,757212.9999829888
712808.9996631683,715682.9998751846,716187.0002701256,720409.0000607437,721544.0000134598,722176.9999060066,725761.0000140924,735608.999997379,736768.9997512273,736863.000035272,757212.9999829888
712808.9996631683,715682.9998751846,716187.0002701256,721544.0000134598,722176.9999060066,724354.0000548922,725761.0000140924,731664.0000032305,736768.9997512273,736863.000035272,757212.9999829888
712808.9996631683,715682.9998751846,716187.0002701256,721544.0000134598,722176.9999060066,725761.0000140924,727606.9999914782,728411.0000666445,736768.9997512273,736863.000035272,757212.9999829888
712808.9996631683,714193.0000718175,715682.9998751846,716187.0002701256,721544.0000134598,722176.9999060066,728411.0000666445,736768.9997512273,736863.000035272,739174.9999337529,757212.9999829888
712808.9996631683,714193.0000718175,715682.9998751846,716187.0002701256,721544.0000134598,722176.9999060066,733044.9999896592,734541.0000107383,736768.9997512273,736863.000035272,757212.9999829888
712808.9996631683,715682.9998751846,716187.0002701256,721544.0000134598,721901.0000549674,722176.9999060066,725337.0000065094,734541.0000107383,736768.9997512273,736863.000035272,757212.9999829888
707781.9999185512,712808.9996631683,716187.0002701256,721901.0000549674,722176.9999060066,725337.0000065094,729444.9999700933,734541.0000107383,736768.9997512273,736863.000035272,757212.9999829888
707781.9999185512,712808.9996631683,717330.999986818,721901.0000549674,722176.9999060066,725337.0000065094,729444.9999700933,734541.0000107383,735719.0003185796,736768.9997512273,757212.9999829888
707781.9999185512,712808.9996631683,721901.0000549674,722176.9999060066,725337.0000065094,729444.9999700933,734541.0000107383,735719.0003185796,736343.9999471566,736768.9997512273,738200.0000226502
707781.9999185512,712808.9996631683,718498.9994169801,721901.0000549674,722176.9999060066,729444.9999700933,734541.0000107383,735719.0003185796,736343.9999471566,738200.0000226502,743607.0003407566
712808.9996631683,713117.9997287705,718498.9994169801,721901.0000549674,722176.9999060066,724109.000159874,734541.0000107383,735719.0003185796,736343.9999471566,738200.0000226502,743607.0003407566
712808.9996631683,713117.9997287705,718498.9994169801,719557.9996557673,721901.0000549674,722176.9999060066,724109.000159874,734541.0000107383,738200.0000226502,743607.0003407566,752505.0006099688
712808.9996631683,713117.9997287705,718498.9994169801,721901.0000549674,722176.9999060066,724109.000159874,724765.999757724,732991.9999206936,734541.0000107383,743607.0003407566,752505.0006099688
696012.9999291133,712808.9996631683,718498.9994169801,721901.0000549674,722176.9999060066,724765.999757724,732991.9999206936,734541.0000107383,741213.9999595311,743607.0003407566,752505.0006099688
696012.9999291133,712808.9996631683,718498.9994169801,718692.9998876948,721901.0000549674,722176.9999060066,724765.999757724,741213.9999595311,743607.0003407566,748840.000043737,752505.0006099688
696012.9999291133,704106.9994272602,712808.9996631683,718498.9994169801,721901.0000549674,722176.9999060066,739352.0002181586,741213.9999595311,743607.0003407566,748840.000043737,752505.0006099688
696012.9999291133,704106.9994272602,712808.9996631683,721901.0000549674,722176.9999060066,726408.9998686514,735696.9998890853,739352.0002181586,741213.9999595311,748840.000043737,752505.0006099688
693191.0003791024,704106.9994272602,712808.9996631683,721901.0000549674,724998.9994560175,726408.9998686514,735696.9998890853,739352.0002181586,741213.9999595311,748840.000043737,752505.0006099688
693191.0003791024,704106.9994272602,712808.9996631683,716806.9999034125,724998.9994560175,726408.9998686514,739352.0002181586,740791.0000406401,741213.9999595311,748840.000043737,752505.0006099688
693191.0003791024,712808.9996631683,716806.9999034125,724496.0006979962,724998.9994560175,726408.9998686514,732115.9993392328,739352.0002181586,740791.0000406401,741213.9999595311,748840.000043737
693191.0003791024,704039.9999735703,716806.9999034125,724998.9994560175,726408.9998686514,732115.9993392328,733265.0003875942,739352.0002181586,740791.0000406401,741213.9999595311,748840.000043737
693191.0003791024,704039.9999735703,716806.9999034125,720440.9994974234,724998.9994560175,726408.9998686514,733265.0003875942,740791.0000406401,741213.9999595311,748840.000043737,751027.000059968
693191.0003791024,704039.9999735703,714290.999500154,716806.9999034125,724998.9994560175,726408.9998686514,733265.0003875942,740791.0000406401,741213.9999595311,748840.000043737,757177.0000572373
693191.0003791024,704039.9999735703,714290.999500154,716806.9999034125,724998.9994560175,726408.9998686514,730003.9999930452,740791.0000406401,741213.9999595311,752101.000438286,757177.0000572373
693191.0003791024,704039.9999735703,716806.9999034125,718005.9995703637,724998.9994560175,726408.9998686514,730003.9999930452,740791.0000406401,741213.9999595311,748386.0003680764,757177.0000572373
693191.0003791024,704039.9999735703,714602.9995107257,716806.9999034125,724998.9994560175,726408.9998686514,730003.9999930452,740791.0000406401,741213.9999595311,751789.0004277143,757177.0000572373
693191.0003791024,704039.9999735703,714602.9995107257,723062.0000349181,724998.9994560175,726408.9998686514,730003.9999930452,734535.9999091346,741213.9999595311,751789.0004277143,757177.0000572373
704039.9999735703,713688.9998570313,714602.9995107257,720716.0004816023,723062.0000349181,724998.9994560175,726408.9998686514,730003.9999930452,734535.9999091346,751789.0004277143,757177.0000572373
704039.9999735703,713688.9998570313,720716.0004816023,723062.0000349181,724998.9994560175,726408.9998686514,730003.9999930452,731336.9994878188,734535.9999091346,740443.0000801443,751789.0004277143
713688.9998570313,715536.9997558821,720716.0004816023,723062.0000349181,724998.9994560175,726408.9998686514,730003.9999930452,731336.9994878188,734535.9999091346,740292.0006454026,740443.0000801443
713688.9998570313,715536.9997558821,718082.0001379864,720716.0004816023,724998.9994560175,726408.9998686514,730003.9999930452,731336.9994878188,739515.9998060663,740292.0006454026,740443.0000801443
713688.9998570313,713747.000004614,715536.9997558821,720716.0004816023,724998.9994560175,726408.9998686514,730003.9999930452,731336.9994878188,740292.0006454026,740443.0000801443,743850.9999394387
701009.9998983452,715536.9997558821,720716.0004816023,724998.9994560175,726408.9998686514,726425.9999633001,730003.9999930452,731336.9994878188,740292.0006454026,740443.0000801443,743850.9999394387
701009.9998983452,718457.9997783708,720716.0004816023,724998.9994560175,726408.9998686514,726425.9999633001,730003.9999930452,731336.9994878188,737371.0006229138,740443.0000801443,743850.9999394387
707429.9999945633,718457.9997783708,720005.999867082,720716.0004816023,724998.9994560175,726408.9998686514,730003.9999930452,731336.9994878188,737371.0006229138,740443.0000801443,743850.9999394387
708926.0000266003,718457.9997783708,720005.999867082,720716.0004816023,723502.9994239805,726408.9998686514,730003.9999930452,731336.9994878188,737371.0006229138,740443.0000801443,743850.9999394387
708926.0000266003,720005.999867082,720716.0004816023,723336.9999060178,723502.9994239805,726408.9998686514,730003.9999930452,731336.9994878188,732492.0004952669,740443.0000801443,743850.9999394387
708926.0000266003,720005.999867082,720716.0004816023,723502.9994239805,726351.9999473218,726408.9998686514,729477.0004539628,730003.9999930452,731336.9994878188,740443.0000801443,743850.9999394387
708926.0000266003,718037.0000392136,720005.999867082,720716.0004816023,723502.9994239805,726351.9999473218,726408.9998686514,729477.0004539628,731336.9994878188,740443.0000801443,755817.9998932703
708926.0000266003,713801.9994828487,718037.0000392136,720005.999867082,720716.0004816023,723502.9994239805,726351.9999473218,726408.9998686514,729477.0004539628,755817.9998932703,757978.0000851144
708926.0000266003,713801.9994828487,714736.9996258318,718037.0000392136,720005.999867082,726351.9999473218,726408.9998686514,729477.0004539628,729482.0002797509,755817.9998932703,757978.0000851144
708926.0000266003,714736.9996258318,718037.0000392136,720005.999867082,726351.9999473218,726408.9998686514,726415.999519292,729477.0004539628,729482.0002797509,745364.000048671,755817.9998932703
713274.9999698945,714736.9996258318,718037.0000392136,720005.999867082,725133.0003364567,726351.9999473218,726408.9998686514,726415.999519292,729477.0004539628,745364.000048671,755817.9998932703
713274.9999698945,714736.9996258318,718473.9993982669,720005.999867082,725133.0003364567,725979.0001602387,726351.9999473218,726408.9998686514,729477.0004539628,745364.000048671,755817.9998932703
713274.9999698945,714736.9996258318,715208.000179369,718473.9993982669,720005.999867082,725133.0003364567,726351.9999473218,729477.0004539628,737179.9998495211,745364.000048671,755817.9998932703
713274.9999698945,714736.9996258318,718473.9993982669,720005.999867082,725133.0003364567,726351.9999473218,729477.0004539628,729565.0000076476,737179.9998495211,741461.0000649919,745364.000048671
705367.9998745439,714736.9996258318,718473.9993982669,725133.0003364567,726351.9999473218,727912.9999624327,729477.0004539628,729565.0000076476,737179.9998495211,741461.0000649919,745364.000048671
705367.9998745439,714736.9996258318,718028.9994602025,725133.0003364567,726351.9999473218,727912.9999624327,729477.0004539628,729565.0000076476,737179.9998495211,741461.0000649919,745808.9999867354
705634.9997240424,714469.9997763333,718028.9994602025,725133.0003364567,726351.9999473218,727912.9999624327,729477.0004539628,729565.0000076476,737179.9998495211,741461.0000649919,745808.9999867354
705634.9997240424,714469.9997763333,716491.000006708,718028.9994602025,725133.0003364567,726351.9999473218,729477.0004539628,729565.0000076476,737179.9998495211,745808.9999867354,752883.0000207166
705634.9997240424,716491.000006708,717841.0001316735,718028.9994602025,721761.9999811165,726351.9999473218,729477.0004539628,729565.0000076476,737179.9998495211,745808.9999867354,752883.0000207166
693193.9996663829,705634.9997240424,717841.0001316735,721761.9999811165,726351.9999473218,729477.0004539628,729565.0000076476,737179.9998495211,741325.9998005277,745808.9999867354,752883.0000207166
693193.9996663829,705634.9997240424,717740.0006032975,717841.0001316735,721761.9999811165,729565.0000076476,737179.9998495211,738088.9997979872,741325.9998005277,745808.9999867354,752883.0000207166
705634.9997240424,709381.9999245104,713376.9997495201,717740.0006032975,717841.0001316735,721761.9999811165,737179.9998495211,738088.9997979872,741325.9998005277,745808.9999867354,752883.0000207166
705634.9997240424,709381.9999245104,715978.9999545362,717740.0006032975,717841.0001316735,721761.9999811165,737179.9998495211,738088.9997979872,741325.9998005277,745808.9999867354,750280.9998157005
705634.9997240424,714856.9998318206,715978.9999545362,717740.0006032975,717841.0001316735,721761.9999811165,731704.9999422109,738088.9997979872,741325.9998005277,745808.9999867354,750280.9998157005
705634.9997240424,714856.9998318206,715978.9999545362,717841.0001316735,719682.0004004396,721761.9999811165,731704.9999422109,736147.000000845,741325.9998005277,745808.9999867354,750280.9998157005
705634.9997240424,714856.9998318206,715978.9999545362,717841.0001316735,721761.9999811165,723076.0004983117,731704.9999422109,732752.9999029728,741325.9998005277,745808.9999867354,750280.9998157005
705634.9997240424,715978.9999545362,717841.0001316735,718462.9999212797,721761.9999811165,723076.0004983117,728098.9998527516,732752.9999029728,741325.9998005277,745808.9999867354,750280.9998157005
705634.9997240424,715978.9999545362,718462.9999212797,718622.9998300679,720980.0002827222,723076.0004983117,728098.9998527516,732752.9999029728,741325.9998005277,745808.9999867354,750280.9998157005
705634.9997240424,713248.9998083406,715978.9999545362,718622.9998300679,720980.0002827222,723076.0004983117,728098.9998527516,732752.9999029728,741325.9998005277,745808.9999867354,755494.9999286396
705634.9997240424,713248.9998083406,715978.9999545362,718622.9998300679,720980.0002827222,728098.9998527516,729754.9999740297,732752.9999029728,734647.0003248097,745808.9999867354,755494.9999286396
705634.9997240424,713248.9998083406,715978.9999545362,718152.9998938809,718622.9998300679,720980.0002827222,728098.9998527516,729754.9999740297,745808.9999867354,749247.0003339016,755494.9999286396
705634.9997240424,713248.9998083406,715978.9999545362,718152.9998938809,718622.9998300679,720980.0002827222,729754.9999740297,734229.0000463519,745808.9999867354,749247.0003339016,749364.9997350393
705634.9997240424,713248.9998083406,713580.9998970716,715978.9999545362,718152.9998938809,718622.9998300679,720980.0002827222,734229.0000463519,749247.0003339016,749364.9997350393,761983.0000636935
701656.9996028501,705634.9997240424,715978.9999545362,718152.9998938809,718622.9998300679,720980.0002827222,725173.0001025621,734229.0000463519,749247.0003339016,749364.9997350393,761983.0000636935
705634.9997240424,715978.9999545362,718152.9998938809,718622.9998300679,720980.0002827222,722535.9997387242,725173.0001025621,734229.0000463519,741103.9999278194,749247.0003339016,749364.9997350393
705634.9997240424,713075.0010063696,715978.9999545362,718622.9998300679,720980.0002827222,722535.9997387242,725173.0001025621,734229.0000463519,741103.9999278194,749364.9997350393,754324.9992214129
705634.9997240424,715787.0001235235,715978.9999545362,718622.9998300679,720980.0002827222,722535.9997387242,725173.0001025621,734229.0000463519,741103.9999278194,749364.9997350393,751613.000104259
705634.9997240424,715787.0001235235,715978.9999545362,718622.9998300679,720980.0002827222,722535.9997387242,725173.0001025621,727611.999982622,741103.9999278194,751613.000104259,755981.9997987694
705634.9997240424,715978.9999545362,718622.9998300679,720980.0002827222,722535.9997387242,725173.0001025621,727437.0004746731,727611.999982622,739962.9997531094,741103.9999278194,755981.9997987694
705634.9997240424,715978.9999545362,718622.9998300679,720980.0002827222,725173.0001025621,727437.0004746731,727611.999982622,728146.9997431216,735492.999923422,739962.9997531094,755981.9997987694
705634.9997240424,718622.9998300679,720919.9999781277,720980.0002827222,722670.9999590305,725173.0001025621,727437.0004746731,728146.9997431216,735492.999923422,739962.9997531094,755981.9997987694
705634.9997240424,717118.0001043029,718622.9998300679,720919.9999781277,720980.0002827222,727437.0004746731,728146.9997431216,730725.9999572898,735492.999923422,739962.9997531094,755981.9997987694
705902.9999799916,717118.0001043029,718622.9998300679,720712.000026773,720919.9999781277,727437.0004746731,728146.9997431216,730725.9999572898,735492.999923422,739962.9997531094,755981.9997987694
705902.9999799916,715481.9998282327,717118.0001043029,718622.9998300679,720712.000026773,720919.9999781277,727437.0004746731,735492.999923422,739962.9997531094,743390.9998721787,755981.9997987694
705902.9999799916,714918.9999191329,715481.9998282327,717118.0001043029,718622.9998300679,720712.000026773,720919.9999781277,735492.999923422,743390.9998721787,752481.0003086496,755981.9997987694
710715.999526855,713810.0002832045,714918.9999191329,715481.9998282327,717118.0001043029,720712.000026773,720919.9999781277,735492.999923422,743390.9998721787,752481.0003086496,755981.9997987694
710715.999526855,713810.0002832045,715481.9998282327,717118.0001043029,719048.9994072043,720712.000026773,720919.9999781277,735492.999923422,743390.9998721787,748351.0008205781,755981.9997987694
710715.999526855,713810.0002832045,715481.9998282327,716373.0000392289,717118.0001043029,719048.9994072043,720712.000026773,720919.9999781277,748351.0008205781,755981.9997987694,762510.9997563718
710715.999526855,713810.0002832045,715481.9998282327,716373.0000392289,717118.0001043029,720712.000026773,720919.9999781277,733128.9998602959,734271.0003674865,755981.9997987694,762510.9997563718
710715.999526855,713701.9998479116,713810.0002832045,715481.9998282327,717118.0001043029,720919.9999781277,723383.0002180903,733128.9998602959,734271.0003674865,755981.9997987694,762510.9997563718
710715.999526855,713701.9998479116,713810.0002832045,715481.9998282327,716978.0000470262,721060.0000354043,723383.0002180903,733128.9998602959,734271.0003674865,755981.9997987694,762510.9997563718
710715.999526855,713701.9998479116,713810.0002832045,715481.9998282327,716978.0000470262,719730.9998155229,721060.0000354043,723383.0002180903,747669.0004122595,755981.9997987694,762510.9997563718
709395.999500603,710715.999526855,715481.9998282327,716978.0000470262,718116.0006305132,719730.9998155229,721060.0000354043,723383.0002180903,747669.0004122595,755981.9997987694,762510.9997563718
704061.9998502326,709395.999500603,715481.9998282327,716978.0000470262,719730.9998155229,721060.0000354043,723383.0002180903,724770.0003071355,747669.0004122595,755981.9997987694,762510.9997563718
697465.0000420061,715481.9998282327,715992.9993088294,716978.0000470262,719730.9998155229,721060.0000354043,723383.0002180903,724770.0003071355,747669.0004122595,755981.9997987694,762510.9997563718
697465.0000420061,714030.0003754748,715481.9998282327,715992.9993088294,716978.0000470262,719730.9998155229,721060.0000354043,724770.0003071355,755981.9997987694,757022.0002548749,762510.9997563718
697465.0000420061,712124.9999792303,714030.0003754748,715481.9998282327,715992.9993088294,719730.9998155229,724770.0003071355,725913.0001032002,755981.9997987694,757022.0002548749,762510.9997563718
697465.0000420061,712124.9999792303,714030.0003754748,715992.9993088294,719730.9998155229,720950.999805343,724770.0003071355,725913.0001032002,755981.9997987694,757022.0002548749,757041.9997792615
696645.0000684729,712124.9999792303,714030.0003754748,715992.9993088294,719730.9998155229,720950.999805343,725590.0002806687,725913.0001032002,755981.9997987694,757022.0002548749,757041.9997792615
696645.0000684729,714030.0003754748,715992.9993088294,718576.9999559638,719461.0001264667,719730.9998155229,720950.999805343,725590.0002806687,755981.9997987694,757022.0002548749,757041.9997792615
696645.0000684729,714030.0003754748,715992.9993088294,718576.9999559638,719461.0001264667,720950.999805343,725590.0002806687,733519.99961179,743233.0004586079,755981.9997987694,757041.9997792615
696645.0000684729,714030.0003754748,715807.9998097401,715992.9993088294,718576.9999559638,719461.0001264667,725590.0002806687,733519.99961179,748376.0004542108,755981.9997987694,757041.9997792615
691375.000222685,696645.0000684729,715992.9993088294,718576.9999559638,719461.0001264667,725590.0002806687,733519.99961179,738462.9999625299,748376.0004542108,755981.9997987694,757041.9997792615
691375.000222685,696645.0000684729,715992.9993088294,718357.000046646,718576.9999559638,719461.0001264667,725590.0002806687,738462.9999625299,755981.9997987694,757041.9997792615,763539.0000193547
695260.000241537,696645.0000684729,714691.9999371119,715992.9993088294,718357.000046646,719461.0001264667,725590.0002806687,738462.9999625299,755981.9997987694,757041.9997792615,763539.0000193547
695260.000241537,709312.9999689138,712922.0003802278,714691.9999371119,715992.9993088294,718357.000046646,719461.0001264667,738462.9999625299,755981.9997987694,757041.9997792615,763539.0000193547
709312.9999689138,712922.0003802278,713615.0001781269,714691.9999371119,715992.9993088294,718357.000046646,719461.0001264667,738462.9999625299,738686.9998426719,755981.9997987694,763539.0000193547
709312.9999689138,712922.0003802278,714691.9999371119,715992.9993088294,718357.000046646,719461.0001264667,722850.0000537885,729451.9999670102,738462.9999625299,755981.9997987694,763539.0000193547
709312.9999689138,712922.0003802278,714259.0001229143,714691.9999371119,715992.9993088294,718357.000046646,719461.0001264667,738042.9998978844,738462.9999625299,755981.9997987694,763539.0000193547
709312.9999689138,712922.0003802278,714691.9999371119,715992.9993088294,716317.0002353598,718357.000046646,719461.0001264667,735984.999785439,738462.9999625299,755981.9997987694,763539.0000193547
708369.0002919852,713866.0000571564,714691.9999371119,715992.9993088294,716317.0002353598,718357.000046646,719461.0001264667,735984.999785439,738462.9999625299,755981.9997987694,763539.0000193547
708369.0002919852,713866.0000571564,714691.9999371119,715992.9993088294,718357.000046646,719461.0001264667,720239.0000898062,732062.9999309926,738462.9999625299,755981.9997987694,763539.0000193547
706046.0001157896,708369.0002919852,713866.0000571564,715992.9993088294,718357.000046646,719461.0001264667,728884.9999111284,732062.9999309926,738462.9999625299,755981.9997987694,763539.0000193547
708369.0002919852,709045.999473906,712992.999950713,713866.0000571564,718357.000046646,719461.0001264667,728884.9999111284,732062.9999309926,738462.9999625299,755981.9997987694,763539.0000193547
708369.0002919852,709045.999473906,710297.0000087923,712992.999950713,713866.0000571564,718357.000046646,732062.9999309926,738049.0000288029,738462.9999625299,755981.9997987694,763539.0000193547
703460.0003639698,709045.999473906,710297.0000087923,712992.999950713,718357.000046646,718774.9999851718,732062.9999309926,738049.0000288029,738462.9999625299,755981.9997987694,763539.0000193547
703460.0003639698,709045.999473906,710297.0000087923,712992.999950713,718357.000046646,718774.9999851718,722412.0000093894,738462.9999625299,747699.9999504061,755981.9997987694,763539.0000193547
703460.0003639698,709045.999473906,710297.0000087923,718357.000046646,718774.9999851718,720047.000085336,722412.0000093894,738462.9999625299,740645.9998157831,755981.9997987694,763539.0000193547
703460.0003639698,709045.999473906,710297.0000087923,716058.9999825892,718357.000046646,718774.9999851718,722412.0000093894,738462.9999625299,744633.99991853,755981.9997987694,763539.0000193547
703460.0003639698,709045.999473906,710297.0000087923,718357.000046646,718774.9999851718,722412.0000093894,725936.9999686158,734755.9999325033,738462.9999625299,755981.9997987694,763539.0000193547
703460.0003639698,709045.999473906,710297.0000087923,713579.9999506088,718357.000046646,718774.9999851718,725936.9999686158,734755.9999325033,747295.0000213104,755981.9997987694,763539.0000193547
703460.0003639698,709045.999473906,710297.0000087923,718357.000046646,718495.9999531785,718774.9999851718,721020.9999660461,734755.9999325033,747295.0000213104,755981.9997987694,763539.0000193547
703460.0003639698,709045.999473906,718357.000046646,718495.9999531785,718774.9999851718,721020.9999660461,722015.9997880025,734755.9999325033,744263.0000195592,747295.0000213104,763539.0000193547
703460.0003639698,709045.999473906,715064.9999397987,718357.000046646,718774.9999851718,721020.9999660461,722015.9997880025,734755.9999325033,747295.0000213104,747694.0000329389,763539.0000193547
703460.0003639698,709045.999473906,715064.9999397987,718357.000046646,718774.9999851718,719126.9999987088,721020.9999660461,734755.9999325033,747295.0000213104,750582.9998222325,763539.0000193547
703460.0003639698,709045.999473906,712253.999922654,715064.9999397987,718357.000046646,718774.9999851718,721020.9999660461,741629.0000085582,747295.0000213104,750582.9998222325,763539.0000193547
703460.0003639698,709045.999473906,712253.999922654,718357.000046646,718774.9999851718,719499.9997158651,721020.9999660461,741629.0000085582,746148.0000461661,747295.0000213104,763539.0000193547
703460.0003639698,709045.999473906,710063.9999396525,712253.999922654,718774.9999851718,719499.9997158651,729314.0000730396,741629.0000085582,746148.0000461661,747295.0000213104,763539.0000193547
703460.0003639698,710063.9999396525,711004.9998773293,712253.999922654,716815.9995817485,719499.9997158651,729314.0000730396,741629.0000085582,746148.0000461661,747295.0000213104,763539.0000193547
703460.0003639698,711004.9998773293,712253.999922654,716815.9995817485,719499.9997158651,725114.999919676,729314.0000730396,732244.0000412869,741629.0000085582,746148.0000461661,763539.0000193547
703460.0003639698,711004.9998773293,712417.9998246079,716815.9995817485,719499.9997158651,724951.0000177221,729314.0000730396,732244.0000412869,741629.0000085582,746148.0000461661,763539.0000193547
703460.0003639698,711004.9998773293,716815.9995817485,718164.0000587647,719499.9997158651,724951.0000177221,726497.9998071301,729314.0000730396,741629.0000085582,746148.0000461661,763539.0000193547
703460.0003639698,711004.9998773293,716815.9995817485,718164.0000587647,724951.0000177221,726497.9998071301,727800.9997392378,729314.0000730396,733327.9999851855,746148.0000461661,763539.0000193547
697306.0000549521,716815.9995817485,717159.000186347,718164.0000587647,724951.0000177221,726497.9998071301,727800.9997392378,729314.0000730396,733327.9999851855,746148.0000461661,763539.0000193547
704229.0000658594,716815.9995817485,717159.000186347,718028.0000068148,718164.0000587647,726497.9998071301,727800.9997392378,729314.0000730396,733327.9999851855,746148.0000461661,763539.0000193547
704229.0000658594,716815.9995817485,717159.000186347,718028.0000068148,718164.0000587647,726497.9998071301,727800.9997392378,729314.0000730396,734549.9999715718,744926.0000597798,763539.0000193547
704229.0000658594,716815.9995817485,717159.000186347,718028.0000068148,718164.0000587647,726497.9998071301,729314.0000730396,734549.9999715718,734898.000083565,737828.9997154527,763539.0000193547
704229.0000658594,710498.0000847247,716815.9995817485,717159.000186347,718028.0000068148,729314.0000730396,734163.99978117,734549.9999715718,734898.000083565,737828.9997154527,763539.0000193547
704229.0000658594,710498.0000847247,716815.9995817485,717159.000186347,718028.0000068148,722382.9999671185,729314.0000730396,734163.99978117,734898.000083565,749995.999719906,763539.0000193547
692635.9998772516,710498.0000847247,717159.000186347,718028.0000068148,722382.9999671185,728408.9997703563,729314.0000730396,734163.99978117,734898.000083565,749995.999719906,763539.0000193547
692635.9998772516,710498.0000847247,717159.000186347,718028.0000068148,722382.9999671185,728408.9997703563,729314.0000730396,734898.000083565,737406.0003602323,749995.999719906,760296.9994402926
692635.9998772516,710498.0000847247,717159.000186347,718028.0000068148,722382.9999671185,728408.9997703563,728734.0003224051,729314.0000730396,737406.0003602323,756159.9994810659,760296.9994402926
692635.9998772516,717159.000186347,718028.0000068148,722043.0003081938,722382.9999671185,725861.0001367632,728408.9997703563,728734.0003224051,729314.0000730396,756159.9994810659,760296.9994402926
705539.9996311535,715505.0000164544,717159.000186347,718028.0000068148,722043.0003081938,722382.9999671185,725861.0001367632,728734.0003224051,729314.0000730396,756159.9994810659,760296.9994402926
705539.9996311535,713438.0003851495,715505.0000164544,717159.000186347,718028.0000068148,722043.0003081938,725861.0001367632,729314.0000730396,737678.9999043741,756159.9994810659,760296.9994402926
693277.9996270548,713438.0003851495,715505.0000164544,718028.0000068148,722043.0003081938,725861.0001367632,729314.0000730396,729421.0001904458,737678.9999043741,756159.9994810659,760296.9994402926
708098.9998862449,713438.0003851495,714599.9999312557,715505.0000164544,718028.0000068148,722043.0003081938,725861.0001367632,729314.0000730396,737678.9999043741,756159.9994810659,760296.9994402926
708098.9998862449,713438.0003851495,714599.9999312557,715505.0000164544,720961.0000662691,722043.0003081938,725861.0001367632,729314.0000730396,734745.9998449199,756159.9994810659,760296.9994402926
708098.9998862449,713438.0003851495,714599.9999312557,715505.0000164544,722043.0003081938,722841.0000014226,725861.0001367632,729314.0000730396,734745.9998449199,756159.9994810659,758416.9995051391
708098.9998862449,713438.0003851495,714599.9999312557,715505.0000164544,722043.0003081938,722841.0000014226,729314.0000730396,729696.0001371243,730910.9998445588,756159.9994810659,758416.9995051391
708098.9998862449,714599.9999312557,715505.0000164544,720537.0002056522,722043.0003081938,722841.0000014226,729314.0000730396,729696.0001371243,730910.9998445588,749060.9996605632,758416.9995051391
708098.9998862449,714599.9999312557,715505.0000164544,720537.0002056522,722841.0000014226,729314.0000730396,729559.999852596,729696.0001371243,730910.9998445588,749060.9996605632,750899.999960737
708098.9998862449,714599.9999312557,715505.0000164544,715873.9999944867,720537.0002056522,729314.0000730396,729559.999852596,729696.0001371243,737877.9998514947,749060.9996605632,750899.999960737
697859.9999160125,714599.9999312557,715873.9999944867,720537.0002056522,725743.9999866867,729314.0000730396,729559.999852596,729696.0001371243,737877.9998514947,749060.9996605632,750899.999960737
697859.9999160125,714599.9999312557,715873.9999944867,720537.0002056522,725743.9999866867,729314.0000730396,729559.999852596,735755.000069245,737877.9998514947,744841.0000286163,749060.9996605632
697859.9999160125,714599.9999312557,716371.0002644352,720039.9999357037,725743.9999866867,729314.0000730396,729559.999852596,735755.000069245,737877.9998514947,744841.0000286163,749060.9996605632
697859.9999160125,706460.999958904,714599.9999312557,716371.0002644352,729314.0000730396,729559.999852596,735755.000069245,737877.9998514947,739322.9999634865,744841.0000286163,749060.9996605632
697859.9999160125,706460.999958904,714599.9999312557,716371.0002644352,718880.9998498582,729314.0000730396,729559.999852596,739322.9999634865,744841.0000286163,749060.9996605632,754752.0000708814
698558.0000509141,706460.999958904,713901.9997963541,716371.0002644352,718880.9998498582,729314.0000730396,729559.999852596,739322.9999634865,744841.0000286163,749060.9996605632,754752.0000708814
698558.0000509141,706460.999958904,713901.9997963541,716371.0002644352,717206.9994205243,718880.9998498582,739322.9999634865,741667.0005051112,744841.0000286163,749060.9996605632,754752.0000708814
698558.0000509141,706460.999958904,713901.9997963541,716371.0002644352,717206.9994205243,718880.9998498582,739322.9999634865,739512.0000238774,744841.0000286163,749060.9996605632,756907.0005521153
698558.0000509141,706460.999958904,713901.9997963541,716371.0002644352,717206.9994205243,718880.9998498582,730556.9998649976,739322.9999634865,749060.9996605632,753796.0001874962,756907.0005521153
698558.0000509141,706460.999958904,713901.9997963541,717206.9994205243,718432.9998847361,718880.9998498582,730556.9998649976,739322.9999634865,746999.0000402622,753796.0001874962,756907.0005521153
698558.0000509141,706460.999958904,713901.9997963541,716981.000133532,717206.9994205243,718432.9998847361,730556.9998649976,739322.9999634865,746999.0000402622,755695.9999038224,756907.0005521153
698558.0000509141,706628.0000248549,713734.9997304032,716981.000133532,717206.9994205243,718432.9998847361,730556.9998649976,739322.9999634865,746999.0000402622,755695.9999038224,756907.0005521153
698558.0000509141,706628.0000248549,713734.9997304032,715302.0001138629,716981.000133532,717206.9994205243,730556.9998649976,739322.9999634865,750129.9998111355,755695.9999038224,756907.0005521153
698558.0000509141,706628.0000248549,713734.9997304032,715302.0001138629,716981.000133532,730556.9998649976,733212.0001028689,739322.9999634865,740901.9998697707,750129.9998111355,755695.9999038224
698558.0000509141,706628.0000248549,713734.9997304032,716981.000133532,726555.9996074849,730556.9998649976,733212.0001028689,738876.0003175135,739322.9999634865,740901.9998697707,755695.9999038224
698558.0000509141,706628.0000248549,716346.9997954086,716981.000133532,726555.9996074849,730556.9998649976,733212.0001028689,736710.9998984811,738876.0003175135,740901.9998697707,755695.9999038224
698558.0000509141,706628.0000248549,716346.9997954086,716981.000133532,722634.0001426154,726555.9996074849,736710.9998984811,738876.0003175135,740901.9998697707,741134.999825251,755695.9999038224
698558.0000509141,706628.0000248549,714008.0000908298,716346.9997954086,716981.000133532,726555.9996074849,736710.9998984811,738876.0003175135,740901.9998697707,749760.9998770367,755695.9999038224
698558.0000509141,706628.0000248549,716346.9997954086,716981.000133532,723459.0001621571,726555.9996074849,736710.9998984811,738876.0003175135,740309.9998057093,740901.9998697707,755695.9999038224
698558.0000509141,712848.0002187828,716346.9997954086,716981.000133532,723459.0001621571,726555.9996074849,730490.9997045532,738876.0003175135,740309.9998057093,740901.9998697707,755695.9999038224
698558.0000509141,712848.0002187828,716346.9997954086,716981.000133532,722097.9998437497,723459.0001621571,730490.9997045532,740309.9998057093,740901.9998697707,743334.0000812487,755695.9999038224
698558.0000509141,712848.0002187828,716346.9997954086,716981.000133532,722097.9998437497,722098.0003336371,730490.9997045532,740309.9998057093,742262.9996982907,743334.0000812487,755695.9999038224
698558.0000509141,712848.0002187828,713433.9998313797,716346.9997954086,716981.000133532,722098.0003336371,730490.9997045532,740309.9998057093,742262.9996982907,751998.0000936186,755695.9999038224
698558.0000509141,712848.0002187828,712950.000221969,716346.9997954086,716981.000133532,722098.0003336371,730490.9997045532,740309.9998057093,742262.9996982907,752481.9997030294,755695.9999038224
698558.0000509141,712848.0002187828,712950.000221969,716981.000133532,721661.9998107004,722098.0003336371,725175.9996892613,740309.9998057093,742262.9996982907,752481.9997030294,755695.9999038224
698558.0000509141,712848.0002187828,716981.000133532,721661.9998107004,722098.0003336371,725175.9996892613,732951.0000409314,735695.00008486,740309.9998057093,742262.9996982907,752481.9997030294
698558.0000509141,712848.0002187828,714770.9999588339,721661.9998107004,722098.0003336371,725175.9996892613,732951.0000409314,735695.00008486,742262.9996982907,742519.9999804074,752481.9997030294
698558.0000509141,712848.0002187828,715850.999732977,721661.9998107004,722098.0003336371,725175.9996892613,732951.0000409314,735695.00008486,741440.0002062643,742262.9996982907,752481.9997030294
698558.0000509141,712848.0002187828,715879.0001522236,721661.9998107004,722098.0003336371,725175.9996892613,732951.0000409314,735695.00008486,741411.9997870177,742262.9996982907,752481.9997030294
698558.0000509141,712848.0002187828,715879.0001522236,719072.0001012534,721661.9998107004,725175.9996892613,732951.0000409314,735695.00008486,741411.9997870177,745288.9999306744,752481.9997030294
698558.0000509141,712848.0002187828,713241.0001237392,715879.0001522236,719072.0001012534,721661.9998107004,725175.9996892613,741411.9997870177,745288.9999306744,752481.9997030294,755405.0000020522
698558.0000509141,712848.0002187828,714871.0000049424,715879.0001522236,719072.0001012534,721661.9998107004,725175.9996892613,741411.9997870177,745288.9999306744,750851.9998218261,755405.0000020522
700126.0000229656,712848.0002187828,714871.0000049424,715879.0001522236,719072.0001012534,721661.9998107004,723607.9997172098,741411.9997870177,745288.9999306744,750851.9998218261,755405.0000020522
700126.0000229656,712848.0002187828,715879.0001522236,719072.0001012534,721661.9998107004,723607.9997172098,724194.0000540542,741411.9997870177,741528.9997727145,745288.9999306744,755405.0000020522
700126.0000229656,712848.0002187828,716652.9999885669,719072.0001012534,721661.9998107004,723607.9997172098,724194.0000540542,740637.9999506746,741528.9997727145,745288.9999306744,755405.0000020522
700126.0000229656,712848.0002187828,716652.9999885669,717439.0003591698,721661.9998107004,723607.9997172098,724194.0000540542,741528.9997727145,742270.9996927582,745288.9999306744,755405.0000020522
698981.0002892013,713992.9999525471,716652.9999885669,717439.0003591698,721661.9998107004,723607.9997172098,724194.0000540542,741528.9997727145,742270.9996927582,745288.9999306744,755405.0000020522
698981.0002892013,714686.9996814324,716652.9999885669,717439.0003591698,721661.9998107004,722913.9999883246,724194.0000540542,741528.9997727145,742270.9996927582,745288.9999306744,755405.0000020522
698981.0002892013,714686.9996814324,716652.9999885669,717439.0003591698,721661.9998107004,721686.9999796619,722913.9999883246,742270.9996927582,744035.9998471068,745288.9999306744,755405.0000020522
698981.0002892013,714686.9996814324,716652.9999885669,717439.0003591698,721661.9998107004,722913.9999883246,731247.999755835,734475.0000709336,742270.9996927582,745288.9999306744,755405.0000020522
698981.0002892013,714686.9996814324,717439.0003591698,720149.99968984,721661.9998107004,722913.9999883246,731247.999755835,734475.0000709336,738773.999991485,745288.9999306744,755405.0000020522
698981.0002892013,714150.0001156994,717439.0003591698,720149.99968984,721661.9998107004,723450.9995540576,731247.999755835,734475.0000709336,738773.999991485,745288.9999306744,755405.0000020522
698981.0002892013,714937.0000843282,717439.0003591698,720149.99968984,720874.9998420716,723450.9995540576,731247.999755835,734475.0000709336,738773.999991485,745288.9999306744,755405.0000020522
698981.0002892013,714937.0000843282,717439.0003591698,720874.9998420716,723450.9995540576,727871.9999590261,731051.9997222989,731247.999755835,734475.0000709336,745288.9999306744,755405.0000020522
698981.0002892013,714017.9996246308,714937.0000843282,717439.0003591698,720874.9998420716,723450.9995540576,731247.999755835,734475.0000709336,744906.0000566943,745288.9999306744,755405.0000020522
698981.0002892013,713859.0003723031,714017.9996246308,714937.0000843282,720874.9998420716,723450.9995540576,731247.999755835,734475.0000709336,744906.0000566943,748868.9999175412,755405.0000020522
698981.0002892013,699736.000177851,714937.0000843282,720874.9998420716,723450.9995540576,728140.9998190829,731247.999755835,734475.0000709336,744906.0000566943,748868.9999175412,755405.0000020522
698981.0002892013,699736.000177851,714937.0000843282,720874.9998420716,723450.9995540576,728140.9998190829,729662.0001031103,731247.999755835,744906.0000566943,748868.9999175412,760217.9999698754
698981.0002892013,699736.000177851,714937.0000843282,720874.9998420716,723450.9995540576,728140.9998190829,729662.0001031103,735337.0000697443,744906.0000566943,748868.9999175412,756128.9996559662
699736.000177851,706062.0000632937,713794.0000679791,714937.0000843282,723450.9995540576,728140.9998190829,729662.0001031103,735337.0000697443,744906.0000566943,748868.9999175412,756128.9996559662
699736.000177851,702055.9998841196,713794.0000679791,718943.0002635024,723450.9995540576,728140.9998190829,729662.0001031103,735337.0000697443,744906.0000566943,748868.9999175412,756128.9996559662
699736.000177851,702055.9998841196,713794.0000679791,718943.0002635024,723450.9995540576,728140.9998190829,731400.0001581041,735337.0000697443,743168.0000017005,748868.9999175412,756128.9996559662
699736.000177851,700242.0001281337,715607.9998239651,718943.0002635024,723450.9995540576,728140.9998190829,731400.0001581041,735337.0000697443,743168.0000017005,748868.9999175412,756128.9996559662
699736.000177851,700242.0001281337,712908.000115791,715607.9998239651,718943.0002635024,723450.9995540576,728140.9998190829,743168.0000017005,748868.9999175412,753829.0001120574,756128.9996559662
699736.000177851,704599.000350169,712908.000115791,714586.0000414669,715607.9998239651,723450.9995540576,728140.9998190829,743168.0000017005,748868.9999175412,753829.0001120574,756128.9996559662
699736.000177851,704599.000350169,712908.000115791,715607.9998239651,716447.0001550579,721589.9994404666,728140.9998190829,743168.0000017005,748868.9999175412,753829.0001120574,756128.9996559662
699736.000177851,700544.0001605005,704599.000350169,712908.000115791,715607.9998239651,728140.9998190829,737492.999435024,743168.0000017005,748868.9999175412,753829.0001120574,756128.9996559662
699736.000177851,700544.0001605005,712908.000115791,715349.0002668966,715607.9998239651,726742.9995182964,728140.9998190829,743168.0000017005,748868.9999175412,753829.0001120574,756128.9996559662
699736.000177851,700544.0001605005,712908.000115791,715349.0002668966,715607.9998239651,717851.9998870093,726742.9995182964,748868.9999175412,753456.9999337741,753829.0001120574,756128.9996559662
699736.000177851,700544.0001605005,712908.000115791,715349.0002668966,715607.9998239651,726742.9995182964,732364.9997651832,738944.0000556002,748868.9999175412,753829.0001120574,756128.9996559662
700544.0001605005,712908.000115791,715349.0002668966,715607.9998239651,724261.999497157,724343.000598235,726742.9995182964,732364.9997651832,738944.0000556002,753829.0001120574,756128.9996559662
700544.0001605005,710257.999810941,712908.000115791,720699.0002799206,724261.999497157,724343.000598235,726742.9995182964,732364.9997651832,738944.0000556002,753829.0001120574,756128.9996559662
700544.0001605005,710257.999810941,718910.00012068,720699.0002799206,724261.999497157,724343.000598235,726742.9995182964,732364.9997651832,738944.0000556002,747827.0001071685,756128.9996559662
700544.0001605005,710257.999810941,716438.0005407116,718910.00012068,720699.0002799206,726742.9995182964,732166.9995546805,732364.9997651832,738944.0000556002,747827.0001071685,756128.9996559662
700544.0001605005,710257.999810941,713935.0002048999,716438.0005407116,720699.0002799206,726742.9995182964,732166.9995546805,732364.9997651832,743918.9999713802,747827.0001071685,756128.9996559662
700544.0001605005,710257.999810941,713935.0002048999,716438.0005407116,721515.0000358118,725926.9997624053,732166.9995546805,732364.9997651832,743918.9999713802,747827.0001071685,756128.9996559662
700544.0001605005,710257.999810941,713935.0002048999,720589.9996956141,721515.0000358118,725926.9997624053,728015.000399778,732364.9997651832,743918.9999713802,747827.0001071685,756128.9996559662
700544.0001605005,710257.999810941,713935.0002048999,714127.0003204045,721515.0000358118,725926.9997624053,732364.9997651832,734477.9997749877,743918.9999713802,747827.0001071685,756128.9996559662
700544.0001605005,708926.9998700494,710257.999810941,714127.0003204045,721515.0000358118,725926.9997624053,734477.9997749877,737373.0001000337,743918.9999713802,747827.0001071685,756128.9996559662
700544.0001605005,708926.9998700494,710257.999810941,717196.999607581,721515.0000358118,725926.9997624053,731408.0004878113,737373.0001000337,743918.9999713802,747827.0001071685,756128.9996559662
700544.0001605005,708926.9998700494,710257.999810941,716371.0000415884,717196.999607581,731070.9997566286,731408.0004878113,737373.0001000337,743918.9999713802,747827.0001071685,756128.9996559662
700544.0001605005,708926.9998700494,710257.999810941,716371.0000415884,717196.999607581,718087.0000133596,731070.9997566286,731408.0004878113,747827.0001071685,756128.9996559662,763205.0000580543
700544.0001605005,708926.9998700494,710257.999810941,716371.0000415884,717196.999607581,720158.0001294706,731070.9997566286,731408.0004878113,745755.9999910574,756128.9996559662,763205.0000580543
700544.0001605005,708926.9998700494,710257.999810941,716333.0002285952,716371.0000415884,717196.999607581,720158.0001294706,731070.9997566286,756128.9996559662,760831.0002502735,763205.0000580543
700544.0001605005,710257.999810941,713607.9997358986,716333.0002285952,716371.0000415884,717196.999607581,720158.0001294706,731070.9997566286,756128.9996559662,756150.0003844243,763205.0000580543
700544.0001605005,710257.999810941,713607.9997358986,716371.0000415884,717196.999607581,720158.0001294706,727456.0000591383,731070.9997566286,745027.0005538813,756128.9996559662,763205.0000580543
700544.0001605005,710257.999810941,714334.9999230223,716371.0000415884,717196.999607581,720158.0001294706,727456.0000591383,731070.9997566286,744300.0003667575,756128.9996559662,763205.0000580543
700544.0001605005,710257.999810941,713942.9999984313,714334.9999230223,716371.0000415884,720158.0001294706,730709.9996682879,731070.9997566286,744300.0003667575,756128.9996559662,763205.0000580543
700544.0001605005,710257.999810941,713942.9999984313,714334.9999230223,714845.9998896278,720158.0001294706,730709.9996682879,732595.9999085893,744300.0003667575,756128.9996559662,763205.0000580543
710257.999810941,712947.0003696175,713942.9999984313,714334.9999230223,714845.9998896278,720158.0001294706,720192.9996994723,730709.9996682879,744300.0003667575,756128.9996559662,763205.0000580543
700063.0002785124,710257.999810941,713942.9999984313,714334.9999230223,714845.9998896278,720158.0001294706,730709.9996682879,733076.9997905775,744300.0003667575,756128.9996559662,763205.0000580543
700063.0002785124,710257.999810941,713942.9999984313,714845.9998896278,717204.9999758407,720158.0001294706,730709.9996682879,733076.9997905775,744300.0003667575,756128.9996559662,760335.000005236
700063.0002785124,710257.999810941,712839.0002579107,713942.9999984313,714845.9998896278,720158.0001294706,730709.9996682879,733076.9997905775,748666.0000846875,756128.9996559662,760335.000005236
700063.0002785124,710257.999810941,713942.9999984313,714845.9998896278,719704.0000713074,720158.0001294706,723844.9998548912,733076.9997905775,748666.0000846875,756128.9996559662,760335.000005236
700063.0002785124,713942.9999984313,714845.9998896278,715712.9998081444,719704.0000713074,720158.0001294706,723844.9998548912,733076.9997905775,748666.0000846875,754880.0000080327,756128.9996559662
700063.0002785124,709996.0002906846,713942.9999984313,714845.9998896278,715712.9998081444,720158.0001294706,733076.9997905775,733552.999635514,748666.0000846875,754880.0000080327,756128.9996559662
698482.0000861733,709996.0002906846,713942.9999984313,715712.9998081444,716427.0000819669,720158.0001294706,733076.9997905775,733552.999635514,748666.0000846875,754880.0000080327,756128.9996559662
709996.0002906846,713793.9998911965,713942.9999984313,715712.9998081444,716427.0000819669,717764.9999855543,720158.0001294706,733552.999635514,748666.0000846875,754880.0000080327,756128.9996559662
709996.0002906846,713793.9998911965,713942.9999984313,715712.9998081444,716427.0000819669,717764.9999855543,729750.999954624,733552.999635514,745287.0001828793,748666.0000846875,756128.9996559662
709996.0002906846,713793.9998911965,713942.9999984313,716427.0000819669,717764.9999855543,717849.9998854895,727613.9998772789,733552.999635514,745287.0001828793,748666.0000846875,756128.9996559662
705718.999814522,709996.0002906846,713942.9999984313,717764.9999855543,717849.9998854895,724502.0001586414,727613.9998772789,733552.999635514,745287.0001828793,748666.0000846875,756128.9996559662
705718.999814522,706616.0001202684,717323.0001688475,717764.9999855543,717849.9998854895,724502.0001586414,727613.9998772789,733552.999635514,745287.0001828793,748666.0000846875,756128.9996559662
705718.999814522,706616.0001202684,717764.9999855543,717849.9998854895,724502.0001586414,724915.000239277,727613.9998772789,733552.999635514,741074.000014258,745287.0001828793,756128.9996559662
705718.999814522,706616.0001202684,716177.999967922,717849.9998854895,724915.000239277,726089.0001762736,727613.9998772789,733552.999635514,741074.000014258,745287.0001828793,756128.9996559662
705718.999814522,706616.0001202684,716177.999967922,717849.9998854895,719380.000144117,724915.000239277,726089.0001762736,733552.999635514,741074.000014258,753520.9999160412,756128.9996559662
705718.999814522,706616.0001202684,717706.9999086662,717849.9998854895,719380.000144117,724560.0002355294,724915.000239277,733552.999635514,741074.000014258,753520.9999160412,756128.9996559662
705718.999814522,706616.0001202684,715382.9998339546,717706.9999086662,719380.000144117,724560.0002355294,724915.000239277,733552.999635514,741074.000014258,755987.999967576,756128.9996559662
705296.9999109242,706616.0001202684,715804.9997375524,717706.9999086662,719380.000144117,724560.0002355294,724915.000239277,733552.999635514,741074.000014258,755987.999967576,756128.9996559662
705296.9999109242,706616.0001202684,715804.9997375524,717706.9999086662,724560.0002355294,724915.000239277,733552.999635514,736530.0000044677,738978.9997956156,741074.000014258,755987.999967576
705296.9999109242,715804.9997375524,717706.9999086662,718500.999890467,721667.9998653154,724560.0002355294,724915.000239277,736530.0000044677,738978.9997956156,741074.000014258,755987.999967576
712987.0001623799,715804.9997375524,717224.9999878213,717706.9999086662,718500.999890467,721667.9998653154,724560.0002355294,736530.0000044677,738978.9997956156,741074.000014258,755987.999967576
712987.0001623799,715033.0001537469,715804.9997375524,717224.9999878213,718500.999890467,721667.9998653154,727233.9999904487,736530.0000044677,738978.9997956156,741074.000014258,755987.999967576
712987.0001623799,715033.0001537469,715804.9997375524,718500.999890467,721667.9998653154,727233.9999904487,733178.0000931941,736530.0000044677,738978.9997956156,740034.9998622033,741074.000014258
712987.0001623799,715033.0001537469,715804.9997375524,718500.999890467,721667.9998653154,727233.9999904487,733178.0000931941,733300.9998605644,740034.9998622033,741074.000014258,742207.9999395189
712987.0001623799,715033.0001537469,715804.9997375524,718500.999890467,721667.9998653154,724186.9998591597,727233.9999904487,733178.0000931941,741074.000014258,742207.9999395189,749148.9998636079
712987.0001623799,714682.0000732624,716155.9998180369,718500.999890467,721667.9998653154,724186.9998591597,727233.9999904487,733178.0000931941,741074.000014258,742207.9999395189,749148.9998636079
714682.0000732624,716155.9998180369,718500.999890467,721667.9998653154,722184.0000280336,723981.0002275404,724186.9998591597,727233.9999904487,741074.000014258,742207.9999395189,749148.9998636079
706613.0000720861,716155.9998180369,718500.999890467,721667.9998653154,723981.0002275404,724186.9998591597,727233.9999904487,730253.0000292099,741074.000014258,742207.9999395189,749148.9998636079
705338.0002264725,706613.0000720861,716155.9998180369,723981.0002275404,724186.9998591597,727233.9999904487,730253.0000292099,734830.9995293099,741074.000014258,742207.9999395189,749148.9998636079
705338.0002264725,716155.9998180369,717087.9999176194,723981.0002275404,724186.9998591597,727233.9999904487,730253.0000292099,734830.9995293099,738674.0000180746,741074.000014258,742207.9999395189
705338.0002264725,713919.9999075561,716155.9998180369,717087.9999176194,723981.0002275404,724186.9998591597,734830.9995293099,738674.0000180746,741074.000014258,742207.9999395189,743567.0001121025
705338.0002264725,712964.9999439567,713919.9999075561,716155.9998180369,723981.0002275404,724186.9998591597,734830.9995293099,738674.0000180746,741074.000014258,743567.0001121025,746330.9999131815
705338.0002264725,712964.9999439567,713919.9999075561,716155.9998180369,721066.0001595767,724186.9998591597,734830.9995293099,738674.0000180746,743567.0001121025,743989.0000822218,746330.9999131815
705338.0002264725,712964.9999439567,713919.9999075561,716155.9998180369,724186.9998591597,729302.9998763831,734830.9995293099,735752.0003654154,738674.0000180746,743567.0001121025,746330.9999131815
705338.0002264725,712964.9999439567,713770.9998742774,713919.9999075561,716155.9998180369,729302.9998763831,734830.9995293099,735752.0003654154,738674.0000180746,743567.0001121025,756746.9998980638
705338.0002264725,712964.9999439567,713770.9998742774,713919.9999075561,714333.0003445164,716155.9998180369,729302.9998763831,734830.9995293099,743567.0001121025,756746.9998980638,760093.0000389736
704941.0003696432,705338.0002264725,713770.9998742774,713919.9999075561,716155.9998180369,722356.9999188299,729302.9998763831,734830.9995293099,743567.0001121025,756746.9998980638,760093.0000389736
704941.0003696432,705338.0002264725,713919.9999075561,716155.9998180369,718283.0000037935,722356.9999188299,729302.9998763831,734830.9995293099,743567.0001121025,752234.9997685477,760093.0000389736
704941.0003696432,713919.9999075561,714883.9993793278,716155.9998180369,718283.0000037935,722356.9999188299,725285.0003764546,729302.9998763831,743567.0001121025,752234.9997685477,760093.0000389736
704941.0003696432,713919.9999075561,714883.9993793278,718283.0000037935,720199.0004811473,722356.9999188299,725285.0003764546,729302.9998763831,739523.9994489921,752234.9997685477,760093.0000389736
712941.0000388467,713919.9999075561,714883.9993793278,718283.0000037935,720199.0004811473,722356.9999188299,725285.0003764546,729302.9998763831,739523.9994489921,752093.0003697701,752234.9997685477
712941.0000388467,714883.9993793278,718283.0000037935,720199.0004811473,720393.9998300829,722356.9999188299,725285.0003764546,729302.9998763831,733049.9995264653,752093.0003697701,752234.9997685477
712941.0000388467,713259.9999947873,714883.9993793278,718283.0000037935,720393.9998300829,722356.9999188299,725285.0003764546,729302.9998763831,739989.0000128254,752093.0003697701,752234.9997685477
713259.9999947873,714883.9993793278,718283.0000037935,720393.9998300829,722356.9999188299,725285.0003764546,729302.9998763831,732337.0003487777,732697.0000598391,739989.0000128254,752234.9997685477
713259.9999947873,714883.9993793278,718283.0000037935,720393.9998300829,722356.9999188299,724170.0003548055,730417.9998980322,732337.0003487777,732697.0000598391,739989.0000128254,752234.9997685477
713259.9999947873,714883.9993793278,718283.0000037935,720393.9998300829,723997.9999488697,724170.0003548055,730417.9998980322,730696.0003187379,732697.0000598391,739989.0000128254,752234.9997685477
713259.9999947873,713833.9996243911,714883.9993793278,720393.9998300829,724170.0003548055,728447.0003282721,730417.9998980322,730696.0003187379,732697.0000598391,739989.0000128254,752234.9997685477
702471.9999968864,713259.9999947873,714883.9993793278,720393.9998300829,724170.0003548055,730417.9998980322,730696.0003187379,732697.0000598391,739808.9999557768,739989.0000128254,752234.9997685477
713259.9999947873,714883.9993793278,715115.0000472899,720054.0000094356,720393.9998300829,724170.0003548055,730417.9998980322,730696.0003187379,739808.9999557768,739989.0000128254,752234.9997685477
695100.9999924158,713259.9999947873,714883.9993793278,720393.9998300829,724170.0003548055,730417.9998980322,730696.0003187379,739808.9999557768,739989.0000128254,740068.0000643097,752234.9997685477
695100.9999924158,713259.9999947873,714883.9993793278,720393.9998300829,724170.0003548055,727286.0001604137,733828.0000563564,739808.9999557768,739989.0000128254,740068.0000643097,752234.9997685477
695100.9999924158,713259.9999947873,714883.9993793278,722575.9999315548,724170.0003548055,727286.0001604137,733828.0000563564,737806.9999113535,739808.9999557768,740068.0000643097,752234.9997685477
695100.9999924158,712892.0002824047,713259.9999947873,722575.9999315548,726161.9994517285,727286.0001604137,733828.0000563564,737806.9999113535,739808.9999557768,740068.0000643097,752234.9997685477
695100.9999924158,712892.0002824047,713259.9999947873,722575.9999315548,726161.9994517285,727585.0002449292,733528.9999718409,737806.9999113535,739808.9999557768,740068.0000643097,752234.9997685477
694297.0000433391,712892.0002824047,713259.9999947873,722575.9999315548,726161.9994517285,727585.0002449292,733528.9999718409,737806.9999113535,739808.9999557768,740872.0000133864,752234.9997685477
694297.0000433391,712892.0002824047,713259.9999947873,722575.9999315548,726161.9994517285,727585.0002449292,733528.9999718409,738187.9999584432,739808.9999557768,740490.9999662966,752234.9997685477
694297.0000433391,712892.0002824047,713259.9999947873,714325.0000525847,722575.9999315548,726161.9994517285,733528.9999718409,738187.9999584432,740490.9999662966,752234.9997685477,753069.0001481214
694297.0000433391,712892.0002824047,713259.9999947873,714325.0000525847,722575.9999315548,723555.9999147297,726161.9994517285,738187.9999584432,740490.9999662966,752234.9997685477,763042.0002052325
694297.0000433391,710323.9997317401,713259.9999947873,714325.0000525847,722575.9999315548,723555.9999147297,728730.0000023931,738187.9999584432,740490.9999662966,752234.9997685477,763042.0002052325
694297.0000433391,710323.9997317401,713041.9998113496,713259.9999947873,722575.9999315548,723555.9999147297,728730.0000023931,738187.9999584432,740490.9999662966,753518.0000097828,763042.0002052325
694297.0000433391,710323.9997317401,713041.9998113496,721350.9998393551,722575.9999315548,723555.9999147297,728730.0000023931,732400.0001217287,738187.9999584432,753518.0000097828,763042.0002052325
694297.0000433391,710323.9997317401,713041.9998113496,721350.9998393551,722575.9999315548,724594.0002124779,728730.0000023931,732400.0001217287,738187.9999584432,753518.0000097828,762003.9999074844
710323.9997317401,713041.9998113496,719388.9998726646,721350.9998393551,722575.9999315548,724594.0002124779,728426.0001804574,728730.0000023931,732400.0001217287,738187.9999584432,762003.9999074844
710323.9997317401,713993.9999806371,718436.999703377,721350.9998393551,722575.9999315548,724594.0002124779,728426.0001804574,728730.0000023931,732400.0001217287,738187.9999584432,762003.9999074844
710323.9997317401,717243.9999214748,718100.9998985174,718436.999703377,722575.9999315548,724594.0002124779,728426.0001804574,728730.0000023931,732400.0001217287,738187.9999584432,762003.9999074844
710323.9997317401,714138.9998952032,717243.9999214748,718100.9998985174,718436.999703377,722575.9999315548,728426.0001804574,732400.0001217287,738187.9999584432,739185.0003196679,762003.9999074844
714138.9998952032,714931.999575055,717243.9999214748,718100.9998985174,718436.999703377,722575.9999315548,728426.0001804574,732400.0001217287,734577.000476353,738187.9999584432,762003.9999074844
714032.9999743411,714138.9998952032,714931.999575055,717243.9999214748,718436.999703377,722575.9999315548,728426.0001804574,732400.0001217287,734577.000476353,742255.9998826195,762003.9999074844
714032.9999743411,714138.9998952032,714931.999575055,715997.0001317485,718436.999703377,722575.9999315548,729672.9999701837,732400.0001217287,734577.000476353,742255.9998826195,762003.9999074844
714032.9999743411,714138.9998952032,714931.999575055,715997.0001317485,718436.999703377,723148.0000410457,729672.9999701837,731828.0000122378,734577.000476353,742255.9998826195,762003.9999074844
714032.9999743411,714931.999575055,715997.0001317485,718436.999703377,723148.0000410457,729376.9999807682,729672.9999701837,731828.0000122378,734577.000476353,742255.9998826195,746765.9998219194
714032.9999743411,714172.9999106992,714931.999575055,715997.0001317485,718436.999703377,723148.0000410457,729376.9999807682,729672.9999701837,734577.000476353,746765.9998219194,759910.9999841581
713292.0001369071,714172.9999106992,714931.999575055,716737.9999691825,718436.999703377,723148.0000410457,729376.9999807682,729672.9999701837,734577.000476353,746765.9998219194,759910.9999841581
713292.0001369071,714172.9999106992,714255.9999715039,714931.999575055,718436.999703377,723148.0000410457,729672.9999701837,731858.9999784469,734577.000476353,746765.9998219194,759910.9999841581
713292.0001369071,714172.9999106992,714255.9999715039,714931.999575055,721137.9997931067,723148.0000410457,726971.999880454,731858.9999784469,734577.000476353,746765.9998219194,759910.9999841581
710169.9998051975,713292.0001369071,714931.999575055,718259.0000770056,721137.9997931067,723148.0000410457,726971.999880454,731858.9999784469,734577.000476353,746765.9998219194,759910.9999841581
712903.9999519178,713292.0001369071,714931.999575055,715524.9999302853,721137.9997931067,723148.0000410457,726971.999880454,731858.9999784469,734577.000476353,746765.9998219194,759910.9999841581
713292.0001369071,714931.999575055,715524.9999302853,718512.99985478,721137.9997931067,723148.0000410457,726971.999880454,731858.9999784469,734577.000476353,746765.9998219194,754302.0000812958
713292.0001369071,715524.9999302853,717023.9996490285,718512.99985478,721137.9997931067,723148.0000410457,726971.999880454,731858.9999784469,732485.0004023794,746765.9998219194,754302.0000812958
713292.0001369071,713360.9999765186,717023.9996490285,718512.99985478,721137.9997931067,725311.9999948124,726971.999880454,731858.9999784469,732485.0004023794,746765.9998219194,754302.0000812958
713292.0001369071,717023.9996490285,717240.000007775,718512.99985478,721137.9997931067,725311.9999948124,726971.999880454,727979.9999471904,732485.0004023794,746765.9998219194,754302.0000812958
713733.9999398466,717023.9996490285,717240.000007775,718512.99985478,721137.9997931067,725311.9999948124,726971.999880454,727979.9999471904,732485.0004023794,746324.0000189799,754302.0000812958
713733.9999398466,715168.9997179749,717023.9996490285,717240.000007775,718512.99985478,725311.9999948124,727979.9999471904,732485.0004023794,732940.9999555858,746324.0000189799,754302.0000812958
713733.9999398466,715168.9997179749,717023.9996490285,717240.000007775,718512.99985478,725311.9999948124,728696.9999512929,732223.9999514833,732485.0004023794,746324.0000189799,754302.0000812958
713733.9999398466,715168.9997179749,717023.9996490285,717312.000342342,718512.99985478,725311.9999948124,728696.9999512929,732223.9999514833,732413.0000678125,746324.0000189799,754302.0000812958
713423.9999470994,713733.9999398466,717023.9996490285,717312.000342342,718512.99985478,725311.9999948124,730441.9997221684,732223.9999514833,732413.0000678125,746324.0000189799,754302.0000812958
713733.9999398466,714981.9998925229,717023.9996490285,717312.000342342,718512.99985478,725311.9999948124,730441.9997221684,730666.0000060598,732413.0000678125,746324.0000189799,754302.0000812958
704405.9997501884,713733.9999398466,714981.9998925229,717023.9996490285,717312.000342342,730441.9997221684,730666.0000060598,732413.0000678125,739419.000099404,746324.0000189799,754302.0000812958
713733.9999398466,714981.9998925229,716216.9997346834,717023.9996490285,717312.000342342,730441.9997221684,730666.0000060598,732413.0000678125,739419.000099404,742491.000096801,746324.0000189799
714981.9998925229,715903.0001141918,716216.9997346834,717023.9996490285,717312.000342342,730243.9998934673,730441.9997221684,730666.0000060598,739419.000099404,742491.000096801,746324.0000189799
713886.0000085041,714981.9998925229,715903.0001141918,716216.9997346834,717023.9996490285,717312.000342342,730441.9997221684,739419.000099404,742491.000096801,746324.0000189799,747023.9998910229
713886.0000085041,714981.9998925229,715903.0001141918,717023.9996490285,717312.000342342,726822.0000765944,728813.999757493,730441.9997221684,742491.000096801,746324.0000189799,747023.9998910229
712964.0002294523,713886.0000085041,714981.9998925229,717023.9996490285,717312.000342342,726822.0000765944,728813.999757493,730441.9997221684,742491.000096801,746324.0000189799,749962.9997757624
713886.0000085041,714981.9998925229,717023.9996490285,717312.000342342,719111.0001718814,726822.0000765944,728813.999757493,730441.9997221684,742491.000096801,743815.9998333333,746324.0000189799
704385.0001686075,713886.0000085041,714981.9998925229,717023.9996490285,726822.0000765944,728813.999757493,730441.9997221684,732038.0003456159,742491.000096801,743815.9998333333,746324.0000189799
704385.0001686075,713213.999913581,713886.0000085041,714981.9998925229,717023.9996490285,726822.0000765944,728813.999757493,732038.0003456159,742491.000096801,743815.9998333333,763551.9998275674
713213.999913581,713886.0000085041,714981.9998925229,716461.0000298428,717023.9996490285,726822.0000765944,728813.999757493,731739.9999720978,732038.0003456159,742491.000096801,763551.9998275674
713661.0003263516,713886.0000085041,714981.9998925229,716461.0000298428,717023.9996490285,726822.0000765944,728813.999757493,731590.9999328452,731739.9999720978,742491.000096801,763551.9998275674
712869.0000202793,713661.0003263516,713886.0000085041,717023.9996490285,718573.9999020864,726822.0000765944,728813.999757493,731590.9999328452,731739.9999720978,742491.000096801,763551.9998275674
712869.0000202793,713661.0003263516,713886.0000085041,717023.9996490285,717999.0005952029,718573.9999020864,726822.0000765944,731590.9999328452,731739.9999720978,753305.999259091,763551.9998275674
709087.9998463781,712869.0000202793,713661.0003263516,717023.9996490285,717999.0005952029,723372.0000642125,726822.0000765944,731590.9999328452,731739.9999720978,753305.999259091,763551.9998275674
709087.9998463781,712869.0000202793,713661.0003263516,717023.9996490285,722709.9999146312,723372.0000642125,726822.0000765944,731590.9999328452,731739.9999720978,748594.9999396626,763551.9998275674
709087.9998463781,712869.0000202793,713661.0003263516,714512.9999562086,717023.9996490285,723372.0000642125,731590.9999328452,731739.9999720978,735019.000035017,748594.9999396626,763551.9998275674
709087.9998463781,709214.0003485095,712869.0000202793,714512.9999562086,721470.9996268706,723372.0000642125,731590.9999328452,731739.9999720978,735019.000035017,748594.9999396626,763551.9998275674
709087.9998463781,709214.0003485095,712869.0000202793,721470.9996268706,723372.0000642125,723567.9999999027,731590.9999328452,731739.9999720978,735019.000035017,739539.9998959686,763551.9998275674
700661.999994548,709087.9998463781,712869.0000202793,723372.0000642125,723567.9999999027,730022.999980832,731590.9999328452,731739.9999720978,735019.000035017,739539.9998959686,763551.9998275674
700661.999994548,709087.9998463781,712869.0000202793,723372.0000642125,727610.000225253,730022.999980832,731590.9999328452,731739.9999720978,735019.000035017,735497.9996706182,763551.9998275674
700661.999994548,709087.9998463781,712869.0000202793,713047.999748933,723372.0000642125,727610.000225253,730022.999980832,731590.9999328452,731739.9999720978,757468.9999567022,763551.9998275674
700661.999994548,710249.0001576599,712869.0000202793,713047.999748933,722210.9997529307,727610.000225253,730022.999980832,731590.9999328452,731739.9999720978,757468.9999567022,763551.9998275674
700661.999994548,701463.9997395318,710249.0001576599,712869.0000202793,727610.000225253,730022.999980832,731590.9999328452,731739.9999720978,733794.999762332,757468.9999567022,763551.9998275674
700661.999994548,701463.9997395318,710249.0001576599,712869.0000202793,714990.9999149846,727610.000225253,731739.9999720978,733794.999762332,746622.9999986927,757468.9999567022,763551.9998275674
700661.999994548,701463.9997395318,710249.0001576599,712869.0000202793,714990.9999149846,727635.9997469224,731739.9999720978,733769.0002406626,746622.9999986927,757468.9999567022,763551.9998275674
700661.999994548,701463.9997395318,710249.0001576599,712869.0000202793,718231.9999784512,727635.9997469224,728498.9999086312,733769.0002406626,746622.9999986927,757468.9999567022,763551.9998275674
700661.999994548,701463.9997395318,710249.0001576599,712869.0000202793,727635.9997469224,728498.9999086312,729529.999562744,733769.0002406626,735325.0004143998,757468.9999567022,763551.9998275674
701463.9997395318,710249.0001576599,711246.9999419099,712869.0000202793,724740.0004670379,727635.9997469224,728498.9999086312,729529.999562744,733769.0002406626,757468.9999567022,763551.9998275674
701463.9997395318,710249.0001576599,711246.9999419099,712869.0000202793,716030.9993938452,724740.0004670379,727635.9997469224,733769.0002406626,741998.00007753,757468.9999567022,763551.9998275674
698894.0000159722,710249.0001576599,711246.9999419099,715438.9997438388,716030.9993938452,724740.0004670379,727635.9997469224,733769.0002406626,741998.00007753,757468.9999567022,763551.9998275674
698894.0000159722,710249.0001576599,715438.9997438388,716030.9993938452,717041.000957425,718945.9994515228,727635.9997469224,733769.0002406626,741998.00007753,757468.9999567022,763551.9998275674
698894.0000159722,715438.9997438388,716030.9993938452,717041.000957425,718945.9994515228,724340.0001112616,727635.9997469224,727907.0001239283,733769.0002406626,757468.9999567022,763551.9998275674
698894.0000159722,712897.999440667,715438.9997438388,717041.000957425,722078.999404701,724340.0001112616,727635.9997469224,727907.0001239283,733769.0002406626,757468.9999567022,763551.9998275674
698894.0000159722,712897.999440667,715438.9997438388,717041.000957425,722078.999404701,724311.9999308779,724340.0001112616,727907.0001239283,737093.0000567071,757468.9999567022,763551.9998275674
698894.0000159722,702666.000754407,712897.999440667,715438.9997438388,724311.9999308779,724340.0001112616,727907.0001239283,736453.999607719,737093.0000567071,757468.9999567022,763551.9998275674
698486.9994158262,702666.000754407,713305.000040813,715438.9997438388,724311.9999308779,724340.0001112616,727907.0001239283,736453.999607719,737093.0000567071,757468.9999567022,763551.9998275674
698486.9994158262,702666.000754407,710855.0001519652,715438.9997438388,724311.9999308779,726790.0000001094,727907.0001239283,736453.999607719,737093.0000567071,757468.9999567022,763551.9998275674
694741.999826684,702666.000754407,710855.0001519652,715438.9997438388,724311.9999308779,727907.0001239283,730534.9995892516,736453.999607719,737093.0000567071,757468.9999567022,763551.9998275674
694741.999826684,699871.9999377264,710855.0001519652,715438.9997438388,724311.9999308779,727907.0001239283,730534.9995892516,737093.0000567071,739248.0004243996,757468.9999567022,763551.9998275674
694741.999826684,699871.9999377264,708788.9996193929,715438.9997438388,724311.9999308779,727907.0001239283,732601.0001218237,737093.0000567071,739248.0004243996,757468.9999567022,763551.9998275674
694741.999826684,699871.9999377264,708788.9996193929,715438.9997438388,719741.000291029,724311.9999308779,737093.0000567071,739248.0004243996,740766.999954723,757468.9999567022,763551.9998275674
694741.999826684,699871.9999377264,708788.9996193929,715438.9997438388,722168.0002046431,724311.9999308779,737093.0000567071,738340.0000411089,739248.0004243996,757468.9999567022,763551.9998275674
694741.999826684,699871.9999377264,708788.9996193929,718008.9998604438,721741.999814273,722168.0002046431,737093.0000567071,738340.0000411089,739248.0004243996,757468.9999567022,763551.9998275674
694527.999990881,699871.9999377264,708788.9996193929,718222.9996962468,721741.999814273,722168.0002046431,737093.0000567071,738340.0000411089,739248.0004243996,757468.9999567022,763551.9998275674
696050.0000936964,699871.9999377264,708788.9996193929,718222.9996962468,720646.0001018277,721741.999814273,737093.0000567071,738340.0000411089,739248.0004243996,757468.9999567022,763551.9998275674
696050.0000936964,699871.9999377264,718222.9996962468,720646.0001018277,721463.9996370239,721741.999814273,726573.0004067686,737093.0000567071,738340.0000411089,757468.9999567022,763551.9998275674
696200.0001755836,699871.9999377264,718222.9996962468,720496.0000199404,721463.9996370239,721741.999814273,726573.0004067686,737093.0000567071,738340.0000411089,757468.9999567022,763551.9998275674
696200.0001755836,699871.9999377264,717062.9997100843,718222.9996962468,720496.0000199404,721741.999814273,726573.0004067686,737093.0000567071,742740.9999680485,757468.9999567022,763551.9998275674
696200.0001755836,699871.9999377264,717062.9997100843,718222.9996962468,720496.0000199404,726573.0004067686,728106.0002750453,730728.9995959348,742740.9999680485,757468.9999567022,763551.9998275674
699871.9999377264,717062.9997100843,718222.9996962468,720496.0000199404,721582.0004282207,726573.0004067686,728106.0002750453,730728.9995959348,738169.9995749302,742740.9999680485,757468.9999567022
699871.9999377264,717062.9997100843,718222.9996962468,720496.0000199404,721582.0004282207,726573.0004067686,728117.0002191596,730728.9995959348,738169.9995749302,742740.9999680485,757458.0000125879
699871.9999377264,717062.9997100843,720496.0000199404,721582.0004282207,726573.0004067686,728117.0002191596,730192.9997347385,730728.9995959348,730770.9999295569,738169.9995749302,757458.0000125879
699871.9999377264,715092.9997558764,717062.9997100843,720496.0000199404,721582.0004282207,726573.0004067686,728117.0002191596,730728.9995959348,738169.9995749302,745870.999908419,757458.0000125879
699871.9999377264,712050.9997735727,715092.9997558764,720496.0000199404,721582.0004282207,728117.0002191596,730728.9995959348,731585.0003432803,738169.9995749302,745870.999908419,757458.0000125879
706046.0002811586,712050.9997735727,715092.9997558764,720496.0000199404,721582.0004282207,725410.9999998482,728117.0002191596,730728.9995959348,738169.9995749302,745870.999908419,757458.0000125879
706046.0002811586,712050.9997735727,713989.0003203608,715092.9997558764,725410.9999998482,728089.0001278004,728117.0002191596,730728.9995959348,738169.9995749302,745870.999908419,757458.0000125879
706046.0002811586,712050.9997735727,713989.0003203608,715092.9997558764,721438.9999967337,725410.9999998482,728089.0001278004,728117.0002191596,730728.9995959348,757458.0000125879,762601.9994866154
706046.0002811586,712050.9997735727,713989.0003203608,715092.9997558764,716400.999488785,721438.9999967337,725410.9999998482,728089.0001278004,742445.0003263094,757458.0000125879,762601.9994866154
706046.0002811586,712050.9997735727,713989.0003203608,715092.9997558764,715348.9998768697,721438.9999967337,725410.9999998482,728089.0001278004,743496.9999382247,757458.0000125879,762601.9994866154
706046.0002811586,712050.9997735727,715092.9997558764,715348.9998768697,720181.0004685847,721438.9999967337,721896.9999795764,725410.9999998482,743496.9999382247,757458.0000125879,762601.9994866154
706046.0002811586,712050.9997735727,713582.9999470296,715092.9997558764,715348.9998768697,720181.0004685847,721438.9999967337,725410.9999998482,751810.9999707715,757458.0000125879,762601.9994866154
706046.0002811586,708411.9997949469,712050.9997735727,715348.9998768697,720181.0004685847,720263.9999079591,721438.9999967337,725410.9999998482,751810.9999707715,757458.0000125879,762601.9994866154
706046.0002811586,708411.9997949469,712050.9997735727,720181.0004685847,720263.9999079591,721438.9999967337,725410.9999998482,731478.9999311798,735680.9999164614,757458.0000125879,762601.9994866154
702323.0002729271,708411.9997949469,715773.9997818042,720181.0004685847,720263.9999079591,721438.9999967337,725410.9999998482,731478.9999311798,735680.9999164614,757458.0000125879,762601.9994866154
708411.9997949469,711618.0002623987,715773.9997818042,716116.0000103766,720181.0004685847,720263.9999079591,721438.9999967337,731478.9999311798,735680.9999164614,757458.0000125879,762601.9994866154
708411.9997949469,711618.0002623987,715773.9997818042,716116.0000103766,719286.0004564277,720263.9999079591,721438.9999967337,731478.9999311798,735680.9999164614,757458.0000125879,763496.9994987724
708411.9997949469,711618.0002623987,715773.9997818042,716116.0000103766,719286.0004564277,720263.9999079591,721438.9999967337,731478.9999311798,734616.000095781,758522.9998332682,763496.9994987724
708411.9997949469,711618.0002623987,715773.9997818042,716116.0000103766,719286.0004564277,720263.9999079591,721438.9999967337,734601.999566184,734616.000095781,755400.000198264,763496.9994987724
694217.0003328794,711618.0002623987,715773.9997818042,716116.0000103766,720263.9999079591,721438.9999967337,733480.9999184952,734601.999566184,734616.000095781,755400.000198264,763496.9994987724
694217.0003328794,711618.0002623987,714814.0000850497,716116.0000103766,720263.9999079591,722398.9996934882,733480.9999184952,734601.999566184,734616.000095781,755400.000198264,763496.9994987724
694217.0003328794,711618.0002623987,714980.9999904042,716116.0000103766,720263.9999079591,722231.9997881337,733480.9999184952,734601.999566184,734616.000095781,755400.000198264,763496.9994987724
694217.0003328794,711618.0002623987,716116.0000103766,719616.9998324533,720263.9999079591,722231.9997881337,728845.0000764461,734601.999566184,734616.000095781,755400.000198264,763496.9994987724
694217.0003328794,711618.0002623987,716116.0000103766,719616.9998324533,722231.9997881337,723455.0000302986,725653.9999541066,734601.999566184,734616.000095781,755400.000198264,763496.9994987724
694217.0003328794,698470.9998487664,719616.9998324533,722231.9997881337,723455.0000302986,725653.9999541066,729263.0004240088,734601.999566184,734616.000095781,755400.000198264,763496.9994987724
694217.0003328794,701339.0003806002,719616.9998324533,722231.9997881337,723455.0000302986,725653.9999541066,726394.999892175,734601.999566184,734616.000095781,755400.000198264,763496.9994987724
694217.0003328794,701339.0003806002,719616.9998324533,722231.9997881337,723455.0000302986,725653.9999541066,726394.999892175,728388.0000740337,734601.999566184,761628.0002200113,763496.9994987724
693681.0001254044,701339.0003806002,719616.9998324533,722231.9997881337,723991.0002377734,725653.9999541066,726394.999892175,728388.0000740337,734601.999566184,761628.0002200113,763496.9994987724
693681.0001254044,713167.0003734175,714566.9998993576,719616.9998324533,722231.9997881337,723991.0002377734,725653.9999541066,728388.0000740337,734601.999566184,761628.0002200113,763496.9994987724
693681.0001254044,709536.0004552981,718197.999817477,719616.9998324533,722231.9997881337,723991.0002377734,725653.9999541066,728388.0000740337,734601.999566184,761628.0002200113,763496.9994987724
699162.9997702593,709536.0004552981,714135.0001875985,718197.999817477,722231.9997881337,723991.0002377734,725653.9999541066,728388.0000740337,734601.999566184,761628.0002200113,763496.9994987724
699162.9997702593,702358.0000759505,714135.0001875985,722231.9997881337,723991.0002377734,725376.0001968245,725653.9999541066,728388.0000740337,734601.999566184,761628.0002200113,763496.9994987724
699162.9997702593,702358.0000759505,714135.0001875985,722231.9997881337,723991.0002377734,725376.0001968245,728388.0000740337,730290.0002038053,734601.999566184,756991.9999703127,763496.9994987724
699162.9997702593,702358.0000759505,714135.0001875985,714343.0000307638,722231.9997881337,723991.0002377734,725376.0001968245,728388.0000740337,750548.9997392255,756991.9999703127,763496.9994987724
699162.9997702593,702358.0000759505,714135.0001875985,714347.9999429167,722231.9997881337,723991.0002377734,725376.0001968245,728388.0000740337,750543.9998270726,756991.9999703127,763496.9994987724
699162.9997702593,701857.0002761721,702358.0000759505,714347.9999429167,722231.9997881337,725376.0001968245,728388.0000740337,736269.0001491999,750543.9998270726,756991.9999703127,763496.9994987724
699162.9997702593,701857.0002761721,702358.0000759505,714347.9999429167,720932.0000243747,722231.9997881337,725376.0001968245,736269.0001491999,756991.9999703127,757999.9998767317,763496.9994987724
699162.9997702593,701857.0002761721,702358.0000759505,716331.9998411624,718948.000126129,722231.9997881337,725376.0001968245,736269.0001491999,756991.9999703127,757999.9998767317,763496.9994987724
698139.9997916411,699162.9997702593,701857.0002761721,702358.0000759505,722231.9997881337,725376.0001968245,736269.0001491999,737140.0001756502,756991.9999703127,757999.9998767317,763496.9994987724
699162.9997702593,701550.0001625309,701857.0002761721,702358.0000759505,722231.9997881337,725376.0001968245,733729.9998047604,736269.0001491999,756991.9999703127,757999.9998767317,763496.9994987724
699162.9997702593,701550.0001625309,701857.0002761721,702358.0000759505,707829.9998621,733729.9998047604,736269.0001491999,739778.0001228582,756991.9999703127,757999.9998767317,763496.9994987724
701550.0001625309,701857.0002761721,702358.0000759505,707829.9998621,713281.999813156,733729.9998047604,736269.0001491999,739778.0001228582,742872.999927416,757999.9998767317,763496.9994987724
701550.0001625309,701857.0002761721,702358.0000759505,707829.9998621,713281.999813156,720101.0000818567,736269.0001491999,739778.0001228582,756501.9996503197,757999.9998767317,763496.9994987724
701857.0002761721,702358.0000759505,707829.9998621,713281.999813156,720101.0000818567,720959.9999431339,736269.0001491999,737091.9998697168,739778.0001228582,757999.9998767317,763496.9994987724
701857.0002761721,702358.0000759505,707829.9998621,713281.999813156,715533.0002807851,720959.9999431339,736269.0001491999,739778.0001228582,741659.9996707884,757999.9998767317,763496.9994987724
701857.0002761721,707829.9998621,713281.999813156,715533.0002807851,715683.9997844206,720959.9999431339,726452.0004143881,736269.0001491999,741659.9996707884,757999.9998767317,763496.9994987724
696780.9998055609,701857.0002761721,715533.0002807851,715683.9997844206,720959.9999431339,724330.999869695,726452.0004143881,736269.0001491999,741659.9996707884,757999.9998767317,763496.9994987724
696780.9998055609,701857.0002761721,715533.0002807851,715652.9995300672,715683.9997844206,724330.999869695,726452.0004143881,736269.0001491999,746967.0000838551,757999.9998767317,763496.9994987724
696780.9998055609,701857.0002761721,715652.9995300672,715683.9997844206,719457.0001891146,724330.999869695,726452.0004143881,732345.0002408704,746967.0000838551,757999.9998767317,763496.9994987724
696780.9998055609,701857.0002761721,715652.9995300672,715683.9997844206,721065.0001060418,722722.9999527679,726452.0004143881,732345.0002408704,746967.0000838551,757999.9998767317,763496.9994987724
693959.9995229007,701857.0002761721,715652.9995300672,715683.9997844206,721065.0001060418,725544.0002354281,726452.0004143881,732345.0002408704,746967.0000838551,757999.9998767317,763496.9994987724
693959.9995229007,701857.0002761721,715683.9997844206,719486.9997050476,721065.0001060418,725544.0002354281,726452.0004143881,728511.00006589,746967.0000838551,757999.9998767317,763496.9994987724
693959.9995229007,701857.0002761721,715683.9997844206,721065.0001060418,725544.0002354281,726452.0004143881,728511.00006589,729254.9998713317,737198.999917571,757999.9998767317,763496.9994987724
693959.9995229007,701857.0002761721,712911.9998005321,715683.9997844206,721065.0001060418,725544.0002354281,726452.0004143881,728511.00006589,753541.9999883706,757999.9998767317,763496.9994987724
693959.9995229007,701857.0002761721,715683.9997844206,721065.0001060418,725544.0002354281,726293.9998305229,726452.0004143881,728511.00006589,744617.9998467409,753541.9999883706,763496.9994987724
701479.9997656085,701857.0002761721,713544.999863334,715683.9997844206,725544.0002354281,726293.9998305229,726452.0004143881,728511.00006589,744617.9998467409,753541.9999883706,763496.9994987724
701857.0002761721,709087.0000411301,713544.999863334,715683.9997844206,717936.9999599064,726293.9998305229,726452.0004143881,728511.00006589,744617.9998467409,753541.9999883706,763496.9994987724
701857.0002761721,709087.0000411301,713544.999863334,717768.0002461884,717936.9999599064,724367.9999526204,726293.9998305229,728511.00006589,744617.9998467409,753541.9999883706,763496.9994987724
701857.0002761721,709087.0000411301,713544.999863334,716052.9996699133,717768.0002461884,717936.9999599064,724367.9999526204,728511.00006589,753541.9999883706,754859.0000073505,763496.9994987724
701857.0002761721,709087.0000411301,713544.999863334,717768.0002461884,717936.9999599064,724367.9999526204,728511.00006589,729926.999792183,739667.9998661007,754859.0000073505,763496.9994987724
709087.0000411301,712918.9999263411,713544.999863334,717768.0002461884,717936.9999599064,724367.9999526204,728511.00006589,729926.999792183,739667.9998661007,752434.9998486033,754859.0000073505
709087.0000411301,712918.9999263411,716129.9998391904,717768.0002461884,717936.9999599064,724367.9999526204,725926.0000900335,729926.999792183,739667.9998661007,752434.9998486033,754859.0000073505
704422.0002789763,709087.0000411301,712918.9999263411,716129.9998391904,724367.9999526204,725926.0000900335,729926.999792183,731282.9999271184,739667.9998661007,752434.9998486033,754859.0000073505
704422.0002789763,709087.0000411301,713000.0000446774,716129.9998391904,724367.9999526204,725926.0000900335,729926.999792183,731282.9999271184,739667.9998661007,752353.999730267,754859.0000073505
700538.0000676224,704422.0002789763,713000.0000446774,724367.9999526204,724678.9998126981,725926.0000900335,729926.999792183,731282.9999271184,739667.9998661007,752353.999730267,754859.0000073505
700538.0000676224,704422.0002789763,713000.0000446774,716770.9999540083,724367.9999526204,725926.0000900335,729926.999792183,731282.9999271184,747575.9997247905,752353.999730267,754859.0000073505
700538.0000676224,704422.0002789763,713000.0000446774,717400.9998208379,724367.9999526204,725926.0000900335,729296.9999253534,731282.9999271184,747575.9997247905,752353.999730267,754859.0000073505
700538.0000676224,704422.0002789763,712896.9998885479,713000.0000446774,717400.9998208379,724367.9999526204,729296.9999253534,744312.000128604,747575.9997247905,752353.999730267,754859.0000073505
700538.0000676224,704422.0002789763,712896.9998885479,716430.0001104107,717400.9998208379,724367.9999526204,729296.9999253534,744312.000128604,747575.9997247905,748923.9996645337,754859.0000073505
700538.0000676224,704422.0002789763,712896.9998885479,716430.0001104107,717400.9998208379,724367.9999526204,729296.9999253534,735992.9998918731,748923.9996645337,754859.0000073505,755894.9999615214
700538.0000676224,704422.0002789763,712896.9998885479,717400.9998208379,724367.9999526204,729296.9999253534,729992.9999869167,735992.9998918731,742332.0000850154,748923.9996645337,754859.0000073505
700538.0000676224,712896.9998885479,713577.0005601612,715212.9996714354,717400.9998208379,729296.9999253534,729992.9999869167,735992.9998918731,742332.0000850154,748923.9996645337,754859.0000073505
700538.0000676224,712896.9998885479,713577.0005601612,715212.9996714354,717400.9998208379,720776.9999278883,729296.9999253534,735992.9998918731,748923.9996645337,751548.0001440438,754859.0000073505
700538.0000676224,712896.9998885479,713577.0005601612,715212.9996714354,717400.9998208379,720776.9999278883,729672.9999311893,735616.9998860372,748923.9996645337,751548.0001440438,754859.0000073505
700538.0000676224,712896.9998885479,713577.0005601612,715212.9996714354,717400.9998208379,726776.9999118301,729616.9999020954,729672.9999311893,748923.9996645337,751548.0001440438,754859.0000073505
700538.0000676224,712896.9998885479,713577.0005601612,715212.9996714354,717400.9998208379,719973.9998836374,729616.9999020954,736475.999959382,748923.9996645337,751548.0001440438,754859.0000073505
700538.0000676224,713577.0005601612,715212.9996714354,715292.9999842716,717400.9998208379,717577.9997879138,729616.9999020954,736475.999959382,748923.9996645337,751548.0001440438,754859.0000073505
700538.0000676224,713577.0005601612,715212.9996714354,715292.9999842716,717400.9998208379,717577.9997879138,729616.9999020954,736475.999959382,741772.9997049752,754859.0000073505,758699.0001036023
700538.0000676224,713577.0005601612,715212.9996714354,717241.0001301661,717400.9998208379,717577.9997879138,727668.9997562009,736475.999959382,741772.9997049752,754859.0000073505,758699.0001036023
700538.0000676224,713577.0005601612,715212.9996714354,717400.9998208379,717577.9997879138,727668.9997562009,734402.0000880907,736475.999959382,741538.0001456777,741772.9997049752,754859.0000073505
691373.9997372988,700538.0000676224,717400.9998208379,717577.9997879138,727668.9997562009,734402.0000880907,736475.999959382,737416.0004942978,741538.0001456777,741772.9997049752,754859.0000073505
700538.0000676224,710245.0003343351,717400.9998208379,717577.9997879138,718544.9998972615,727668.9997562009,734402.0000880907,736475.999959382,741538.0001456777,741772.9997049752,754859.0000073505
700795.0000575363,710245.0003343351,717400.9998208379,717577.9997879138,718544.9998972615,727411.999766287,734402.0000880907,736475.999959382,741538.0001456777,741772.9997049752,754859.0000073505
700795.0000575363,710245.0003343351,714943.9999215868,717577.9997879138,718544.9998972615,727411.999766287,734402.0000880907,736475.999959382,741538.0001456777,741772.9997049752,757315.9999066015
700795.0000575363,710245.0003343351,713501.0000028575,714943.9999215868,717577.9997879138,718544.9998972615,734402.0000880907,736475.999959382,741772.9997049752,755448.9999091071,757315.9999066015
700795.0000575363,710245.0003343351,714943.9999215868,716731.9999631536,717577.9997879138,718544.9998972615,733244.9999990859,734402.0000880907,741772.9997049752,755448.9999091071,757315.9999066015
700795.0000575363,710245.0003343351,713404.0000169146,714943.9999215868,716731.9999631536,717577.9997879138,718544.9998972615,733244.9999990859,755448.9999091071,757315.9999066015,762770.9997761513
700795.0000575363,710245.0003343351,714943.9999215868,716731.9999631536,717577.9997879138,718544.9998972615,733244.9999990859,734409.0000798759,734443.9998461457,757315.9999066015,762770.9997761513
700795.0000575363,710245.0003343351,714160.000000711,714943.9999215868,717577.9997879138,718544.9998972615,733244.9999990859,734409.0000798759,737015.9998085883,757315.9999066015,762770.9997761513
700795.0000575363,710245.0003343351,714160.000000711,714943.9999215868,716573.9998615428,717577.9997879138,718544.9998972615,734409.0000798759,753686.9999461314,757315.9999066015,762770.9997761513
700795.0000575363,710245.0003343351,714160.000000711,714943.9999215868,717577.9997879138,718544.9998972615,722954.9999576935,728027.9999837253,753686.9999461314,757315.9999066015,762770.9997761513
697418.9999865965,710245.0003343351,714160.000000711,714943.9999215868,717577.9997879138,718544.9998972615,722954.9999576935,731404.000054665,753686.9999461314,757315.9999066015,762770.9997761513
709196.9999977584,710245.0003343351,714160.000000711,714943.9999215868,717577.9997879138,718544.9998972615,722954.9999576935,731404.000054665,741908.9999349695,757315.9999066015,762770.9997761513
709196.9999977584,713171.0001664609,714160.000000711,714651.999955788,714943.9999215868,718544.9998972615,722954.9999576935,731404.000054665,741908.9999349695,757315.9999066015,762770.9997761513
713171.0001664609,714160.000000711,714651.999955788,714943.9999215868,718544.9998972615,722476.9999271176,722954.9999576935,728629.0000056103,731404.000054665,757315.9999066015,762770.9997761513
714160.000000711,714651.999955788,714943.9999215868,716736.9999764402,718544.9998972615,718911.0001171383,722954.9999576935,728629.0000056103,731404.000054665,757315.9999066015,762770.9997761513
697511.0000857611,714160.000000711,714651.999955788,714943.9999215868,718544.9998972615,722954.9999576935,728629.0000056103,731404.000054665,738137.0000078175,757315.9999066015,762770.9997761513
697511.0000857611,714160.000000711,714651.999955788,718544.9998972615,719995.0001970427,722954.9999576935,728629.0000056103,731404.000054665,738137.0000078175,752264.9996311455,762770.9997761513
697511.0000857611,714160.000000711,714651.999955788,717294.9999572469,718544.9998972615,719995.0001970427,731404.000054665,734289.0000060569,738137.0000078175,752264.9996311455,762770.9997761513
697511.0000857611,714160.000000711,714651.999955788,715203.0000050275,717294.9999572469,718544.9998972615,719995.0001970427,738137.0000078175,750490.0000556944,752264.9996311455,762770.9997761513
697511.0000857611,712918.9998936957,714651.999955788,715203.0000050275,717294.9999572469,718544.9998972615,719995.0001970427,738137.0000078175,750490.0000556944,753505.9997381608,762770.9997761513
697511.0000857611,714651.999955788,715203.0000050275,717294.9999572469,718544.9998972615,719275.9996727215,719995.0001970427,738137.0000078175,747148.999959135,750490.0000556944,762770.9997761513
697511.0000857611,714651.999955788,715203.0000050275,717294.9999572469,718544.9998972615,719995.0001970427,728631.9999230765,728780.9997574625,747148.999959135,750490.0000556944,762770.9997761513
714651.999955788,715144.0001353835,715203.0000050275,717294.9999572469,718544.9998972615,719995.0001970427,728631.9999230765,728780.9997574625,732857.000006072,747148.999959135,762770.9997761513
708642.0002245664,715203.0000050275,717294.9999572469,718544.9998972615,719995.0001970427,721153.999866605,728631.9999230765,728780.9997574625,732857.000006072,747148.999959135,762770.9997761513
704070.0000122756,708642.0002245664,717294.9999572469,718544.9998972615,719995.0001970427,728631.9999230765,728780.9997574625,732286.9998593569,732857.000006072,747148.999959135,762770.9997761513
704070.0000122756,708642.0002245664,713384.0003099438,717294.9999572469,718544.9998972615,728631.9999230765,732286.9998593569,732857.000006072,735391.9996445614,747148.999959135,762770.9997761513
704070.0000122756,708642.0002245664,713384.0003099438,717294.9999572469,718544.9998972615,732286.9998593569,732857.000006072,735391.9996445614,737191.9996672357,738589.0002149758,762770.9997761513
704070.0000122756,708642.0002245664,713384.0003099438,717294.9999572469,718544.9998972615,730546.0001812492,732286.9998593569,735391.9996445614,737191.9996672357,740900.0000397986,762770.9997761513
704070.0000122756,708642.0002245664,713384.0003099438,717294.9999572469,718544.9998972615,730546.0001812492,734163.0000495301,735391.9996445614,737191.9996672357,739023.9998496254,762770.9997761513
704070.0000122756,708642.0002245664,713384.0003099438,717294.9999572469,718544.9998972615,727589.9996362324,734163.0000495301,735391.9996445614,739023.9998496254,740148.0002122525,762770.9997761513
704070.0000122756,708642.0002245664,713384.0003099438,717294.9999572469,718544.9998972615,726573.9998572739,727589.9996362324,735391.9996445614,740148.0002122525,746613.0000418816,762770.9997761513
704070.0000122756,708642.0002245664,717291.9999014317,717294.9999572469,718544.9998972615,723682.0000447445,726573.9998572739,735391.9996445614,740148.0002122525,746613.0000418816,762770.9997761513
704070.0000122756,715672.0000655858,717291.9999014317,717294.9999572469,718544.9998972615,719544.0000162545,723682.0000447445,735391.9996445614,740148.0002122525,746613.0000418816,762770.9997761513
704070.0000122756,712958.9998041262,715672.0000655858,718544.9998972615,719544.0000162545,721628.0000545525,723682.0000447445,735391.9996445614,740148.0002122525,746613.0000418816,762770.9997761513
704070.0000122756,712958.9998041262,715672.0000655858,718480.000042129,718544.9998972615,721628.0000545525,723682.0000447445,735391.9996445614,740148.0002122525,747677.0000160071,762770.9997761513
712958.9998041262,715672.0000655858,718480.000042129,718544.9998972615,721628.0000545525,723682.0000447445,725592.999876671,735391.9996445614,740148.0002122525,741247.9999117559,747677.0000160071
712958.9998041262,715672.0000655858,718480.000042129,718544.9998972615,721628.0000545525,723682.0000447445,725592.999876671,733292.0002771488,735391.9996445614,741247.9999117559,754532.9999511108
712958.9998041262,715672.0000655858,716613.0002414658,718480.000042129,718544.9998972615,725592.999876671,728696.9998578312,733292.0002771488,735391.9996445614,741247.9999117559,754532.9999511108
712958.9998041262,716613.0002414658,718100.0000555468,718480.000042129,718544.9998972615,725592.999876671,728696.9998578312,730864.0002871879,735391.9996445614,741247.9999117559,754532.9999511108
712958.9998041262,718100.0000555468,718480.000042129,718544.9998972615,722012.9999601961,723297.0001391008,725592.999876671,730864.0002871879,735391.9996445614,741247.9999117559,754532.9999511108
712958.9998041262,718100.0000555468,718480.000042129,718544.9998972615,722012.9999601961,724166.9999527491,725592.999876671,730864.0002871879,734521.9998309131,741247.9999117559,754532.9999511108
703114.9999067835,712958.9998041262,718480.000042129,722012.9999601961,724166.9999527491,725592.999876671,730864.0002871879,733530.0000460248,734521.9998309131,741247.9999117559,754532.9999511108
703114.9999067835,716499.9997206561,718472.0000436665,718480.000042129,724166.9999527491,725592.999876671,730864.0002871879,733530.0000460248,734521.9998309131,741247.9999117559,754532.9999511108
703114.9999067835,716499.9997206561,718472.0000436665,718480.000042129,718995.9998568393,725592.999876671,730864.0002871879,733530.0000460248,739692.999926823,741247.9999117559,754532.9999511108
703114.9999067835,716499.9997206561,718472.0000436665,718480.000042129,718995.9998568393,720005.000037941,730864.0002871879,733530.0000460248,739692.999926823,746835.9997504859,754532.9999511108
703114.9999067835,716499.9997206561,718472.0000436665,718480.000042129,720005.000037941,728713.9996430563,729975.000140606,730864.0002871879,733530.0000460248,746835.9997504859,754532.9999511108
703114.9999067835,716499.9997206561,718472.0000436665,718480.000042129,721204.0004243491,728713.9996430563,729975.000140606,730864.0002871879,733530.0000460248,745636.9993640778,754532.9999511108
703114.9999067835,716499.9997206561,716925.0000265746,718472.0000436665,718480.000042129,721204.0004243491,730864.0002871879,733530.0000460248,741763.9997570877,745636.9993640778,754532.9999511108
703114.9999067835,716412.9998054758,716499.9997206561,716925.0000265746,718472.0000436665,721204.0004243491,730864.0002871879,733530.0000460248,741763.9997570877,745636.9993640778,756600.000187764
703114.9999067835,713664.0000802634,716412.9998054758,716925.0000265746,718472.0000436665,721204.0004243491,733530.0000460248,733699.9999275806,741763.9997570877,745636.9993640778,756600.000187764
703114.9999067835,713664.0000802634,716925.0000265746,718472.0000436665,721204.0004243491,721693.0002818245,728249.9995696761,733699.9999275806,741763.9997570877,745636.9993640778,756600.000187764
703114.9999067835,713574.999500674,713664.0000802634,716925.0000265746,718472.0000436665,721204.0004243491,721693.0002818245,728249.9995696761,745636.9993640778,756600.000187764,761889.0001839943
703114.9999067835,713574.999500674,714590.0001156997,716925.0000265746,718472.0000436665,721204.0004243491,721693.0002818245,728249.9995696761,745636.9993640778,756600.000187764,760963.0001485579
703114.9999067835,714590.0001156997,715901.9995758085,716144.9999685319,716925.0000265746,721204.0004243491,721693.0002818245,728249.9995696761,745636.9993640778,756600.000187764,760963.0001485579
703114.9999067835,714590.0001156997,715901.9995758085,716144.9999685319,721204.0004243491,721693.0002818245,728249.9995696761,736389.0002325308,741498.9999426018,745636.9993640778,756600.000187764
703114.9999067835,714971.9998994727,715519.9997920357,716144.9999685319,721204.0004243491,721693.0002818245,728249.9995696761,736389.0002325308,741498.9999426018,745636.9993640778,756600.000187764
703114.9999067835,714971.9998994727,715519.9997920357,716144.9999685319,721693.0002818245,724674.9998123731,728249.9995696761,736389.0002325308,741498.9999426018,742165.9999760538,756600.000187764
703114.9999067835,714971.9998994727,715519.9997920357,717290.9999681883,721693.0002818245,724674.9998123731,728249.9995696761,736389.0002325308,741019.9999763974,741498.9999426018,756600.000187764
703114.9999067835,707142.0000001179,715519.9997920357,721693.0002818245,724674.9998123731,725120.9998675431,728249.9995696761,736389.0002325308,741019.9999763974,741498.9999426018,756600.000187764
703114.9999067835,707142.0000001179,713302.9996767942,715519.9997920357,724674.9998123731,725120.9998675431,736389.0002325308,736640.0001747065,741019.9999763974,741498.9999426018,756600.000187764
703114.9999067835,707142.0000001179,713302.9996767942,715519.9997920357,725120.9998675431,730715.0000955984,734979.999693172,736389.0002325308,736640.0001747065,741498.9999426018,756600.000187764
703114.9999067835,707142.0000001179,713302.9996767942,719414.9999477266,721225.9997118522,730715.0000955984,734979.999693172,736389.0002325308,736640.0001747065,741498.9999426018,756600.000187764
703114.9999067835,707142.0000001179,712945.999916072,719414.9999477266,721225.9997118522,730715.0000955984,734979.999693172,736389.0002325308,736640.0001747065,741498.9999426018,756956.9999484861
703114.9999067835,707142.0000001179,712945.999916072,719414.9999477266,721225.9997118522,730715.0000955984,734979.999693172,736640.0001747065,739920.999890595,741498.9999426018,753425.0002904219
703114.9999067835,707142.0000001179,712945.999916072,717486.9998108931,719414.9999477266,721225.9997118522,736640.0001747065,739920.999890595,741498.9999426018,748207.9999778774,753425.0002904219
703114.9999067835,707142.0000001179,712945.999916072,719414.9999477266,721225.9997118522,722574.0000024858,736640.0001747065,739920.999890595,741498.9999426018,743120.9997862846,753425.0002904219
703114.9999067835,707142.0000001179,712945.999916072,714539.9999153939,719414.9999477266,721225.9997118522,736640.0001747065,741498.9999426018,743120.9997862846,747954.9999776869,753425.0002904219
703114.9999067835,707142.0000001179,712945.999916072,719414.9999477266,721225.9997118522,729591.000216703,736640.0001747065,738373.9999891127,741498.9999426018,743120.9997862846,747954.9999776869
703114.9999067835,707142.0000001179,712945.999916072,715228.9999794419,719414.9999477266,735587.9999491133,736640.0001747065,738373.9999891127,741498.9999426018,743120.9997862846,747954.9999776869
703114.9999067835,707142.0000001179,712945.999916072,715228.9999794419,719414.9999477266,727932.999931486,735587.9999491133,736640.0001747065,738373.9999891127,741498.9999426018,763142.9998324856
703114.9999067835,707142.0000001179,712945.999916072,719414.9999477266,722726.9998158927,727932.999931486,728090.0001126626,736640.0001747065,738373.9999891127,741498.9999426018,763142.9998324856
703114.9999067835,707142.0000001179,719414.9999477266,721541.0000054842,722726.9998158927,727932.999931486,728045.0000852942,728090.0001126626,738373.9999891127,741498.9999426018,763142.9998324856
703114.9999067835,707142.0000001179,719414.9999477266,721541.0000054842,726818.9999725795,727932.999931486,728045.0000852942,728090.0001126626,737406.9997859148,738373.9999891127,763142.9998324856
703114.9999067835,707142.0000001179,719414.9999477266,721541.0000054842,727932.999931486,728045.0000852942,728090.0001126626,728871.9997264565,735354.0000320378,738373.9999891127,763142.9998324856
703114.9999067835,707142.0000001179,713517.9998069339,719414.9999477266,727932.999931486,728090.0001126626,728871.9997264565,735354.0000320378,736068.0002838445,738373.9999891127,763142.9998324856
703114.9999067835,707142.0000001179,713517.9998069339,719414.9999477266,727922.9996640312,727932.999931486,728090.0001126626,736068.0002838445,736303.0000944631,738373.9999891127,763142.9998324856
703114.9999067835,707142.0000001179,715208.9999320399,719414.9999477266,727922.9996640312,727932.999931486,728090.0001126626,734377.0001587386,736303.0000944631,738373.9999891127,763142.9998324856
703114.9999067835,707142.0000001179,713916.000057969,719414.9999477266,727922.9996640312,727932.999931486,728090.0001126626,734377.0001587386,736303.0000944631,739666.9998631836,763142.9998324856
703114.9999067835,713169.9999928718,713916.000057969,719414.9999477266,722062.0001199087,727922.9996640312,727932.999931486,734377.0001587386,736303.0000944631,739666.9998631836,763142.9998324856
703114.9999067835,713169.9999928718,719414.9999477266,720023.9997691773,722062.0001199087,727922.9996640312,727932.999931486,733559.0001519753,734377.0001587386,736303.0000944631,763142.9998324856
703114.9999067835,713169.9999928718,719414.9999477266,722062.0001199087,725848.9998312431,727734.0000899096,727922.9996640312,727932.999931486,734377.0001587386,736303.0000944631,763142.9998324856
705666.9997904577,713169.9999928718,719414.9999477266,722062.0001199087,725848.9998312431,727734.0000899096,727922.9996640312,727932.999931486,731825.0002750644,736303.0000944631,763142.9998324856
705666.9997904577,715405.9997696568,719414.9999477266,722062.0001199087,725848.9998312431,727734.0000899096,727922.9996640312,727932.999931486,731825.0002750644,736303.0000944631,760907.0000557005
705666.9997904577,715405.9997696568,719414.9999477266,725848.9998312431,727734.0000899096,727922.9996640312,727932.999931486,728408.0000533985,731825.0002750644,736303.0000944631,754561.0001222107
705666.9997904577,718626.9998966523,719414.9999477266,724711.9998044905,725848.9998312431,727734.0000899096,727922.9996640312,728408.0000533985,731825.0002750644,736303.0000944631,754561.0001222107
705666.9997904577,711982.9998972282,718626.9998966523,719414.9999477266,724711.9998044905,727922.9996640312,728408.0000533985,731825.0002750644,736303.0000944631,741600.0000239245,754561.0001222107
705666.9997904577,711982.9998972282,718626.9998966523,719414.9999477266,724711.9998044905,728408.0000533985,731825.0002750644,734101.999583336,736303.0000944631,741600.0000239245,748382.000202906
711568.0000714666,711982.9998972282,718626.9998966523,719414.9999477266,724711.9998044905,725923.9999940555,728408.0000533985,734101.999583336,736303.0000944631,741600.0000239245,748382.000202906
711568.0000714666,711982.9998972282,714999.9996900179,719414.9999477266,725923.9999940555,728339.0000111249,728408.0000533985,734101.999583336,736303.0000944631,741600.0000239245,748382.000202906
711568.0000714666,711982.9998972282,714999.9996900179,718421.0001879116,725923.9999940555,728339.0000111249,728408.0000533985,734101.999583336,736303.0000944631,741600.0000239245,749375.999962721
711568.0000714666,711982.9998972282,714999.9996900179,715251.0002127375,725923.9999940555,728339.0000111249,728408.0000533985,734101.999583336,736303.0000944631,741600.0000239245,752545.9999378951
711568.0000714666,711982.9998972282,714999.9996900179,715251.0002127375,725923.9999940555,728339.0000111249,728408.0000533985,731801.9998280624,736303.0000944631,741600.0000239245,754845.9996931687
711568.0000714666,714999.9996900179,715251.0002127375,722387.0001413068,725923.9999940555,728339.0000111249,728408.0000533985,731195.9997798459,731801.9998280624,736303.0000944631,754845.9996931687
714999.9996900179,715251.0002127375,717841.0001854775,719650.9998800445,722387.0001413068,728339.0000111249,728408.0000533985,731195.9997798459,731801.9998280624,736303.0000944631,754845.9996931687
714999.9996900179,715251.0002127375,717841.0001854775,719650.9998800445,722387.0001413068,727913.0001423224,728339.0000111249,728408.0000533985,731195.9997798459,731801.9998280624,763235.9996453093
714999.9996900179,715251.0002127375,717841.0001854775,719650.9998800445,721703.9998433748,727913.0001423224,728339.0000111249,728408.0000533985,731801.9998280624,731879.0000777778,763235.9996453093
714999.9996900179,717841.0001854775,718048.9998777141,719650.9998800445,721703.9998433748,727913.0001423224,728339.0000111249,728408.0000533985,731801.9998280624,731879.0000777778,760437.9999803327
714999.9996900179,715403.999960702,717841.0001854775,718048.9998777141,721703.9998433748,727913.0001423224,728339.0000111249,728408.0000533985,731801.9998280624,736125.9999971202,760437.9999803327
714999.9996900179,715403.999960702,717841.0001854775,718048.9998777141,721703.9998433748,727913.0001423224,728408.0000533985,731363.0000295483,731801.9998280624,733101.9999786968,760437.9999803327
715403.999960702,715982.9995443808,717841.0001854775,718048.9998777141,721703.9998433748,727913.0001423224,728408.0000533985,730380.0001751854,731801.9998280624,733101.9999786968,760437.9999803327
715403.999960702,717773.0000058946,717841.0001854775,718048.9998777141,721703.9998433748,726617.9995918847,727913.0001423224,730380.0001751854,731801.9998280624,733101.9999786968,760437.9999803327
715403.999960702,716707.0000200185,717841.0001854775,718048.9998777141,721703.9998433748,727683.9995777607,727913.0001423224,730380.0001751854,731801.9998280624,733101.9999786968,760437.9999803327
712899.0001749494,716707.0000200185,718048.9998777141,720345.9999712302,721703.9998433748,727683.9995777607,727913.0001423224,730380.0001751854,731801.9998280624,733101.9999786968,760437.9999803327
712899.0001749494,716707.0000200185,717196.999750203,718048.9998777141,720345.9999712302,727683.9995777607,727913.0001423224,730380.0001751854,731801.9998280624,737609.0000718685,760437.9999803327
712899.0001749494,716192.9999970314,716707.0000200185,717196.999750203,718048.9998777141,720345.9999712302,727913.0001423224,731801.9998280624,737609.0000718685,741870.9997559147,760437.9999803327
712899.0001749494,716192.9999970314,717196.999750203,718048.9998777141,720345.9999712302,726320.9999988505,727913.0001423224,731801.9998280624,737609.0000718685,741870.9997559147,750824.0000015007
712899.0001749494,716192.9999970314,717196.999750203,720345.9999712302,722840.9996859351,726320.9999988505,727010.0000198414,727913.0001423224,737609.0000718685,741870.9997559147,750824.0000015007
716192.9999970314,717196.999750203,720345.9999712302,722840.9996859351,723388.999976269,726320.9999988505,727010.0000198414,727119.000270549,727913.0001423224,741870.9997559147,750824.0000015007
716192.9999970314,717196.999750203,720345.9999712302,722840.9996859351,723748.9999169316,726320.9999988505,726759.0003298863,727010.0000198414,727913.0001423224,741870.9997559147,750824.0000015007
714649.9998118003,716192.9999970314,717196.999750203,720345.9999712302,723748.9999169316,726320.9999988505,726759.0003298863,727913.0001423224,735200.9998939761,741870.9997559147,750824.0000015007
716192.9999970314,717196.999750203,720345.9999712302,723217.9999409512,723748.9999169316,726320.9999988505,726759.0003298863,727913.0001423224,735200.9998939761,741870.9997559147,742255.9998723498
716134.9998799063,716192.9999970314,717196.999750203,720345.9999712302,723748.9999169316,726320.9999988505,726759.0003298863,727913.0001423224,735200.9998939761,741870.9997559147,749338.9999333947
716192.9999970314,717196.999750203,720345.9999712302,721378.9999107403,723748.9999169316,726320.9999988505,726759.0003298863,727913.0001423224,735200.9998939761,741870.9997559147,744094.9999025607
716192.9999970314,717196.999750203,720345.9999712302,721378.9999107403,723748.9999169316,726759.0003298863,727913.0001423224,728922.9999000143,735200.9998939761,741493.000001397,741870.9997559147
716192.9999970314,717196.999750203,720345.9999712302,721378.9999107403,722007.0000784723,723748.9999169316,726759.0003298863,728922.9999000143,741106.9999578262,741493.000001397,741870.9997559147
716192.9999970314,717196.999750203,720345.9999712302,721378.9999107403,723748.9999169316,726759.0003298863,728922.9999000143,729085.0000092655,734029.000027033,741493.000001397,741870.9997559147
716192.9999970314,716821.0000807389,717196.999750203,720345.9999712302,721378.9999107403,723748.9999169316,726759.0003298863,728922.9999000143,734029.000027033,741870.9997559147,753756.9999299234
712021.9999281036,716821.0000807389,717196.999750203,720345.9999712302,721378.9999107403,723748.9999169316,726759.0003298863,733093.999968942,734029.000027033,741870.9997559147,753756.9999299234
707897.0001432237,712021.9999281036,716821.0000807389,720345.9999712302,721378.9999107403,723748.9999169316,733093.999968942,734029.000027033,736058.9999368656,741870.9997559147,753756.9999299234
707897.0001432237,709060.9999271818,716821.0000807389,720345.9999712302,721378.9999107403,723748.9999169316,734029.000027033,736054.9999698639,736058.9999368656,741870.9997559147,753756.9999299234
709060.9999271818,716821.0000807389,717429.0000771385,720345.9999712302,721378.9999107403,723748.9999169316,726527.0000029508,734029.000027033,736054.9999698639,741870.9997559147,753756.9999299234
716821.0000807389,717429.0000771385,720345.9999712302,721136.9999118559,721378.9999107403,723748.9999169316,726527.0000029508,729794.9997712405,734029.000027033,736054.9999698639,753756.9999299234
716394.9999643035,716821.0000807389,717429.0000771385,720345.9999712302,721378.9999107403,723748.9999169316,729794.9997712405,731268.9999505032,734029.000027033,736054.9999698639,753756.9999299234
712351.9999340922,716394.9999643035,717429.0000771385,720345.9999712302,723748.9999169316,725848.000057387,729794.9997712405,731268.9999505032,734029.000027033,736054.9999698639,753756.9999299234
697431.9999807033,712351.9999340922,720345.9999712302,723748.9999169316,725848.000057387,729794.9997712405,731268.9999505032,734029.000027033,736054.9999698639,736392.0000607386,753756.9999299234
697431.9999807033,712351.9999340922,714936.9999826443,720345.9999712302,725848.000057387,729794.9997712405,731268.9999505032,734029.000027033,736054.9999698639,745203.9999950259,753756.9999299234
697431.9999807033,712351.9999340922,714936.9999826443,720345.9999712302,728673.9999268202,729794.9997712405,731268.9999505032,734029.000027033,736054.9999698639,745203.9999950259,750931.0000604903
697431.9999807033,714893.9998740624,714936.9999826443,720345.9999712302,728673.9999268202,729794.9997712405,731268.9999505032,731487.0000870628,736054.9999698639,745203.9999950259,750931.0000604903
697431.9999807033,714893.9998740624,714936.9999826443,720345.9999712302,721531.9999584012,729794.9997712405,731487.0000870628,736054.9999698639,738410.9999189222,745203.9999950259,750931.0000604903
697431.9999807033,714936.9999826443,715591.999657449,720345.9999712302,720834.0001750146,729794.9997712405,731487.0000870628,736054.9999698639,738410.9999189222,745203.9999950259,750931.0000604903
697431.9999807033,714936.9999826443,715591.999657449,718417.9995695702,720834.0001750146,729794.9997712405,731487.0000870628,736054.9999698639,738410.9999189222,747132.0003966859,750931.0000604903
697431.9999807033,714936.9999826443,715591.999657449,718417.9995695702,720834.0001750146,729794.9997712405,731487.0000870628,732854.999896499,741610.9999922871,747132.0003966859,750931.0000604903
697431.9999807033,714936.9999826443,715591.999657449,720749.9997464933,720834.0001750146,729794.9997712405,731487.0000870628,732854.999896499,741610.9999922871,744800.0002197628,750931.0000604903
697431.9999807033,714936.9999826443,715591.999657449,720834.0001750146,721829.9999195912,729794.9997712405,731487.0000870628,732854.999896499,741610.9999922871,743720.0000466648,750931.0000604903
697431.9999807033,714936.9999826443,715591.999657449,721829.9999195912,725730.000596808,726590.9996652694,729794.9997712405,732854.999896499,741610.9999922871,743720.0000466648,750931.0000604903
692082.0000080485,714936.9999826443,715591.999657449,721829.9999195912,725730.000596808,726590.9996652694,729794.9997712405,738204.9998691538,741610.9999922871,743720.0000466648,750931.0000604903
692082.0000080485,715322.0000294842,715591.999657449,721829.9999195912,725730.000596808,726590.9996652694,729794.9997712405,738204.9998691538,741610.9999922871,743720.0000466648,750546.0000136505
692082.0000080485,713742.0001887815,715591.999657449,723409.9997602939,725730.000596808,726590.9996652694,729794.9997712405,738204.9998691538,741610.9999922871,743720.0000466648,750546.0000136505
692082.0000080485,713742.0001887815,717206.999632529,723409.9997602939,725730.000596808,726590.9996652694,729794.9997712405,736589.9998940738,741610.9999922871,743720.0000466648,750546.0000136505
692082.0000080485,713742.0001887815,717206.999632529,723311.0000881089,723409.9997602939,725730.000596808,726590.9996652694,736589.9998940738,743720.0000466648,748094.9996754187,750546.0000136505
692082.0000080485,713742.0001887815,717206.999632529,722743.0000480687,723409.9997602939,725730.000596808,726590.9996652694,737157.999934114,743720.0000466648,748094.9996754187,750546.0000136505
692082.0000080485,703382.9995027755,713742.0001887815,722743.0000480687,723409.9997602939,725730.000596808,737157.999934114,740414.9997950229,743720.0000466648,748094.9996754187,750546.0000136505
692082.0000080485,703382.9995027755,713742.0001887815,717337.999872602,723409.9997602939,725730.000596808,737157.999934114,740414.9997950229,743720.0000466648,750546.0000136505,753499.9998508854
692082.0000080485,703382.9995027755,713742.0001887815,717337.999872602,723409.9997602939,725730.000596808,734608.9998405986,740414.9997950229,743720.0000466648,750546.0000136505,756048.999944401
692082.0000080485,703382.9995027755,713742.0001887815,717337.999872602,723409.9997602939,723781.9995362065,734608.9998405986,742363.0008556244,743720.0000466648,750546.0000136505,756048.999944401
692082.0000080485,703382.9995027755,713742.0001887815,717337.999872602,719326.0005863218,723409.9997602939,734608.9998405986,743720.0000466648,746818.9998055091,750546.0000136505,756048.999944401
692082.0000080485,702335.9998039163,713742.0001887815,717337.999872602,720373.000285181,723409.9997602939,734608.9998405986,743720.0000466648,746818.9998055091,750546.0000136505,756048.999944401
692082.0000080485,702335.9998039163,713742.0001887815,720373.000285181,723409.9997602939,725948.9999324741,734608.9998405986,743720.0000466648,746818.9998055091,747437.9998845289,750546.0000136505
692082.0000080485,694449.0000194911,713742.0001887815,723409.9997602939,725948.9999324741,728260.0000696062,734608.9998405986,743720.0000466648,746818.9998055091,747437.9998845289,750546.0000136505
692082.0000080485,707467.000009367,713742.0001887815,715242.0000797303,723409.9997602939,725948.9999324741,734608.9998405986,743720.0000466648,746818.9998055091,747437.9998845289,750546.0000136505
692082.0000080485,707467.000009367,715242.0000797303,716296.0000224231,720855.9999266523,725948.9999324741,734608.9998405986,743720.0000466648,746818.9998055091,747437.9998845289,750546.0000136505
692082.0000080485,707467.000009367,715242.0000797303,715738.9998402375,716296.0000224231,720855.9999266523,743720.0000466648,744818.9999328351,746818.9998055091,747437.9998845289,750546.0000136505
692082.0000080485,707467.000009367,715242.0000797303,715738.9998402375,716296.0000224231,720855.9999266523,738767.9999650267,743720.0000466648,746818.9998055091,747437.9998845289,756596.9999814589
692082.0000080485,707467.000009367,715242.0000797303,716296.0000224231,720855.9999266523,721687.9997655055,738767.9999650267,741488.9999592609,743720.0000466648,746818.9998055091,756596.9999814589
692082.0000080485,707467.000009367,716296.0000224231,720855.9999266523,721687.9997655055,728564.0000738471,738767.9999650267,741488.9999592609,743274.999987342,743720.0000466648,746818.9998055091
692082.0000080485,707467.000009367,716296.0000224231,720855.9999266523,721618.9999391498,728564.0000738471,738767.9999650267,741557.9997856166,743274.999987342,743720.0000466648,746818.9998055091
692082.0000080485,707467.000009367,716296.0000224231,718441.9997620377,720855.9999266523,721618.9999391498,738767.9999650267,741557.9997856166,743274.999987342,743720.0000466648,756941.0001173186
692082.0000080485,707467.000009367,709429.9999531413,718441.9997620377,721618.9999391498,727721.9999959341,738767.9999650267,741557.9997856166,743274.999987342,743720.0000466648,756941.0001173186
692082.0000080485,707467.000009367,716501.9999132383,718441.9997620377,721618.9999391498,727721.9999959341,736203.000027245,738767.9999650267,741557.9997856166,743720.0000466648,756941.0001173186
692082.0000080485,707467.000009367,716501.9999132383,718441.9997620377,721618.9999391498,727311.9999807215,727721.9999959341,741557.9997856166,743720.0000466648,747659.0000115503,756941.0001173186
692082.0000080485,707467.000009367,716501.9999132383,718441.9997620377,721618.9999391498,722796.9999890465,732236.9999876091,741557.9997856166,743720.0000466648,747659.0000115503,756941.0001173186
692082.0000080485,707467.000009367,716501.9999132383,721618.9999391498,722796.9999890465,727897.9998071941,732236.9999876091,741557.9997856166,743720.0000466648,747485.0000721621,747659.0000115503
692082.0000080485,707467.000009367,716501.9999132383,719496.9999262618,721618.9999391498,731197.9998699788,732236.9999876091,741557.9997856166,743720.0000466648,747485.0000721621,747659.0000115503
692082.0000080485,707467.000009367,719496.9999262618,721618.9999391498,721717.9999819451,727020.9999189023,731197.9998699788,741557.9997856166,743720.0000466648,747485.0000721621,747659.0000115503
692082.0000080485,707467.000009367,721618.9999391498,721717.9999819451,724523.9998807997,727020.9999189023,731197.9998699788,741557.9997856166,742632.0000570124,743720.0000466648,747485.0000721621
692082.0000080485,716780.0001100341,721618.9999391498,721717.9999819451,721884.9997693116,724523.9998807997,727020.9999189023,741557.9997856166,742632.0000570124,743720.0000466648,747485.0000721621
692082.0000080485,713041.9998988284,716780.0001100341,721618.9999391498,721717.9999819451,721884.9997693116,727020.9999189023,741557.9997856166,743720.0000466648,747485.0000721621,754114.0000389836
692082.0000080485,713041.9998988284,716780.0001100341,721618.9999391498,721884.9997693116,723228.9999522833,725509.9999485641,741557.9997856166,743720.0000466648,747485.0000721621,754114.0000389836
702125.0000990606,713041.9998988284,715466.999857552,716780.0001100341,721618.9999391498,721884.9997693116,723228.9999522833,741557.9997856166,743720.0000466648,747485.0000721621,754114.0000389836
702125.0000990606,713041.9998988284,715466.999857552,716780.0001100341,721618.9999391498,723228.9999522833,725549.0000340042,741557.9997856166,743720.0000466648,743820.9998074695,754114.0000389836
702125.0000990606,713041.9998988284,715466.999857552,721618.9999391498,723228.9999522833,725549.0000340042,727562.9995256802,733038.0003918235,741557.9997856166,743720.0000466648,754114.0000389836
702125.0000990606,713041.9998988284,715466.999857552,720327.9999720108,721618.9999391498,723228.9999522833,725549.0000340042,740272.9999454928,741557.9997856166,743720.0000466648,754114.0000389836
702125.0000990606,713041.9998988284,715466.999857552,715993.9998785282,720327.9999720108,723228.9999522833,725549.0000340042,740272.9999454928,743720.0000466648,747182.9998462383,754114.0000389836
702125.0000990606,713041.9998988284,714890.9998336465,715466.999857552,720327.9999720108,723228.9999522833,725549.0000340042,740272.9999454928,743720.0000466648,748285.99989112,754114.0000389836
702125.0000990606,704620.9998797012,714890.9998336465,720327.9999720108,723228.9999522833,723887.9998766793,725549.0000340042,740272.9999454928,743720.0000466648,748285.99989112,754114.0000389836
692900.0002008514,713845.9997779104,714890.9998336465,720327.9999720108,723228.9999522833,723887.9998766793,725549.0000340042,740272.9999454928,743720.0000466648,748285.99989112,754114.0000389836
692900.0002008514,703258.9998037678,714890.9998336465,720327.9999720108,723228.9999522833,725549.0000340042,734474.9998508219,740272.9999454928,743720.0000466648,748285.99989112,754114.0000389836
692900.0002008514,711538.9997491098,714890.9998336465,720327.9999720108,723228.9999522833,725549.0000340042,726194.9999054798,740272.9999454928,743720.0000466648,748285.99989112,754114.0000389836
692900.0002008514,714546.9999262678,714890.9998336465,720220.9997751254,720327.9999720108,725549.0000340042,726194.9999054798,740272.9999454928,743720.0000466648,748285.99989112,754114.0000389836
692900.0002008514,714546.9999262678,720220.9997751254,720327.9999720108,725549.0000340042,726194.9999054798,731320.9999951287,731855.9997296378,740272.9999454928,743720.0000466648,754114.0000389836
692900.0002008514,713341.9997019403,714546.9999262678,720220.9997751254,720327.9999720108,725549.0000340042,726194.9999054798,740272.9999454928,743720.0000466648,749835.0000228261,754114.0000389836
692900.0002008514,713341.9997019403,717998.0002211888,720220.9997751254,720327.9999720108,725549.0000340042,726194.9999054798,740268.9997517439,740272.9999454928,749835.0000228261,754114.0000389836
692900.0002008514,713341.9997019403,720220.9997751254,720327.9999720108,723047.0001504178,725549.0000340042,726194.9999054798,735219.9998225148,740272.9999454928,749835.0000228261,754114.0000389836
692900.0002008514,713341.9997019403,714772.9998454246,720220.9997751254,720327.9999720108,723047.0001504178,725549.0000340042,740272.9999454928,746641.9998825701,749835.0000228261,754114.0000389836
692900.0002008514,713341.9997019403,714308.9998965054,720220.9997751254,720327.9999720108,723047.0001504178,725549.0000340042,740272.9999454928,747105.9998314893,749835.0000228261,754114.0000389836
692900.0002008514,701173.9997733353,713341.9997019403,720220.9997751254,723047.0001504178,725549.0000340042,733463.0000951809,740272.9999454928,747105.9998314893,749835.0000228261,754114.0000389836
692900.0002008514,701987.0000314624,713341.9997019403,720220.9997751254,723047.0001504178,725549.0000340042,732649.9998370538,740272.9999454928,747105.9998314893,749835.0000228261,754114.0000389836
692900.0002008514,701987.0000314624,720220.9997751254,723047.0001504178,723595.9999271247,725549.0000340042,732649.9998370538,739580.9997976418,740272.9999454928,747105.9998314893,754114.0000389836
692900.0002008514,701987.0000314624,716400.0000994359,720220.9997751254,723047.0001504178,723595.9999271247,725549.0000340042,739580.9997976418,747105.9998314893,754114.0000389836,756522.9996831107
692900.0002008514,701987.0000314624,714908.000085759,716400.0000994359,720220.9997751254,723595.9999271247,725549.0000340042,739580.9997976418,754114.0000389836,755244.9998961481,756522.9996831107
701987.0000314624,714908.000085759,716400.0000994359,717864.0000494018,720220.9997751254,723595.9999271247,725549.0000340042,729150.0001904332,739580.9997976418,755244.9998961481,756522.9996831107
708370.9998035406,713837.0000030472,714908.000085759,716400.0000994359,717864.0000494018,723595.9999271247,725549.0000340042,729150.0001904332,739580.9997976418,755244.9998961481,756522.9996831107
708370.9998035406,713837.0000030472,714908.000085759,717864.0000494018,720594.0000945122,721355.0000389279,723595.9999271247,729150.0001904332,739580.9997976418,755244.9998961481,756522.9996831107
708370.9998035406,713837.0000030472,714908.000085759,720324.9999408174,720594.0000945122,721135.0000357091,721355.0000389279,729150.0001904332,739580.9997976418,755244.9998961481,756522.9996831107
708370.9998035406,713837.0000030472,714908.000085759,719157.0000410748,720324.9999408174,721135.0000357091,722792.0000923653,729150.0001904332,739580.9997976418,755244.9998961481,756522.9996831107
708370.9998035406,713837.0000030472,714908.000085759,715551.99986812,720324.9999408174,721135.0000357091,726397.0002653202,729150.0001904332,739580.9997976418,755244.9998961481,756522.9996831107
706473.9999610466,708370.9998035406,714908.000085759,715551.99986812,720324.9999408174,721135.0000357091,729150.0001904332,733760.0003073207,739580.9997976418,755244.9998961481,756522.9996831107
708370.9998035406,714420.9997245539,714908.000085759,715551.99986812,720324.9999408174,721135.0000357091,729150.0001904332,733760.0003073207,739580.9997976418,748575.9999196036,755244.9998961481
708370.9998035406,713535.9998095578,714420.9997245539,714908.000085759,715551.99986812,721135.0000357091,729150.0001904332,733760.0003073207,746369.9999289013,748575.9999196036,755244.9998961481
708370.9998035406,713535.9998095578,714420.9997245539,714908.000085759,720049.000340738,721135.0000357091,729150.0001904332,729262.9998347027,746369.9999289013,748575.9999196036,755244.9998961481
708370.9998035406,713535.9998095578,714420.9997245539,714908.000085759,720049.000340738,721135.0000357091,729150.0001904332,730709.9999684338,746369.9999289013,747128.9997858725,755244.9998961481
708370.9998035406,713535.9998095578,714908.000085759,719877.000075699,720049.000340738,721135.0000357091,729150.0001904332,730709.9999684338,741672.9994347275,746369.9999289013,755244.9998961481
708955.9996844045,713535.9998095578,714323.0002048952,719877.000075699,720049.000340738,721135.0000357091,729150.0001904332,730709.9999684338,741672.9994347275,746369.9999289013,755244.9998961481
707270.9998381031,713535.9998095578,716008.0000511965,719877.000075699,720049.000340738,721135.0000357091,729150.0001904332,730709.9999684338,741672.9994347275,746369.9999289013,755244.9998961481
707270.9998381031,713535.9998095578,716008.0000511965,719877.000075699,720049.000340738,721745.0002074429,729150.0001904332,730099.9997967,741672.9994347275,746369.9999289013,755244.9998961481
707270.9998381031,713535.9998095578,716008.0000511965,719938.9997559845,720049.000340738,721745.0002074429,729150.0001904332,730038.0001164144,741672.9994347275,746369.9999289013,755244.9998961481
707270.9998381031,713535.9998095578,716008.0000511965,718346.9999104762,719938.9997559845,720049.000340738,721745.0002074429,729150.0001904332,746369.9999289013,753363.9996406658,755244.9998961481
707270.9998381031,713535.9998095578,716008.0000511965,716404.9996542563,718346.9999104762,720049.000340738,721745.0002074429,729150.0001904332,746369.9999289013,755244.9998961481,756897.9997423941
707270.9998381031,708187.9999952359,713535.9998095578,716008.0000511965,716404.9996542563,720049.000340738,729150.0001904332,731904.0001226831,746369.9999289013,755244.9998961481,756897.9997423941
707270.9998381031,713535.9998095578,716008.0000511965,716404.9996542563,717365.0001857673,720049.000340738,729150.0001904332,731904.0001226831,746369.9999289013,747720.9995518627,755244.9998961481
707270.9998381031,713535.9998095578,715769.9996283603,716008.0000511965,717365.0001857673,720684.000366634,729150.0001904332,731904.0001226831,746369.9999289013,747720.9995518627,755244.9998961481
707270.9998381031,708351.0001686551,713535.9998095578,715769.9996283603,716008.0000511965,720684.000366634,729150.0001904332,740918.0001397954,746369.9999289013,747720.9995518627,755244.9998961481
707270.9998381031,708351.0001686551,713535.9998095578,715769.9996283603,720684.000366634,727502.0001713668,729150.0001904332,740918.0001397954,743750.9997759778,746369.9999289013,747720.9995518627
708351.0001686551,713535.9998095578,715251.9998839283,715769.9996283603,720684.000366634,721169.000144608,727502.0001713668,740918.0001397954,743750.9997759778,746369.9999289013,747720.9995518627
705469.0001282583,708351.0001686551,713535.9998095578,715769.9996283603,720684.000366634,727502.0001713668,730951.9999002779,740918.0001397954,743750.9997759778,746369.9999289013,747720.9995518627
703012.9999445159,708351.0001686551,713535.9998095578,715769.9996283603,720684.000366634,727502.0001713668,733408.0000840203,740918.0001397954,743750.9997759778,746369.9999289013,747720.9995518627
708351.0001686551,713535.9998095578,714658.0001125425,715769.9996283603,720684.000366634,721762.9999159937,727502.0001713668,740918.0001397954,743750.9997759778,746369.9999289013,747720.9995518627
708351.0001686551,713535.9998095578,714658.0001125425,715769.9996283603,718100.9997482126,720684.000366634,721762.9999159937,740918.0001397954,746369.9999289013,747720.9995518627,753152.000199132
713535.9998095578,714044.000125996,714658.0001125425,715769.9996283603,718100.9997482126,720684.000366634,721762.9999159937,735225.0001824545,746369.9999289013,747720.9995518627,753152.000199132
712559.9996069076,713535.9998095578,714658.0001125425,717254.0001474486,718100.9997482126,720684.000366634,721762.9999159937,735225.0001824545,746369.9999289013,747720.9995518627,753152.000199132
712559.9996069076,713535.9998095578,717254.0001474486,718100.9997482126,720684.000366634,721762.9999159937,723962.0001914192,725921.0001035779,746369.9999289013,747720.9995518627,753152.000199132
712559.9996069076,713535.9998095578,716425.000072651,717254.0001474486,718100.9997482126,720684.000366634,723962.0001914192,731258.9999469206,746369.9999289013,747720.9995518627,753152.000199132
712559.9996069076,713535.9998095578,714333.9996345737,716425.000072651,717254.0001474486,718100.9997482126,720684.000366634,731258.9999469206,746369.9999289013,753152.000199132,757349.0001087082
707946.000207506,712559.9996069076,713535.9998095578,714333.9996345737,717254.0001474486,718100.9997482126,720684.000366634,739737.9998120655,746369.9999289013,753152.000199132,757349.0001087082
707946.000207506,712559.9996069076,713535.9998095578,717254.0001474486,718100.9997482126,720684.000366634,731974.9996640768,739708.000079205,739737.9998120655,746369.9999289013,753152.000199132
707946.000207506,712839.0003949899,713535.9998095578,717254.0001474486,718100.9997482126,720404.9995785517,731974.9996640768,739708.000079205,739737.9998120655,746369.9999289013,753152.000199132
707946.000207506,712839.0003949899,713535.9998095578,717263.0001303618,718100.9997482126,720404.9995785517,731974.9996640768,739708.000079205,739737.9998120655,746360.9999459882,753152.000199132
712839.0003949899,713535.9998095578,717263.0001303618,718100.9997482126,720404.9995785517,722596.0000897108,731974.9996640768,738502.0003169272,739708.000079205,739737.9998120655,746360.9999459882
697513.0004441794,713535.9998095578,717263.0001303618,718100.9997482126,722596.0000897108,731974.9996640768,735730.9995293622,738502.0003169272,739708.000079205,739737.9998120655,746360.9999459882
697513.0004441794,713535.9998095578,717263.0001303618,718100.9997482126,728618.9995276874,731974.9996640768,733715.0003740889,735730.9995293622,738502.0003169272,739708.000079205,746360.9999459882
697513.0004441794,713535.9998095578,717263.0001303618,718100.9997482126,731062.9999338281,731270.9999679481,731974.9996640768,735730.9995293622,738502.0003169272,739708.000079205,746360.9999459882
697513.0004441794,713535.9998095578,718100.9997482126,729996.9999002907,731062.9999338281,731270.9999679481,731974.9996640768,733627.0001760592,735730.9995293622,738502.0003169272,739708.000079205
697513.0004441794,713535.9998095578,715835.0001161424,718100.9997482126,729996.9999002907,731062.9999338281,731270.9999679481,733627.0001760592,735730.9995293622,738502.0003169272,755847.9996271394
713535.9998095578,714770.9997010296,715835.0001161424,718100.9997482126,729996.9999002907,731062.9999338281,731270.9999679481,733627.0001760592,735730.9995293622,738502.0003169272,738590.0003702892
713211.9995971577,713535.9998095578,714770.9997010296,715835.0001161424,718100.9997482126,729996.9999002907,731062.9999338281,731270.9999679481,738502.0003169272,738590.0003702892,756146.0001082637
713211.9995971577,713535.9998095578,715835.0001161424,718100.9997482126,718593.9998149968,729996.9999002907,731062.9999338281,731270.9999679481,734767.000256322,738502.0003169272,756146.0001082637
713211.9995971577,714512.9998379305,715835.0001161424,718100.9997482126,718593.9998149968,729019.999871918,731062.9999338281,731270.9999679481,734767.000256322,738502.0003169272,756146.0001082637
713211.9995971577,714512.9998379305,715835.0001161424,718593.9998149968,727548.0001007089,729019.999871918,729054.9999644309,731062.9999338281,731270.9999679481,734767.000256322,756146.0001082637
714512.9998379305,714609.0000653304,715835.0001161424,718593.9998149968,727548.0001007089,729019.999871918,729054.9999644309,731062.9999338281,731270.9999679481,733369.9997881493,756146.0001082637
714512.9998379305,714609.0000653304,715835.0001161424,718593.9998149968,727548.0001007089,729019.999871918,729054.9999644309,731062.9999338281,731270.9999679481,733410.0000760766,756105.9998203364
714512.9998379305,714609.0000653304,715835.0001161424,718593.9998149968,727548.0001007089,728310.9998386203,729019.999871918,729054.9999644309,733410.0000760766,734023.0000631559,756105.9998203364
714512.9998379305,714609.0000653304,716678.0001269454,718593.9998149968,727467.9998278173,727548.0001007089,729019.999871918,729054.9999644309,733410.0000760766,734023.0000631559,756105.9998203364
709265.9997778112,714609.0000653304,716678.0001269454,718593.9998149968,727467.9998278173,727548.0001007089,729054.9999644309,733410.0000760766,734023.0000631559,734266.9999320373,756105.9998203364
709265.9997778112,714609.0000653304,716678.0001269454,716696.000012304,718593.9998149968,727467.9998278173,727548.0001007089,729054.9999644309,734023.0000631559,750980.9999958099,756105.9998203364
709265.9997778112,714609.0000653304,716678.0001269454,716696.000012304,718593.9998149968,722964.9998905926,727548.0001007089,729054.9999644309,738526.0000003806,750980.9999958099,756105.9998203364
709265.9997778112,714609.0000653304,716678.0001269454,716696.000012304,718593.9998149968,722964.9998905926,727548.0001007089,729054.9999644309,738526.0000003806,750980.9999958099,756105.9998203364
709265.9997778112,714290.9999956687,714609.0000653304,716678.0001269454,718593.9998149968,722964.9998905926,727548.0001007089,729054.9999644309,740931.000017016,750980.9999958099,756105.9998203364
709265.9997778112,714609.0000653304,716678.0001269454,718593.9998149968,719204.9997505151,722964.9998905926,724141.0002095845,727548.0001007089,740931.000017016,750980.9999958099,756105.9998203364
711125.0000360826,714609.0000653304,716678.0001269454,718593.9998149968,719204.9997505151,722964.9998905926,724141.0002095845,727548.0001007089,739071.9997587446,750980.9999958099,756105.9998203364
700950.9999724842,711125.0000360826,714609.0000653304,718593.9998149968,719204.9997505151,724141.0002095845,727548.0001007089,738692.0000450539,739071.9997587446,750980.9999958099,756105.9998203364
700950.9999724842,711125.0000360826,714609.0000653304,718593.9998149968,722832.0004502106,723920.9994010134,724141.0002095845,738692.0000450539,739071.9997587446,750980.9999958099,756105.9998203364
707126.9999347714,711125.0000360826,714609.0000653304,718593.9998149968,722832.0004502106,723920.9994010134,724141.0002095845,732516.0000827666,739071.9997587446,750980.9999958099,756105.9998203364
711125.0000360826,714609.0000653304,715014.000163432,716253.999980924,718593.9998149968,722832.0004502106,723920.9994010134,732516.0000827666,739071.9997587446,750980.9999958099,756105.9998203364
711125.0000360826,712845.0001872303,715014.000163432,716253.999980924,720357.999693097,722832.0004502106,723920.9994010134,732516.0000827666,739071.9997587446,750980.9999958099,756105.9998203364
711125.0000360826,712845.0001872303,713723.0000224567,717545.0001218992,720357.999693097,722832.0004502106,723920.9994010134,732516.0000827666,739071.9997587446,750980.9999958099,756105.9998203364
711125.0000360826,712845.0001872303,713723.0000224567,717545.0001218992,720357.999693097,722566.9998248834,724186.0000263406,732516.0000827666,739071.9997587446,750980.9999958099,756105.9998203364
711125.0000360826,712845.0001872303,714961.0001088958,717545.0001218992,720357.999693097,722566.9998248834,724186.0000263406,731277.9999963276,739071.9997587446,750980.9999958099,756105.9998203364
711125.0000360826,712845.0001872303,714961.0001088958,717110.9996510271,717545.0001218992,720357.999693097,729642.0002001969,731277.9999963276,739071.9997587446,750980.9999958099,756105.9998203364
711125.0000360826,713557.0001371257,714961.0001088958,717110.9996510271,717545.0001218992,719645.9997432015,729642.0002001969,731277.9999963276,739071.9997587446,750980.9999958099,756105.9998203364
711125.0000360826,713557.0001371257,715413.9997396814,717110.9996510271,717545.0001218992,719645.9997432015,729642.0002001969,731277.9999963276,739071.9997587446,750980.9999958099,755653.0001895508
713273.0000529811,713557.0001371257,715413.9997396814,717110.9996510271,717545.0001218992,719645.9997432015,729642.0002001969,731277.9999963276,739071.9997587446,748832.9999789114,755653.0001895508
697347.9995796222,713273.0000529811,713557.0001371257,717110.9996510271,717545.0001218992,729642.0002001969,731277.9999963276,737711.9999032607,739071.9997587446,748832.9999789114,755653.0001895508
697347.9995796222,713557.0001371257,715010.0000405683,717110.9996510271,717545.0001218992,729642.0002001969,731277.9999963276,737711.9999032607,739071.9997587446,747095.9999913241,755653.0001895508
697347.9995796222,713557.0001371257,717110.9996510271,717297.0000519226,717545.0001218992,728990.9999849731,729642.0002001969,737711.9999032607,739071.9997587446,747095.9999913241,755653.0001895508
697347.9995796222,713557.0001371257,717110.9996510271,717545.0001218992,728990.9999849731,729642.0002001969,729896.0000051885,734497.0000380583,737711.9999032607,739071.9997587446,755653.0001895508
697347.9995796222,710743.0004493059,713557.0001371257,717110.9996510271,728990.9999849731,729896.0000051885,734497.0000380583,736443.9998727902,737711.9999032607,739071.9997587446,755653.0001895508
697347.9995796222,710743.0004493059,713557.0001371257,717110.9996510271,728990.9999849731,730537.9999254204,733855.0001178264,736443.9998727902,737711.9999032607,739071.9997587446,755653.0001895508
697347.9995796222,710743.0004493059,713557.0001371257,717110.9996510271,725552.999781683,728990.9999849731,730537.9999254204,736443.9998727902,737711.9999032607,747374.000094888,755653.0001895508
697347.9995796222,710743.0004493059,713557.0001371257,717110.9996510271,724209.0000997673,725552.999781683,728990.9999849731,736443.9998727902,737711.9999032607,753702.9999205411,755653.0001895508
697347.9995796222,710743.0004493059,713557.0001371257,717110.9996510271,725552.999781683,728990.9999849731,730059.0000085933,736443.9998727902,737711.9999032607,747853.0000117151,755653.0001895508
697347.9995796222,710743.0004493059,713557.0001371257,722077.9996628896,725552.999781683,728990.9999849731,730059.0000085933,731476.9998609277,737711.9999032607,747853.0000117151,755653.0001895508
697347.9995796222,710743.0004493059,713557.0001371257,722077.9996628896,725552.999781683,728291.0000036862,728990.9999849731,731476.9998609277,737711.9999032607,749621.0000166222,755653.0001895508
697347.9995796222,713557.0001371257,714135.0003484001,722077.9996628896,725552.999781683,728084.9999618335,728291.0000036862,728990.9999849731,737711.9999032607,749621.0000166222,755653.0001895508
697347.9995796222,712866.9999917148,714135.0003484001,722077.9996628896,725552.999781683,728084.9999618335,728291.0000036862,728990.9999849731,737711.9999032607,749621.0000166222,756343.0003349617
697347.9995796222,712866.9999917148,714135.0003484001,714746.9999860607,722077.9996628896,725552.999781683,728084.9999618335,728990.9999849731,737711.9999032607,756343.0003349617,763165.0000342478
697347.9995796222,714135.0003484001,714746.9999860607,717725.000060096,722077.9996628896,724132.9999165919,725552.999781683,728084.9999618335,737711.9999032607,756343.0003349617,763165.0000342478
702916.9995148568,714135.0003484001,714746.9999860607,717725.000060096,722077.9996628896,724132.9999165919,725552.999781683,728084.9999618335,732142.9999680261,756343.0003349617,763165.0000342478
702916.9995148568,714135.0003484001,717725.000060096,722077.9996628896,724132.9999165919,725552.999781683,728084.9999618335,732142.9999680261,734135.0000422476,743776.9999780608,756343.0003349617
702916.9995148568,714135.0003484001,717725.000060096,718476.999957955,722077.9996628896,724132.9999165919,725552.999781683,732142.9999680261,734135.0000422476,753384.9999819393,756343.0003349617
702916.9995148568,713640.000100044,714135.0003484001,718476.999957955,722077.9996628896,724132.9999165919,725552.999781683,732142.9999680261,738220.0000022997,753384.9999819393,756343.0003349617
702916.9995148568,714135.0003484001,714702.0000760234,718476.999957955,722077.9996628896,724132.9999165919,725552.999781683,732142.9999680261,737158.0000263202,753384.9999819393,756343.0003349617
702916.9995148568,714702.0000760234,718476.999957955,722077.9996628896,724132.9999165919,725552.999781683,732142.9999680261,733092.0000946976,734428.0002356418,737158.0000263202,756343.0003349617
702916.9995148568,714702.0000760234,718476.999957955,722077.9996628896,724132.9999165919,725552.999781683,733092.0000946976,734428.0002356418,737158.0000263202,738633.0002368884,749853.0000660993
710691.0000490092,714702.0000760234,718476.999957955,722077.9996628896,724132.9999165919,725552.999781683,729383.9994921678,733092.0000946976,734428.0002356418,738633.0002368884,749853.0000660993
710691.0000490092,714702.0000760234,718476.999957955,722077.9996628896,724132.9999165919,725552.999781683,729383.9994921678,733092.0000946976,734428.0002356418,734463.0002483394,754023.0000546484
710691.0000490092,714702.0000760234,717287.9998421152,718476.999957955,722077.9996628896,725552.999781683,729383.9994921678,734428.0002356418,734463.0002483394,739937.0001691743,754023.0000546484
710691.0000490092,714702.0000760234,718476.999957955,722077.9996628896,725552.999781683,728457.0000419896,728767.9999692999,729383.9994921678,734428.0002356418,734463.0002483394,754023.0000546484
710691.0000490092,715200.0003892359,718476.999957955,722077.9996628896,725552.999781683,728457.0000419896,728767.9999692999,729383.9994921678,734428.0002356418,734463.0002483394,753524.9997414359
710691.0000490092,715200.0003892359,718476.999957955,722809.9999825138,725552.999781683,728457.0000419896,728767.9999692999,729383.9994921678,733695.9999160176,734463.0002483394,753524.9997414359
710691.0000490092,715200.0003892359,718476.999957955,722809.9999825138,725552.999781683,728176.999803997,728457.0000419896,728767.9999692999,729383.9994921678,733695.9999160176,759811.0001857782
710691.0000490092,718430.0003466196,718476.999957955,722809.9999825138,725538.0000119162,725552.999781683,728176.999803997,728457.0000419896,729383.9994921678,733695.9999160176,759811.0001857782
710691.0000490092,718430.0003466196,718476.999957955,722809.9999825138,725538.0000119162,725552.999781683,728457.0000419896,729383.9994921678,733253.9998507143,733695.9999160176,754734.0001390609
710691.0000490092,713799.9998207967,718430.0003466196,722809.9999825138,725538.0000119162,728457.0000419896,729383.9994921678,730229.9999188413,733253.9998507143,733695.9999160176,754734.0001390609
710691.0000490092,718430.0003466196,719095.000009376,722809.9999825138,724934.999730262,725538.0000119162,728457.0000419896,729383.9994921678,733253.9998507143,733695.9999160176,754734.0001390609
700107.0000809334,718430.0003466196,719095.000009376,722809.9999825138,724934.999730262,725538.0000119162,728457.0000419896,733253.9998507143,733695.9999160176,739967.9994602436,754734.0001390609
700107.0000809334,718430.0003466196,722155.000033852,722809.9999825138,724934.999730262,725397.0000175136,725538.0000119162,733253.9998507143,733695.9999160176,739967.9994602436,754734.0001390609
696256.0001116797,722155.000033852,722281.0003158734,722809.9999825138,724934.999730262,725397.0000175136,725538.0000119162,733253.9998507143,733695.9999160176,739967.9994602436,754734.0001390609
696256.0001116797,719891.0001419003,722155.000033852,722809.9999825138,724934.999730262,725397.0000175136,725538.0000119162,733695.9999160176,735644.0000246875,739967.9994602436,754734.0001390609
696256.0001116797,719891.0001419003,722594.0000488814,722809.9999825138,724934.999730262,724958.0000024842,725538.0000119162,733695.9999160176,735644.0000246875,739967.9994602436,754734.0001390609
696256.0001116797,714139.9998920021,719891.0001419003,722809.9999825138,724934.999730262,724958.0000024842,733695.9999160176,733992.0001687955,735644.0000246875,739967.9994602436,754734.0001390609
696256.0001116797,712784.0001286438,719891.0001419003,722809.9999825138,724934.999730262,724958.0000024842,733695.9999160176,735347.9999321537,735644.0000246875,739967.9994602436,754734.0001390609
696256.0001116797,712784.0001286438,719891.0001419003,722809.9999825138,724934.999730262,724958.0000024842,728402.0003054523,733695.9999160176,735347.9999321537,739967.9994602436,761975.9998582961
708215.0000503407,712784.0001286438,712999.0000638231,719891.0001419003,722809.9999825138,724934.999730262,728402.0003054523,733695.9999160176,735347.9999321537,739967.9994602436,761975.9998582961
708215.0000503407,712784.0001286438,712999.0000638231,718638.0001119891,719891.0001419003,722809.9999825138,724934.999730262,733695.9999160176,735347.9999321537,749731.9996537068,761975.9998582961
708215.0000503407,712784.0001286438,712999.0000638231,719891.0001419003,722809.9999825138,724934.999730262,730655.0003591706,733695.9999160176,735347.9999321537,749731.9996537068,749958.9996111146
708215.0000503407,712784.0001286438,713608.9999639523,719891.0001419003,722809.9999825138,724934.999730262,730655.0003591706,733695.9999160176,734738.0000320245,749731.9996537068,749958.9996111146
708215.0000503407,712784.0001286438,713608.9999639523,719891.0001419003,722809.9999825138,724934.999730262,732084.9999226581,733695.9999160176,734738.0000320245,748529.0000476271,749731.9996537068
708215.0000503407,712784.0001286438,713608.9999639523,719552.0001115941,719891.0001419003,722809.9999825138,724934.999730262,733695.9999160176,734738.0000320245,748529.0000476271,762264.9994647708
708215.0000503407,712784.0001286438,713608.9999639523,719891.0001419003,722809.9999825138,724934.999730262,732053.0000779865,733695.9999160176,734738.0000320245,736028.0000812348,762264.9994647708
708215.0000503407,713608.9999639523,714659.0001225423,719891.0001419003,720934.9999886154,724934.999730262,732053.0000779865,733695.9999160176,734738.0000320245,736028.0000812348,762264.9994647708
708215.0000503407,713608.9999639523,714659.0001225423,719372.0003043953,719891.0001419003,724934.999730262,732053.0000779865,734738.0000320245,735258.9996002377,736028.0000812348,762264.9994647708
708215.0000503407,713608.9999639523,714659.0001225423,719372.0003043953,724934.999730262,732053.0000779865,734738.0000320245,734895.0001228952,735258.9996002377,736028.0000812348,747260.9994837758
708215.0000503407,713608.9999639523,714659.0001225423,720748.999661856,724934.999730262,732053.0000779865,733882.000242777,734738.0000320245,734895.0001228952,736028.0000812348,747260.9994837758
708215.0000503407,713608.9999639523,713852.999670321,721555.0001140772,724934.999730262,732053.0000779865,733882.000242777,734738.0000320245,734895.0001228952,736028.0000812348,747260.9994837758
708215.0000503407,712693.9995120389,714768.0001222345,721555.0001140772,724934.999730262,732053.0000779865,733882.000242777,734738.0000320245,734895.0001228952,736028.0000812348,747260.9994837758
708215.0000503407,712693.9995120389,714768.0001222345,723590.0000543972,724934.999730262,731847.0003024571,732053.0000779865,734738.0000320245,734895.0001228952,736028.0000812348,747260.9994837758
708215.0000503407,714768.0001222345,716202.0000442807,723590.0000543972,724934.999730262,728338.9997702154,732053.0000779865,734738.0000320245,734895.0001228952,736028.0000812348,747260.9994837758
708215.0000503407,714768.0001222345,716202.0000442807,723590.0000543972,724934.999730262,728338.9997702154,732053.0000779865,734738.0000320245,736028.0000812348,737495.9999456753,744659.9996609958
714768.0001222345,716202.0000442807,720512.0000303783,722441.0000519868,723590.0000543972,724934.999730262,728338.9997702154,732053.0000779865,736028.0000812348,737495.9999456753,744659.9996609958
714768.0001222345,716202.0000442807,717693.9997657218,720512.0000303783,723590.0000543972,728338.9997702154,729682.0000165269,732053.0000779865,736028.0000812348,737495.9999456753,744659.9996609958
714768.0001222345,716202.0000442807,717693.9997657218,721961.9999871688,723590.0000543972,728232.0000597364,728338.9997702154,732053.0000779865,736028.0000812348,737495.9999456753,744659.9996609958
711380.0000101691,714768.0001222345,716202.0000442807,717693.9997657218,723590.0000543972,728338.9997702154,732053.0000779865,736028.0000812348,737495.9999456753,738814.0000367363,744659.9996609958
711380.0000101691,714154.9999900911,714768.0001222345,716202.0000442807,717693.9997657218,723590.0000543972,728338.9997702154,732053.0000779865,736028.0000812348,744659.9996609958,762154.9999923204
711380.0000101691,714154.9999900911,714768.0001222345,716202.0000442807,717693.9997657218,723587.9997063379,723590.0000543972,728338.9997702154,736028.0000812348,753125.0000326444,762154.9999923204
713567.9998255327,714154.9999900911,714768.0001222345,715505.9999503582,716202.0000442807,723587.9997063379,723590.0000543972,728338.9997702154,736028.0000812348,753125.0000326444,762154.9999923204
713567.9998255327,713694.999982575,714768.0001222345,715505.9999503582,716202.0000442807,723587.9997063379,723590.0000543972,728338.9997702154,736028.0000812348,753125.0000326444,762614.9999998366
713567.9998255327,713694.999982575,714768.0001222345,715505.9999503582,716202.0000442807,723590.0000543972,728338.9997702154,736028.0000812348,737144.9999489059,739567.9997900764,762614.9999998366
713567.9998255327,713694.999982575,715505.9999503582,716202.0000442807,720224.0001391852,722882.9997532647,723590.0000543972,736028.0000812348,737144.9999489059,739567.9997900764,762614.9999998366
713423.9997633595,713567.9998255327,713694.999982575,715505.9999503582,720224.0001391852,723590.0000543972,725661.0000341858,736028.0000812348,737144.9999489059,739567.9997900764,762614.9999998366
713423.9997633595,713567.9998255327,713694.999982575,714661.9999494882,715505.9999503582,720224.0001391852,723590.0000543972,725661.0000341858,736028.0000812348,762050.9997894941,762614.9999998366
713423.9997633595,713567.9998255327,714661.9999494882,715505.9999503582,720224.0001391852,723590.0000543972,725661.0000341858,734530.0000520488,736028.0000812348,741779.9999303627,762050.9997894941
713423.9997633595,713567.9998255327,714661.9999494882,715505.9999503582,720224.0001391852,723430.0002786447,725820.9998099383,734530.0000520488,736028.0000812348,741779.9999303627,762050.9997894941
693097.9998198125,713423.9997633595,714661.9999494882,720224.0001391852,723430.0002786447,725820.9998099383,734530.0000520488,735975.9999560784,736028.0000812348,741779.9999303627,762050.9997894941
693097.9998198125,713423.9997633595,714661.9999494882,720224.0001391852,723430.0002786447,725820.9998099383,728384.9999243804,736028.0000812348,741779.9999303627,742121.0000837467,762050.9997894941
693097.9998198125,712641.0000269134,714661.9999494882,721006.9998756314,723430.0002786447,725820.9998099383,728384.9999243804,736028.0000812348,741779.9999303627,742121.0000837467,762050.9997894941
693097.9998198125,712641.0000269134,714661.9999494882,721006.9998756314,722952.0000305029,723430.0002786447,725820.9998099383,728384.9999243804,736028.0000812348,760948.9999836064,762050.9997894941
693097.9998198125,712641.0000269134,714661.9999494882,717365.0001047913,721006.9998756314,722952.0000305029,728384.9999243804,731885.9999837917,736028.0000812348,760948.9999836064,762050.9997894941
695257.0000403844,712641.0000269134,714661.9999494882,717365.0001047913,720792.999809931,721006.9998756314,728384.9999243804,731885.9999837917,736028.0000812348,760948.9999836064,762050.9997894941
695257.0000403844,712641.0000269134,714661.9999494882,714943.999771745,717365.0001047913,721006.9998756314,731885.9999837917,734233.9999625667,736028.0000812348,760948.9999836064,762050.9997894941
695257.0000403844,714214.0000305456,714661.9999494882,714943.999771745,717365.0001047913,721006.9998756314,731885.9999837917,734233.9999625667,736028.0000812348,759375.999979974,762050.9997894941
695257.0000403844,712967.000088138,714214.0000305456,714661.9999494882,714943.999771745,721006.9998756314,734233.9999625667,736028.0000812348,736284.0000004449,759375.999979974,762050.9997894941
695257.0000403844,712967.000088138,713250.9998723363,714214.0000305456,714943.999771745,721006.9998756314,734233.9999625667,736028.0000812348,736284.0000004449,759375.999979974,763461.999866646
695257.0000403844,713250.9998723363,714214.0000305456,714943.999771745,718427.0000010903,721006.9998756314,730824.0000874925,734233.9999625667,736028.0000812348,759375.999979974,763461.999866646
695257.0000403844,713031.0000552376,714214.0000305456,714943.999771745,718427.0000010903,721006.9998756314,730824.0000874925,734233.9999625667,736247.9998983336,759375.999979974,763461.999866646
695257.0000403844,713031.0000552376,714214.0000305456,714943.999771745,718427.0000010903,730824.0000874925,734233.9999625667,736247.9998983336,737704.9999672697,742677.9998883357,763461.999866646
695257.0000403844,713031.0000552376,714214.0000305456,714943.999771745,715387.000069422,733864.0000191609,734233.9999625667,736247.9998983336,737704.9999672697,742677.9998883357,763461.999866646
695257.0000403844,713031.0000552376,714164.0000399854,714943.999771745,715387.000069422,733864.0000191609,734233.9999625667,736247.9998983336,737704.9999672697,742727.9998788959,763461.999866646
695257.0000403844,713031.0000552376,714164.0000399854,715387.000069422,720280.9998188344,728896.9999154772,733864.0000191609,736247.9998983336,737704.9999672697,742727.9998788959,763461.999866646
695257.0000403844,713031.0000552376,715387.000069422,720280.9998188344,728896.9999154772,730425.0001657594,733864.0000191609,736247.9998983336,737704.9999672697,742727.9998788959,747200.9997408721
695257.0000403844,713031.0000552376,715387.000069422,720280.9998188344,728896.9999154772,730425.0001657594,733218.9997535379,733864.0000191609,736247.9998983336,747200.9997408721,747214.0000926277
695257.0000403844,713031.0000552376,715387.000069422,720280.9998188344,726224.000123376,728896.9999154772,733218.9997535379,733864.0000191609,736247.9998983336,747200.9997408721,751415.000135011
695257.0000403844,713031.0000552376,715387.000069422,720280.9998188344,722942.9998257214,728896.9999154772,733864.0000191609,736247.9998983336,736500.0000511926,747200.9997408721,751415.000135011
695257.0000403844,713031.0000552376,715387.000069422,720280.9998188344,722942.9998257214,728896.9999154772,731527.9999580756,733864.0000191609,736500.0000511926,751415.000135011,751920.99968113
695257.0000403844,713031.0000552376,720227.0003668899,720280.9998188344,722942.9998257214,728896.9999154772,729023.999721693,731527.9999580756,736500.0000511926,751415.000135011,751920.99968113
695257.0000403844,713031.0000552376,720280.9998188344,722501.0000349302,722942.9998257214,726750.0000536527,728896.9999154772,731527.9999580756,736500.0000511926,751415.000135011,751920.99968113
695257.0000403844,720280.9998188344,722501.0000349302,722942.9998257214,726750.0000536527,728896.9999154772,730779.0000017672,731527.9999580756,733667.0001884814,736500.0000511926,751920.99968113
699444.0000647603,720280.9998188344,722501.0000349302,722942.9998257214,726750.0000536527,728896.9999154772,730779.0000017672,731527.9999580756,732313.0000268166,733667.0001884814,751920.99968113
699444.0000647603,722501.0000349302,722942.9998257214,724388.9996727598,724789.0000615518,726750.0000536527,730779.0000017672,731527.9999580756,732313.0000268166,733667.0001884814,751920.99968113
699444.0000647603,713359.0003073919,722942.9998257214,724388.9996727598,724789.0000615518,730779.0000017672,731527.9999580756,732313.0000268166,733667.0001884814,735891.9997811909,751920.99968113
699444.0000647603,713359.0003073919,718944.0001031066,722942.9998257214,724388.9996727598,724789.0000615518,730779.0000017672,731527.9999580756,735891.9997811909,747036.0001121914,751920.99968113
699948.0000603335,713359.0003073919,718440.0001075334,722942.9998257214,724388.9996727598,724789.0000615518,730779.0000017672,731527.9999580756,735891.9997811909,747036.0001121914,751920.99968113
699948.0000603335,707733.9995341027,713359.0003073919,718440.0001075334,722942.9998257214,730779.0000017672,731527.9999580756,735891.9997811909,741444.0002002089,747036.0001121914,751920.99968113
699948.0000603335,707733.9995341027,713323.0000643852,713359.0003073919,722942.9998257214,730779.0000017672,731527.9999580756,735891.9997811909,741444.0002002089,751920.99968113,752153.0001553396
699948.0000603335,707733.9995341027,713323.0000643852,713359.0003073919,722942.9998257214,731527.9999580756,735891.9997811909,738806.9990394296,741444.0002002089,743893.0006434676,752153.0001553396
699948.0000603335,707733.9995341027,713323.0000643852,713359.0003073919,719608.999770636,731527.9999580756,738806.9990394296,739225.9998362763,741444.0002002089,743893.0006434676,752153.0001553396
699948.0000603335,704399.0002246262,707733.9995341027,713323.0000643852,728568.9998534017,731527.9999580756,738806.9990394296,739225.9998362763,741444.0002002089,743893.0006434676,752153.0001553396
699948.0000603335,704272.9999748896,704399.0002246262,707733.9995341027,728568.9998534017,738806.9990394296,739225.9998362763,740578.0000475713,741444.0002002089,743893.0006434676,752153.0001553396
699948.0000603335,704272.9999748896,707733.9995341027,714344.0001577537,718623.9999202741,738806.9990394296,739225.9998362763,740578.0000475713,741444.0002002089,743893.0006434676,752153.0001553396
704272.9999748896,707733.9995341027,714344.0001577537,718623.9999202741,722700.9999854317,729400.0002302415,738806.9990394296,739225.9998362763,740578.0000475713,741444.0002002089,743893.0006434676
704272.9999748896,707733.9995341027,712856.0005955589,714344.0001577537,718623.9999202741,722700.9999854317,738806.9990394296,739225.9998362763,740578.0000475713,741444.0002002089,760437.0002781502
704272.9999748896,707733.9995341027,712856.0005955589,714344.0001577537,718623.9999202741,722700.9999854317,738806.9990394296,739225.9998362763,739441.0002059231,742581.0000418569,760437.0002781502
704272.9999748896,712856.0005955589,713255.9999755664,714344.0001577537,718623.9999202741,722700.9999854317,733918.9997644594,738806.9990394296,739225.9998362763,742581.0000418569,760437.0002781502
692716.9998624194,713255.9999755664,714344.0001577537,718623.9999202741,722700.9999854317,724412.000708029,733918.9997644594,738806.9990394296,739225.9998362763,742581.0000418569,760437.0002781502
692716.9998624194,714344.0001577537,718623.9999202741,722700.9999854317,723207.9999129514,723966.9998270746,724412.000708029,738806.9990394296,739225.9998362763,742581.0000418569,760437.0002781502
692716.9998624194,714344.0001577537,718623.9999202741,720975.0000121598,722700.9999854317,723966.9998270746,724412.000708029,738806.9990394296,739225.9998362763,744813.9999426485,760437.0002781502
692716.9998624194,714344.0001577537,718623.9999202741,722700.9999854317,723966.9998270746,724412.000708029,726080.0000327497,738806.9990394296,739225.9998362763,739708.9999220585,760437.0002781502
692716.9998624194,714344.0001577537,715758.9996398147,722700.9999854317,723966.9998270746,724412.000708029,726080.0000327497,738806.9990394296,739708.9999220585,742091.0001167357,760437.0002781502
706247.9998859644,714344.0001577537,715758.9996398147,722700.9999854317,723966.9998270746,724412.000708029,726080.0000327497,726177.9998985135,738806.9990394296,742091.0001167357,760437.0002781502
706247.9998859644,713230.0000646871,714344.0001577537,715758.9996398147,722700.9999854317,724412.000708029,726177.9998985135,736816.9997951372,738806.9990394296,742091.0001167357,760437.0002781502
706247.9998859644,714344.0001577537,715758.9996398147,717906.000024336,722700.9999854317,724412.000708029,726177.9998985135,732140.9998354883,738806.9990394296,742091.0001167357,760437.0002781502
706247.9998859644,714344.0001577537,715758.9996398147,717906.000024336,722700.9999854317,726177.9998985135,729726.0000290066,732140.9998354883,733492.999718452,742091.0001167357,760437.0002781502
706247.9998859644,713658.9998424313,714344.0001577537,717906.000024336,722700.9999854317,726177.9998985135,729726.0000290066,732140.9998354883,733492.999718452,744190.9999141191,760437.0002781502
707699.9999668055,713658.9998424313,714344.0001577537,716453.999943495,722700.9999854317,726177.9998985135,729726.0000290066,732140.9998354883,733492.999718452,744190.9999141191,760437.0002781502
694530.9999692101,713658.9998424313,714344.0001577537,722700.9999854317,726177.9998985135,729622.9999410904,729726.0000290066,732140.9998354883,733492.999718452,744190.9999141191,760437.0002781502
694530.9999692101,713658.9998424313,714344.0001577537,722700.9999854317,725361.0000161245,729622.9999410904,730542.9999113957,732140.9998354883,733492.999718452,744190.9999141191,760437.0002781502
694530.9999692101,713658.9998424313,714344.0001577537,722700.9999854317,729622.9999410904,730542.9999113957,732140.9998354883,733492.999718452,739793.0002461856,744190.9999141191,746005.0000480891
694530.9999692101,713658.9998424313,722700.9999854317,723532.9998900197,729622.9999410904,730542.9999113957,732140.9998354883,733492.999718452,735002.0001818532,739793.0002461856,746005.0000480891
694530.9999692101,713658.9998424313,722700.9999854317,723532.9998900197,729622.9999410904,730542.9999113957,732140.9998354883,733492.999718452,735002.0001818532,739793.0002461856,746005.0000480891
694530.9999692101,713658.9998424313,722700.9999854317,723532.9998900197,723997.0002567633,729622.9999410904,730542.9999113957,732140.9998354883,733492.999718452,735002.0001818532,761801.0000375113
694530.9999692101,714144.9999985378,722214.9998293251,723532.9998900197,723997.0002567633,729622.9999410904,730542.9999113957,732140.9998354883,733492.999718452,735002.0001818532,761801.0000375113
694530.9999692101,714144.9999985378,722214.9998293251,723532.9998900197,724186.0001989977,729622.9999410904,730542.9999113957,732140.9998354883,733303.9997762176,735002.0001818532,761801.0000375113
694530.9999692101,714853.0000189893,721506.9998088736,723532.9998900197,724186.0001989977,729622.9999410904,730542.9999113957,732140.9998354883,733303.9997762176,735002.0001818532,761801.0000375113
694530.9999692101,714853.0000189893,721506.9998088736,724186.0001989977,724784.00055265,729622.9999410904,730542.9999113957,732140.9998354883,733303.9997762176,733750.9995192229,761801.0000375113
694530.9999692101,714170.9999385043,721506.9998088736,724186.0001989977,724784.00055265,729622.9999410904,730542.9999113957,732140.9998354883,733303.9997762176,733750.9995192229,762483.0001179964
694530.9999692101,714170.9999385043,717120.0003081015,721506.9998088736,724186.0001989977,724784.00055265,729622.9999410904,732140.9998354883,733750.9995192229,746726.9993795118,762483.0001179964
694530.9999692101,714170.9999385043,717120.0003081015,721025.9998386523,724186.0001989977,724784.00055265,729622.9999410904,732140.9998354883,734231.9994894442,746726.9993795118,762483.0001179964
694530.9999692101,709141.000008064,717120.0003081015,724186.0001989977,724784.00055265,726055.9997690927,729622.9999410904,732140.9998354883,734231.9994894442,746726.9993795118,762483.0001179964
694530.9999692101,709141.000008064,714626.0003801441,717120.0003081015,724186.0001989977,729622.9999410904,732140.9998354883,734231.9994894442,736213.9999415985,746726.9993795118,762483.0001179964
694530.9999692101,709141.000008064,714626.0003801441,718124.9997808083,724186.0001989977,729622.9999410904,732140.9998354883,734231.9994894442,736213.9999415985,745721.9999068051,762483.0001179964
694530.9999692101,713632.9999473253,714626.0003801441,718124.9997808083,724186.0001989977,725131.000001829,732140.9998354883,734231.9994894442,736213.9999415985,745721.9999068051,762483.0001179964
694530.9999692101,714105.9998338544,714626.0003801441,718124.9997808083,723713.0003124686,725131.000001829,732140.9998354883,734231.9994894442,736213.9999415985,745721.9999068051,762483.0001179964
694530.9999692101,714105.9998338544,718124.9997808083,721981.0001138101,723713.0003124686,725131.000001829,726876.9997557782,732140.9998354883,736213.9999415985,745721.9999068051,762483.0001179964
694530.9999692101,699675.9999170902,721981.0001138101,723713.0003124686,725131.000001829,726876.9997557782,732140.9998354883,732554.9996975726,736213.9999415985,745721.9999068051,762483.0001179964
694530.9999692101,699675.9999170902,715809.999549868,723713.0003124686,725131.000001829,732140.9998354883,732554.9996975726,733048.0003197202,736213.9999415985,745721.9999068051,762483.0001179964
699675.9999170902,708720.9998256452,715809.999549868,717950.9999790532,723713.0003124686,725131.000001829,732554.9996975726,733048.0003197202,736213.9999415985,745721.9999068051,762483.0001179964
708720.9998256452,713726.999822862,715809.999549868,717950.9999790532,718503.9997918007,723713.0003124686,725131.000001829,733048.0003197202,736213.9999415985,745721.9999068051,762483.0001179964
708720.9998256452,714149.9998809099,715809.999549868,717950.9999790532,718080.9997337528,723713.0003124686,725131.000001829,733048.0003197202,736213.9999415985,745721.9999068051,762483.0001179964
708720.9998256452,714149.9998809099,715809.999549868,717950.9999790532,718080.9997337528,718813.0000027507,723713.0003124686,733048.0003197202,742531.9999406768,745721.9999068051,762483.0001179964
708720.9998256452,714149.9998809099,714823.9997621734,715809.999549868,717950.9999790532,722069.9999743301,723713.0003124686,733048.0003197202,742531.9999406768,745721.9999068051,762483.0001179964
711557.0000022984,714149.9998809099,714823.9997621734,715114.9998024,715809.999549868,722069.9999743301,723713.0003124686,733048.0003197202,742531.9999406768,745721.9999068051,762483.0001179964
711557.0000022984,714149.9998809099,714715.9999373005,714823.9997621734,715114.9998024,715809.999549868,723713.0003124686,733048.0003197202,745721.9999068051,749885.9999777065,762483.0001179964
700901.9999518715,714149.9998809099,714715.9999373005,714823.9997621734,715809.999549868,723713.0003124686,725769.9998528269,733048.0003197202,745721.9999068051,749885.9999777065,762483.0001179964
700901.9999518715,714149.9998809099,714715.9999373005,715809.999549868,718150.9997387034,723713.0003124686,725769.9998528269,733048.0003197202,745721.9999068051,746559.0000011765,762483.0001179964
700901.9999518715,714715.9999373005,715809.999549868,718150.9997387034,723439.0000257154,723713.0003124686,725769.9998528269,733048.0003197202,736432.9997619996,746559.0000011765,762483.0001179964
700901.9999518715,714715.9999373005,715809.999549868,718150.9997387034,723439.0000257154,725769.9998528269,729119.000217198,731026.9998572702,733048.0003197202,746559.0000011765,762483.0001179964
700901.9999518715,714715.9999373005,715809.999549868,723439.0000257154,725769.9998528269,729119.000217198,730782.0000455402,731026.9998572702,733048.0003197202,733927.9996943397,762483.0001179964
700901.9999518715,714715.9999373005,715809.999549868,716067.9998340015,723439.0000257154,725769.9998528269,730782.0000455402,731026.9998572702,733048.0003197202,746979.0000775363,762483.0001179964
700901.9999518715,714715.9999373005,715165.0004145666,715809.999549868,724341.9994451504,725769.9998528269,730782.0000455402,731026.9998572702,733048.0003197202,746979.0000775363,762483.0001179964
700901.9999518715,714715.9999373005,715165.0004145666,715809.999549868,718247.9994135617,725769.9998528269,731026.9998572702,733048.0003197202,736876.0000771289,746979.0000775363,762483.0001179964
700901.9999518715,714715.9999373005,715165.0004145666,718247.9994135617,721071.0000866011,725769.9998528269,727786.9997829872,731026.9998572702,736876.0000771289,746979.0000775363,762483.0001179964
700901.9999518715,715165.0004145666,718247.9994135617,721071.0000866011,725769.9998528269,727786.9997829872,731026.9998572702,734887.0002685834,736876.0000771289,742311.9997867134,746979.0000775363
700901.9999518715,713630.0000440136,719782.9997841148,721071.0000866011,725769.9998528269,727786.9997829872,731026.9998572702,734887.0002685834,736876.0000771289,742311.9997867134,746979.0000775363
700901.9999518715,713630.0000440136,715087.9995048211,721071.0000866011,725769.9998528269,727786.9997829872,734887.0002685834,735722.0001365638,736876.0000771289,742311.9997867134,746979.0000775363
700901.9999518715,714048.9997657465,714668.9997830882,721071.0000866011,725769.9998528269,727786.9997829872,734887.0002685834,735722.0001365638,736876.0000771289,742311.9997867134,746979.0000775363
700901.9999518715,714048.9997657465,721071.0000866011,725165.0002277157,725225.9996919363,725769.9998528269,727786.9997829872,734887.0002685834,736876.0000771289,742311.9997867134,746979.0000775363
700901.9999518715,720208.000258127,721071.0000866011,725165.0002277157,725225.9996919363,725769.9998528269,727786.9997829872,734887.0002685834,736876.0000771289,740819.999585156,742311.9997867134
700901.9999518715,715080.9994978731,720208.000258127,721071.0000866011,725165.0002277157,725769.9998528269,727786.9997829872,734887.0002685834,736876.0000771289,742311.9997867134,750964.9997792193
705571.0001789482,715080.9994978731,720208.000258127,721071.0000866011,725165.0002277157,725769.9998528269,727786.9997829872,732206.9998500522,734887.0002685834,742311.9997867134,750964.9997792193
705571.0001789482,715080.9994978731,717300.9998082201,720208.000258127,725165.0002277157,725769.9998528269,731557.0000613682,732206.9998500522,734887.0002685834,742311.9997867134,750964.9997792193
711151.9998293493,715080.9994978731,717300.9998082201,720189.0002024258,720208.000258127,725165.0002277157,731557.0000613682,732206.9998500522,734887.0002685834,742311.9997867134,750964.9997792193
711151.9998293493,717300.9998082201,718496.9996314485,720189.0002024258,720208.000258127,725165.0002277157,731557.0000613682,732206.9998500522,734887.0002685834,742311.9997867134,747548.9996456439
711151.9998293493,714569.9999314401,717300.9998082201,720189.0002024258,724134.9999581354,725165.0002277157,731557.0000613682,732206.9998500522,734887.0002685834,742311.9997867134,747548.9996456439
711151.9998293493,714569.9999314401,717300.9998082201,721666.9999766996,724134.9999581354,725165.0002277157,730729.0000757785,731557.0000613682,734887.0002685834,742311.9997867134,747548.9996456439
711151.9998293493,714569.9999314401,718873.0002728177,721666.9999766996,724134.9999581354,725165.0002277157,730729.0000757785,731557.0000613682,733314.9998039858,742311.9997867134,747548.9996456439
711151.9998293493,714569.9999314401,721666.9999766996,721930.0000700528,724134.9999581354,725165.0002277157,727672.0002785433,731557.0000613682,733314.9998039858,742311.9997867134,747548.9996456439
711151.9998293493,714569.9999314401,715316.0004070756,721666.9999766996,721930.0000700528,724134.9999581354,725165.0002277157,731557.0000613682,733314.9998039858,747548.9996456439,754667.9996581811
711151.9998293493,714551.0000660601,714569.9999314401,715316.0004070756,721666.9999766996,721930.0000700528,725165.0002277157,731557.0000613682,733314.9998039858,754667.9996581811,757132.9995377192
699364.9996877449,714551.0000660601,714569.9999314401,715316.0004070756,721666.9999766996,725165.0002277157,731557.0000613682,733314.9998039858,733717.0002116573,754667.9996581811,757132.9995377192
699364.9996877449,713589.9999155593,714569.9999314401,715316.0004070756,722628.0001272004,725165.0002277157,731557.0000613682,733314.9998039858,733717.0002116573,754667.9996581811,757132.9995377192
699364.9996877449,705719.0002962457,713589.9999155593,722628.0001272004,724167.00004227,725165.0002277157,731557.0000613682,733314.9998039858,733717.0002116573,754667.9996581811,757132.9995377192
699364.9996877449,710401.9999415025,713589.9999155593,719484.0003970133,722628.0001272004,725165.0002277157,731557.0000613682,733314.9998039858,733717.0002116573,754667.9996581811,757132.9995377192
699364.9996877449,710401.9999415025,713589.9999155593,719484.0003970133,722628.0001272004,731557.0000613682,733314.9998039858,733717.0002116573,736807.999339188,745490.0004262468,754667.9996581811
699364.9996877449,710401.9999415025,713589.9999155593,722628.0001272004,731557.0000613682,733314.9998039858,733717.0002116573,735390.0000003655,736807.999339188,738762.0000548288,745490.0004262468
699364.9996877449,710401.9999415025,713589.9999155593,716217.0002622032,722628.0001272004,733717.0002116573,735390.0000003655,736807.999339188,738762.0000548288,745490.0004262468,748654.9996031509
699364.9996877449,710401.9999415025,713589.9999155593,716217.0002622032,722628.0001272004,733717.0002116573,734460.0002385591,736807.999339188,739691.9998166353,745490.0004262468,748654.9996031509
699364.9996877449,710401.9999415025,713589.9999155593,716217.0002622032,722628.0001272004,729998.0001306735,733717.0002116573,734460.0002385591,739691.9998166353,748654.9996031509,752299.9996347612
708473.999901508,710401.9999415025,713589.9999155593,716217.0002622032,722628.0001272004,724607.9999978942,729998.0001306735,734460.0002385591,739691.9998166353,748654.9996031509,752299.9996347612
708473.999901508,710401.9999415025,713589.9999155593,716217.0002622032,721796.0000904024,722628.0001272004,724607.9999978942,729998.0001306735,748654.9996031509,752299.9996347612,752355.9999647919
708473.999901508,710401.9999415025,713589.9999155593,716217.0002622032,722628.0001272004,724607.9999978942,729998.0001306735,736198.9999746544,737953.00008054,748654.9996031509,752299.9996347612
708473.999901508,710401.9999415025,713230.9996711817,713589.9999155593,722628.0001272004,724607.9999978942,729998.0001306735,736198.9999746544,737953.00008054,751641.0001941724,752299.9996347612
708473.999901508,710401.9999415025,713589.9999155593,714232.999962789,722628.0001272004,724607.9999978942,729998.0001306735,736198.9999746544,737953.00008054,750638.999902565,752299.9996347612
708473.999901508,710401.9999415025,713589.9999155593,722628.0001272004,724607.9999978942,729998.0001306735,730425.9997247851,734446.0001405689,736198.9999746544,737953.00008054,752299.9996347612
708473.999901508,710401.9999415025,713589.9999155593,719214.0001878336,724607.9999978942,730425.9997247851,733412.0000700403,734446.0001405689,736198.9999746544,737953.00008054,752299.9996347612
708473.999901508,710401.9999415025,713116.9998454801,719214.0001878336,725081.0000679734,730425.9997247851,733412.0000700403,734446.0001405689,736198.9999746544,737953.00008054,752299.9996347612
694066.9999815584,710401.9999415025,719214.0001878336,725081.0000679734,727523.9997654296,730425.9997247851,733412.0000700403,734446.0001405689,736198.9999746544,737953.00008054,752299.9996347612
694066.9999815584,710401.9999415025,715346.9996602335,719214.0001878336,725081.0000679734,727523.9997654296,733412.0000700403,736198.9999746544,737953.00008054,749525.0002051205,752299.9996347612
694066.9999815584,715346.9996602335,719214.0001878336,723891.0000341743,725081.0000679734,727523.9997654296,733412.0000700403,736198.9999746544,737953.00008054,738810.9995420894,749525.0002051205
694066.9999815584,715346.9996602335,719214.0001878336,723391.0000924523,725081.0000679734,727523.9997654296,733412.0000700403,736198.9999746544,738453.000022262,738810.9995420894,749525.0002051205
694066.9999815584,703651.0001285035,719214.0001878336,725081.0000679734,727523.9997654296,733412.0000700403,735086.9996241822,736198.9999746544,738453.000022262,738810.9995420894,749525.0002051205
694066.9999815584,703651.0001285035,713297.9996475645,725081.0000679734,727523.9997654296,733412.0000700403,735086.9996241822,736198.9999746544,738453.000022262,744727.0000823585,749525.0002051205
694066.9999815584,713297.9996475645,725081.0000679734,725898.0010517788,727277.9992818453,727523.9997654296,733412.0000700403,735086.9996241822,736198.9999746544,738453.000022262,744727.0000823585
701508.9999893106,713297.9996475645,717639.0000602212,725898.0010517788,727277.9992818453,727523.9997654296,733412.0000700403,735086.9996241822,736198.9999746544,738453.000022262,744727.0000823585
701508.9999893106,713297.9996475645,717159.9999366421,717639.0000602212,725898.0010517788,727277.9992818453,727523.9997654296,735086.9996241822,736198.9999746544,738453.000022262,760979.0002157567
701508.9999893106,711456.9998465527,717159.9999366421,717639.0000602212,725898.0010517788,727277.9992818453,727523.9997654296,735086.9996241822,736198.9999746544,740293.9998232737,760979.0002157567
701508.9999893106,715013.9998330461,717159.9999366421,717639.0000602212,725898.0010517788,727277.9992818453,727523.9997654296,731529.9996376889,736198.9999746544,740293.9998232737,760979.0002157567
701508.9999893106,715013.9998330461,717639.0000602212,719125.0000002276,725898.0010517788,727277.9992818453,727523.9997654296,731529.9996376889,736198.9999746544,738328.9997596883,760979.0002157567
701508.9999893106,714877.0000051338,715013.9998330461,717639.0000602212,719125.0000002276,727523.9997654296,731529.9996376889,736198.9999746544,738299.0003284903,738328.9997596883,760979.0002157567
701508.9999893106,713753.9999442183,714877.0000051338,717639.0000602212,719125.0000002276,727523.9997654296,731529.9996376889,737458.9998634822,738299.0003284903,738328.9997596883,760979.0002157567
701508.9999893106,713753.9999442183,717639.0000602212,718932.9996091477,719125.0000002276,727523.9997654296,731529.9996376889,734243.0007244764,737458.9998634822,738328.9997596883,760979.0002157567
701508.9999893106,713753.9999442183,715497.9995545137,717639.0000602212,718932.9996091477,719125.0000002276,727523.9997654296,734243.0007244764,738328.9997596883,753490.9999466573,760979.0002157567
701508.9999893106,713076.999909914,713753.9999442183,715497.9995545137,717639.0000602212,718932.9996091477,727523.9997654296,734243.0007244764,738328.9997596883,759539.000036971,760979.0002157567
701508.9999893106,713076.999909914,714129.00004608,715497.9995545137,717263.9999583595,718932.9996091477,727523.9997654296,734243.0007244764,738328.9997596883,759539.000036971,760979.0002157567
696042.9999842618,713076.999909914,715497.9995545137,717263.9999583595,718932.9996091477,719595.0000511288,727523.9997654296,734243.0007244764,738328.9997596883,759539.000036971,760979.0002157567
696042.9999842618,713076.999909914,717263.9999583595,718932.9996091477,719595.0000511288,724700.9995281684,727523.9997654296,734243.0007244764,738328.9997596883,750336.0000633163,760979.0002157567
696042.9999842618,712561.0000115819,713076.999909914,717263.9999583595,718932.9996091477,724700.9995281684,734243.0007244764,734557.9998049765,738328.9997596883,750336.0000633163,760979.0002157567
696042.9999842618,709369.9998319512,713076.999909914,717263.9999583595,718932.9996091477,724700.9995281684,734243.0007244764,737748.9999846072,738328.9997596883,750336.0000633163,760979.0002157567
696042.9999842618,709369.9998319512,713076.999909914,713208.9999843361,718932.9996091477,728755.9995021918,734243.0007244764,737748.9999846072,738328.9997596883,750336.0000633163,760979.0002157567
696042.9999842618,713076.999909914,713208.9999843361,718932.9996091477,719982.0000235726,727136.9997929859,728755.9995021918,734243.0007244764,738328.9997596883,750336.0000633163,760979.0002157567
696042.9999842618,713208.9999843361,718932.9996091477,719982.0000235726,720763.9998759468,727136.9997929859,728755.9995021918,734243.0007244764,738328.9997596883,750336.0000633163,753292.0002497239
713208.9999843361,715947.9999461952,718423.9997977549,718932.9996091477,719982.0000235726,720763.9998759468,727136.9997929859,728755.9995021918,734243.0007244764,750336.0000633163,753292.0002497239
713208.9999843361,714572.9999084756,718423.9997977549,718932.9996091477,720763.9998759468,721357.0000612922,727136.9997929859,728755.9995021918,734243.0007244764,750336.0000633163,753292.0002497239
713208.9999843361,714572.9999084756,715493.9995903104,718423.9997977549,718932.9996091477,720763.9998759468,721357.0000612922,727136.9997929859,747505.0006363578,750336.0000633163,753292.0002497239
713208.9999843361,714572.9999084756,716661.0000121352,718423.9997977549,718932.9996091477,720189.9996394673,720763.9998759468,727136.9997929859,747505.0006363578,750336.0000633163,753292.0002497239
713208.9999843361,713350.9997901013,714572.9999084756,716661.0000121352,718932.9996091477,720189.9996394673,720763.9998759468,727136.9997929859,747505.0006363578,750336.0000633163,758365.0002573775
713208.9999843361,713350.9997901013,714614.0000243002,716619.9998963106,718932.9996091477,720189.9996394673,720763.9998759468,727136.9997929859,747505.0006363578,750336.0000633163,758365.0002573775
713208.9999843361,713350.9997901013,716619.9998963106,718932.9996091477,718946.9996452377,720189.9996394673,720763.9998759468,722804.0001720483,747505.0006363578,750336.0000633163,758365.0002573775
713208.9999843361,713350.9997901013,716619.9998963106,718932.9996091477,718946.9996452377,720763.9998759468,722804.0001720483,729618.9997085717,740906.999994212,747505.0006363578,758365.0002573775
713208.9999843361,716190.9998093331,716619.9998963106,717923.999856715,718932.9996091477,718946.9996452377,722804.0001720483,729618.9997085717,740906.999994212,747505.0006363578,758365.0002573775
713208.9999843361,716190.9998093331,716619.9998963106,717923.999856715,718946.9996452377,719903.00020598,722804.0001720483,729618.9997085717,740906.999994212,746535.0000395254,758365.0002573775
713208.9999843361,716190.9998093331,716619.9998963106,717923.999856715,718946.9996452377,722804.0001720483,722957.0002065733,729618.9997085717,740906.999994212,743481.0000389321,758365.0002573775
713208.9999843361,715695.999932646,716190.9998093331,716619.9998963106,717923.999856715,718946.9996452377,722804.0001720483,736879.9999824989,740906.999994212,743481.0000389321,758365.0002573775
713208.9999843361,714742.999995656,715695.999932646,716190.9998093331,716619.9998963106,717923.999856715,718946.9996452377,722804.0001720483,743481.0000389321,758365.0002573775,763043.9999810549
713208.9999843361,714742.999995656,715695.999932646,716619.9998963106,717923.999856715,718946.9996452377,722804.0001720483,736343.9998390286,738212.0002276821,743481.0000389321,763043.9999810549
710434.9999670845,713208.9999843361,716619.9998963106,717923.999856715,718946.9996452377,720003.9999612175,722804.0001720483,736343.9998390286,738212.0002276821,743481.0000389321,763043.9999810549
707186.0000756277,710434.9999670845,713208.9999843361,716619.9998963106,717923.999856715,720003.9999612175,734564.9997416583,736343.9998390286,738212.0002276821,743481.0000389321,763043.9999810549
707186.0000756277,710434.9999670845,713208.9999843361,716619.9998963106,717923.999856715,724001.0002357108,734564.9997416583,736343.9998390286,738212.0002276821,739483.9997644388,763043.9999810549
707186.0000756277,713208.9999843361,716619.9998963106,717923.999856715,724001.0002357108,730550.9999760652,734564.9997416583,736343.9998390286,738212.0002276821,739483.9997644388,742927.9999720742
707186.0000756277,713208.9999843361,716619.9998963106,717923.999856715,724001.0002357108,734564.9997416583,736343.9998390286,736503.9999574025,736974.999990737,738212.0002276821,739483.9997644388
707186.0000756277,713003.0007011764,713208.9999843361,716619.9998963106,724001.0002357108,734564.9997416583,736343.9998390286,736503.9999574025,736974.999990737,739483.9997644388,743132.9993832207
707186.0000756277,713003.0007011764,713208.9999843361,716619.9998963106,724001.0002357108,734564.9997416583,736249.9997116746,736598.0000847564,736974.999990737,739483.9997644388,743132.9993832207
707186.0000756277,713003.0007011764,713208.9999843361,716619.9998963106,727984.0000999207,734564.9997416583,735500.9999002288,736249.9997116746,736598.0000847564,736974.999990737,743132.9993832207
707186.0000756277,713003.0007011764,713208.9999843361,716252.0000245677,716619.9998963106,727984.0000999207,734564.9997416583,735500.9999002288,736598.0000847564,736974.999990737,763130.9990703276
707186.0000756277,713003.0007011764,713208.9999843361,716252.0000245677,716619.9998963106,725177.9999410597,734564.9997416583,735500.9999002288,736598.0000847564,739781.0001495979,763130.9990703276
707186.0000756277,713003.0007011764,713208.9999843361,716252.0000245677,716619.9998963106,722447.9999120332,725177.9999410597,734564.9997416583,736598.0000847564,752834.0001377935,763130.9990703276
707186.0000756277,713003.0007011764,713208.9999843361,714631.0001892211,716252.0000245677,716619.9998963106,725177.9999410597,734564.9997416583,736598.0000847564,760650.9998606056,763130.9990703276
708337.999731552,713003.0007011764,713208.9999843361,714631.0001892211,716252.0000245677,716619.9998963106,725177.9999410597,733413.0000857341,736598.0000847564,760650.9998606056,763130.9990703276
708337.999731552,713003.0007011764,713208.9999843361,716252.0000245677,716619.9998963106,717701.9998104868,725177.9999410597,733413.0000857341,736598.0000847564,757580.0002393399,763130.9990703276
708337.999731552,711131.0000942432,713003.0007011764,713208.9999843361,716619.9998963106,717701.9998104868,725177.9999410597,733413.0000857341,741719.0000150809,757580.0002393399,763130.9990703276
708337.999731552,711131.0000942432,713003.0007011764,713208.9999843361,716619.9998963106,720175.9998023952,725177.9999410597,733413.0000857341,739245.0000231725,757580.0002393399,763130.9990703276
708337.999731552,711131.0000942432,713003.0007011764,713208.9999843361,713481.9999278258,720175.9998023952,725177.9999410597,736551.000054219,739245.0000231725,757580.0002393399,763130.9990703276
708337.999731552,711131.0000942432,713003.0007011764,713481.9999278258,717198.0001133117,720175.9998023952,721188.9998120841,736551.000054219,739245.0000231725,757580.0002393399,763130.9990703276
708337.999731552,711131.0000942432,713003.0007011764,715354.9999590297,717198.0001133117,720175.9998023952,721188.9998120841,734678.0000230151,739245.0000231725,757580.0002393399,763130.9990703276
700702.9998630018,708337.999731552,711131.0000942432,713003.0007011764,715354.9999590297,717198.0001133117,734678.0000230151,739245.0000231725,740661.9997514776,757580.0002393399,763130.9990703276
699458.0001212944,700702.9998630018,708337.999731552,713003.0007011764,717198.0001133117,727027.9999319785,734678.0000230151,739245.0000231725,740661.9997514776,757580.0002393399,763130.9990703276
698563.0001314441,699458.0001212944,708337.999731552,713003.0007011764,719337.9998448694,727027.9999319785,734678.0000230151,739245.0000231725,740661.9997514776,757580.0002393399,763130.9990703276
695179.0000957636,698563.0001314441,708337.999731552,713003.0007011764,719337.9998448694,731306.9999575093,734678.0000230151,739245.0000231725,740661.9997514776,757580.0002393399,763130.9990703276
695179.0000957636,698563.0001314441,708337.999731552,713003.0007011764,715745.9999059943,719337.9998448694,739245.0000231725,740661.9997514776,750239.0000745301,757580.0002393399,763130.9990703276
695179.0000957636,698563.0001314441,708337.999731552,713003.0007011764,715745.9999059943,719337.9998448694,724662.0000013172,750239.0000745301,755244.9997733328,757580.0002393399,763130.9990703276
695179.0000957636,706306.0000856315,708337.999731552,713003.0007011764,715745.9999059943,716919.0000471298,719337.9998448694,750239.0000745301,755244.9997733328,757580.0002393399,763130.9990703276
695030.0001624569,695179.0000957636,708337.999731552,713003.0007011764,715745.9999059943,716919.0000471298,730613.999768044,750239.0000745301,755244.9997733328,757580.0002393399,763130.9990703276
695030.0001624569,695179.0000957636,708337.999731552,713003.0007011764,715745.9999059943,716919.0000471298,724163.999580049,755244.9997733328,756689.0002625252,757580.0002393399,763130.9990703276
695030.0001624569,695179.0000957636,713003.0007011764,715745.9999059943,716919.0000471298,721109.0002398966,724163.999580049,743917.9997541805,755244.9997733328,757580.0002393399,763130.9990703276
695179.0000957636,703379.0000395852,713003.0007011764,715745.9999059943,715814.9997029207,716919.0000471298,721109.0002398966,743917.9997541805,755244.9997733328,757580.0002393399,763130.9990703276
695493.0000412578,703379.0000395852,713003.0007011764,715745.9999059943,715814.9997029207,716605.0001016355,721109.0002398966,743917.9997541805,755244.9997733328,757580.0002393399,763130.9990703276
691563.9999425543,695493.0000412578,713003.0007011764,715745.9999059943,715814.9997029207,716605.0001016355,732924.0003369274,743917.9997541805,755244.9997733328,757580.0002393399,763130.9990703276
691563.9999425543,695493.0000412578,713003.0007011764,715745.9999059943,716605.0001016355,721442.9996920358,732924.0003369274,743917.9997541805,749616.9997842177,757580.0002393399,763130.9990703276
691563.9999425543,695493.0000412578,713003.0007011764,715745.9999059943,716605.0001016355,718254.9997246037,721442.9996920358,749616.9997842177,757580.0002393399,758587.0003665042,763130.9990703276
691563.9999425543,695493.0000412578,711324.9999168223,713003.0007011764,716605.0001016355,721442.9996920358,722675.9997137757,749616.9997842177,757580.0002393399,758587.0003665042,763130.9990703276
691563.9999425543,695493.0000412578,713003.0007011764,716605.0001016355,720453.0002284601,721442.9996920358,722675.9997137757,749459.0000548664,749616.9997842177,757580.0002393399,763130.9990703276
691563.9999425543,695493.0000412578,713003.0007011764,716207.9999771124,716605.0001016355,722675.9997137757,725687.9999433835,749459.0000548664,749616.9997842177,757580.0002393399,763130.9990703276
691563.9999425543,693567.0000024663,713003.0007011764,716207.9999771124,716605.0001016355,722675.9997137757,727613.9999821751,749459.0000548664,749616.9997842177,757580.0002393399,763130.9990703276
691563.9999425543,693567.0000024663,713003.0007011764,716605.0001016355,717500.000072656,722675.9997137757,726321.9998866315,749459.0000548664,749616.9997842177,757580.0002393399,763130.9990703276
691563.9999425543,693567.0000024663,713003.0007011764,716605.0001016355,717500.000072656,722534.9998744829,722675.9997137757,749459.0000548664,749616.9997842177,761367.0002514885,763130.9990703276
691563.9999425543,693567.0000024663,713003.0007011764,714329.999952886,716605.0001016355,717500.000072656,722534.9998744829,749616.9997842177,757804.9998157561,761367.0002514885,763130.9990703276
691563.9999425543,693567.0000024663,713003.0007011764,714329.999952886,716605.0001016355,718626.0001078428,721408.999839296,749616.9997842177,757804.9998157561,761367.0002514885,763130.9990703276
691563.9999425543,706199.9999737146,713003.0007011764,714329.999952886,716605.0001016355,718626.0001078428,721408.999839296,736983.9998129694,757804.9998157561,761367.0002514885,763130.9990703276
691563.9999425543,706199.9999737146,713003.0007011764,714329.999952886,715666.9997583425,716605.0001016355,724368.0001887963,736983.9998129694,757804.9998157561,761367.0002514885,763130.9990703276
702112.9999499104,706199.9999737146,713003.0007011764,713819.0001814401,714329.999952886,715666.9997583425,716605.0001016355,736983.9998129694,757804.9998157561,761367.0002514885,763130.9990703276
701629.0001402254,702112.9999499104,713003.0007011764,713819.0001814401,714329.999952886,715666.9997583425,721175.9999351247,736983.9998129694,757804.9998157561,761367.0002514885,763130.9990703276
691597.0002805034,701629.0001402254,713003.0007011764,714329.999952886,715666.9997583425,721175.9999351247,724334.9998508472,736983.9998129694,757804.9998157561,761367.0002514885,763130.9990703276
691597.0002805034,701629.0001402254,713003.0007011764,714329.999952886,715666.9997583425,724334.9998508472,724524.9999178183,733634.9998302757,757804.9998157561,761367.0002514885,763130.9990703276
691597.0002805034,701629.0001402254,713003.0007011764,715666.9997583425,724334.9998508472,724524.9999178183,733634.9998302757,734083.9998526007,738050.9999160413,761367.0002514885,763130.9990703276
691597.0002805034,701629.0001402254,712965.9997626343,713003.0007011764,724524.9999178183,727035.9998465554,733634.9998302757,734083.9998526007,738050.9999160413,761367.0002514885,763130.9990703276
691597.0002805034,701629.0001402254,712965.9997626343,713003.0007011764,715002.0000892758,724524.9999178183,733634.9998302757,734083.9998526007,750084.9996733209,761367.0002514885,763130.9990703276
691597.0002805034,701629.0001402254,713003.0007011764,714731.9999273339,715002.0000892758,724524.9999178183,733634.9998302757,734083.9998526007,748318.9995086213,761367.0002514885,763130.9990703276
691597.0002805034,701629.0001402254,713003.0007011764,715002.0000892758,718905.9994686173,724524.9999178183,733634.9998302757,734083.9998526007,744144.9999673379,761367.0002514885,763130.9990703276
691597.0002805034,701629.0001402254,713003.0007011764,714785.0000359815,718905.9994686173,724524.9999178183,733634.9998302757,734300.999905895,744144.9999673379,761367.0002514885,763130.9990703276
693803.9996147531,701629.0001402254,713003.0007011764,714785.0000359815,716699.0001343676,724524.9999178183,733634.9998302757,734300.999905895,744144.9999673379,761367.0002514885,763130.9990703276
695756.0000176218,701629.0001402254,713003.0007011764,714746.999731499,714785.0000359815,724524.9999178183,733634.9998302757,734300.999905895,744144.9999673379,761367.0002514885,763130.9990703276
695756.0000176218,701629.0001402254,714746.999731499,714785.0000359815,716367.9998780744,724524.9999178183,733634.9998302757,734300.999905895,744144.9999673379,759765.9998934296,761367.0002514885
695756.0000176218,701629.0001402254,714746.999731499,716367.9998780744,716375.9999414167,724524.9999178183,733634.9998302757,734300.999905895,742554.0000619028,759765.9998934296,761367.0002514885
695756.0000176218,701629.0001402254,713995.9998496713,716367.9998780744,716375.9999414167,724524.9999178183,733634.9998302757,734300.999905895,743304.9999437305,759765.9998934296,761367.0002514885
695756.0000176218,701629.0001402254,713995.9998496713,716367.9998780744,716375.9999414167,724524.9999178183,734300.999905895,737317.9999639355,743304.9999437305,757684.0001178286,759765.9998934296
695756.0000176218,701629.0001402254,713995.9998496713,716367.9998780744,716375.9999414167,724524.9999178183,732686.0001355849,734300.999905895,743304.9999437305,759765.9998934296,762315.9999461792
695756.0000176218,701629.0001402254,713995.9998496713,716367.9998780744,724148.9999498222,724524.9999178183,732686.0001355849,734300.999905895,735531.999935325,759765.9998934296,762315.9999461792
696250.0000392977,701629.0001402254,713501.9998279954,716367.9998780744,724148.9999498222,724524.9999178183,732686.0001355849,734300.999905895,735531.999935325,759765.9998934296,762315.9999461792
696250.0000392977,701629.0001402254,716367.9998780744,716483.0001508946,724148.9999498222,724524.9999178183,729704.9998126857,734300.999905895,735531.999935325,759765.9998934296,762315.9999461792
696250.0000392977,701629.0001402254,714944.9999885161,716483.0001508946,724148.9999498222,724524.9999178183,729704.9998126857,734300.999905895,735531.999935325,761188.9997829879,762315.9999461792
696250.0000392977,701629.0001402254,714944.9999885161,716483.0001508946,719348.9999780246,724524.9999178183,729704.9998126857,734300.999905895,740331.9999071226,761188.9997829879,762315.9999461792
696250.0000392977,701629.0001402254,714944.9999885161,719348.9999780246,719617.9998544405,724524.9999178183,726570.0001091398,734300.999905895,740331.9999071226,761188.9997829879,762315.9999461792
696250.0000392977,701629.0001402254,714944.9999885161,718869.0000099082,719617.9998544405,724524.9999178183,726570.0001091398,734780.9998740114,740331.9999071226,761188.9997829879,762315.9999461792
701292.0000821684,701629.0001402254,714944.9999885161,718869.0000099082,719617.9998544405,721528.0000662692,724524.9999178183,734780.9998740114,740331.9999071226,761188.9997829879,762315.9999461792
701292.0000821684,701629.0001402254,714944.9999885161,715951.9999597997,718869.0000099082,719617.9998544405,730101.0000242878,734780.9998740114,740331.9999071226,761188.9997829879,762315.9999461792
701629.0001402254,705424.9998682814,714944.9999885161,715485.0000683274,715951.9999597997,718869.0000099082,730101.0000242878,734780.9998740114,740331.9999071226,761188.9997829879,762315.9999461792
701629.0001402254,705424.9998682814,714944.9999885161,715951.9999597997,718869.0000099082,724317.0000943572,730101.0000242878,731499.9998810928,734780.9998740114,761188.9997829879,762315.9999461792
701629.0001402254,705424.9998682814,714995.0000308615,715901.9999174543,718869.0000099082,724317.0000943572,730101.0000242878,731499.9998810928,734780.9998740114,761188.9997829879,762315.9999461792
701629.0001402254,705424.9998682814,713290.000017903,714995.0000308615,715901.9999174543,724317.0000943572,730101.0000242878,734780.9998740114,737078.999873098,761188.9997829879,762315.9999461792
695967.9997772848,701629.0001402254,714995.0000308615,715901.9999174543,722747.0001088997,724317.0000943572,730101.0000242878,734780.9998740114,737078.999873098,761188.9997829879,762315.9999461792
695967.9997772848,699305.9999926902,714995.0000308615,718225.0000649896,722747.0001088997,724317.0000943572,730101.0000242878,734780.9998740114,737078.999873098,761188.9997829879,762315.9999461792
695967.9997772848,699305.9999926902,714995.0000308615,716320.0000531393,718225.0000649896,722747.0001088997,734780.9998740114,737078.999873098,738098.0000655057,761188.9997829879,762315.9999461792
695967.9997772848,699305.9999926902,714266.0000452271,714995.0000308615,716320.0000531393,718225.0000649896,734780.9998740114,738098.0000655057,745559.9999367705,761188.9997829879,762315.9999461792
695967.9997772848,714266.0000452271,714995.0000308615,716320.0000531393,718225.0000649896,720224.9999532137,724640.999976247,734780.9998740114,738098.0000655057,761188.9997829879,762315.9999461792
695967.9997772848,714149.0002180949,714995.0000308615,716320.0000531393,718225.0000649896,720224.9999532137,724757.9998033792,734780.9998740114,738098.0000655057,761188.9997829879,762315.9999461792
695967.9997772848,714149.0002180949,714995.0000308615,716320.0000531393,720224.9999532137,724757.9998033792,725916.0003592654,734780.9998740114,738098.0000655057,753497.999488712,762315.9999461792
695967.9997772848,714149.0002180949,714995.0000308615,720224.9999532137,724757.9998033792,725877.0001313756,725916.0003592654,728540.9999872693,734780.9998740114,753497.999488712,762315.9999461792
695967.9997772848,714149.0002180949,714225.9999889437,720224.9999532137,724757.9998033792,725877.0001313756,725916.0003592654,729310.0000291871,734780.9998740114,753497.999488712,762315.9999461792
695967.9997772848,714225.9999889437,717772.0002021794,720224.9999532137,724757.9998033792,725877.0001313756,725916.0003592654,729310.0000291871,731157.9998899269,753497.999488712,762315.9999461792
695967.9997772848,714225.9999889437,717772.0002021794,720224.9999532137,724757.9998033792,725916.0003592654,729310.0000291871,731157.9998899269,738431.999854956,749761.0002225988,753497.999488712
695967.9997772848,713851.0003013238,714225.9999889437,720224.9999532137,725916.0003592654,728678.9997042348,729310.0000291871,731157.9998899269,738431.999854956,749761.0002225988,753497.999488712
695967.9997772848,708954.0000021325,713851.0003013238,714225.9999889437,728678.9997042348,729310.0000291871,731157.9998899269,737187.0003103466,738431.999854956,749761.0002225988,753497.999488712
695967.9997772848,708954.0000021325,713851.0003013238,714225.9999889437,719831.9998072799,728678.9997042348,731157.9998899269,737187.0003103466,738431.999854956,749761.0002225988,762975.9997106192
694174.9998766818,708954.0000021325,713851.0003013238,716018.9998895467,719831.9998072799,728678.9997042348,731157.9998899269,737187.0003103466,738431.999854956,749761.0002225988,762975.9997106192
694174.9998766818,708954.0000021325,713851.0003013238,719831.9998072799,725680.9997218499,728678.9997042348,728770.0000226528,731157.9998899269,737187.0003103466,749761.0002225988,762975.9997106192
694174.9998766818,713287.0000393147,713851.0003013238,719831.9998072799,725680.9997218499,728678.9997042348,728770.0000226528,731157.9998899269,737187.0003103466,749761.0002225988,758642.9996734371
694174.9998766818,706486.0001007797,713287.0000393147,719831.9998072799,725680.9997218499,728770.0000226528,731157.9998899269,736043.9999047789,737187.0003103466,749761.0002225988,758642.9996734371
694174.9998766818,706486.0001007797,713287.0000393147,717860.0002398142,719831.9998072799,725680.9997218499,731157.9998899269,736043.9999047789,737187.0003103466,758642.9996734371,760671.0000054374
694174.9998766818,713287.0000393147,713548.9999518463,717860.0002398142,719831.9998072799,725680.9997218499,728981.0000537123,731157.9998899269,737187.0003103466,758642.9996734371,760671.0000054374
694174.9998766818,713287.0000393147,713548.9999518463,714441.9999994482,717860.0002398142,725680.9997218499,728981.0000537123,731157.9998899269,742577.0001181783,758642.9996734371,760671.0000054374
694174.9998766818,712915.9997413731,713287.0000393147,714441.9999994482,717860.0002398142,725680.9997218499,729614.0002641855,731157.9998899269,742577.0001181783,758642.9996734371,760671.0000054374
694174.9998766818,712915.9997413731,714441.9999994482,717377.0000410902,717860.0002398142,721590.9997200745,729614.0002641855,731157.9998899269,742577.0001181783,758642.9996734371,760671.0000054374
694174.9998766818,714441.9999994482,714471.0001078345,717377.0000410902,717860.0002398142,721590.9997200745,728058.9998977241,731157.9998899269,742577.0001181783,758642.9996734371,760671.0000054374
694174.9998766818,701228.0000389857,714441.9999994482,717377.0000410902,717860.0002398142,721590.9997200745,731157.9998899269,741301.9999665729,742577.0001181783,758642.9996734371,760671.0000054374
694174.9998766818,713239.0001688398,714441.9999994482,717377.0000410902,717860.0002398142,721590.9997200745,729290.9998367188,731157.9998899269,742577.0001181783,758642.9996734371,760671.0000054374
694174.9998766818,713239.0001688398,714608.000214626,717210.9998259124,717860.0002398142,721590.9997200745,729290.9998367188,731157.9998899269,742577.0001181783,758642.9996734371,760671.0000054374
694174.9998766818,713239.0001688398,714608.000214626,717210.9998259124,717860.0002398142,719788.9998258349,731092.9997309584,731157.9998899269,742577.0001181783,758642.9996734371,760671.0000054374
697014.9999522443,713239.0001688398,714608.000214626,717210.9998259124,717860.0002398142,719788.9998258349,728252.9996553959,731157.9998899269,742577.0001181783,758642.9996734371,760671.0000054374
697014.9999522443,713239.0001688398,714608.000214626,717210.9998259124,719788.9998258349,728252.9996553959,731157.9998899269,738795.0000668395,739736.0001784121,742577.0001181783,758642.9996734371
695305.000209966,713239.0001688398,716317.9999569042,717210.9998259124,719788.9998258349,728252.9996553959,731157.9998899269,738795.0000668395,739736.0001784121,742577.0001181783,758642.9996734371
695305.000209966,713239.0001688398,717210.9998259124,719788.9998258349,722261.9998344168,722308.9997778833,731157.9998899269,738795.0000668395,739736.0001784121,742577.0001181783,758642.9996734371
695305.000209966,713239.0001688398,717210.9998259124,719439.0005230578,719788.9998258349,722261.9998344168,722308.9997778833,731157.9998899269,742577.0001181783,758642.9996734371,759091.9997221938
695305.000209966,713239.0001688398,714726.9998384188,717210.9998259124,719439.0005230578,719788.9998258349,729843.9997738813,731157.9998899269,742577.0001181783,758642.9996734371,759091.9997221938
695305.000209966,713239.0001688398,714666.0002484092,717210.9998259124,719500.0001130673,719788.9998258349,729843.9997738813,731157.9998899269,742577.0001181783,758642.9996734371,759091.9997221938
695305.000209966,714475.0001492517,714666.0002484092,717210.9998259124,718552.999845423,719500.0001130673,729843.9997738813,731157.9998899269,742577.0001181783,758642.9996734371,759091.9997221938
696592.000125876,713379.0003324992,714475.0001492517,717210.9998259124,718552.999845423,719500.0001130673,729843.9997738813,731157.9998899269,742577.0001181783,758642.9996734371,759091.9997221938
696592.000125876,713346.999651855,713379.0003324992,714475.0001492517,717210.9998259124,718552.999845423,731157.9998899269,735997.0002350936,742577.0001181783,758642.9996734371,759091.9997221938
696592.000125876,713346.999651855,713379.0003324992,714475.0001492517,714858.0000016245,718552.999845423,731157.9998899269,735997.0002350936,744929.9999424663,758642.9996734371,759091.9997221938
713346.999651855,713379.0003324992,714475.0001492517,714858.0000016245,715470.000121111,718552.999845423,731157.9998899269,735997.0002350936,740213.9997269588,744929.9999424663,758642.9996734371
713346.999651855,713379.0003324992,713677.0000081877,714475.0001492517,715470.000121111,718552.999845423,731157.9998899269,735997.0002350936,740213.9997269588,746110.9999359031,758642.9996734371
713346.999651855,713379.0003324992,713677.0000081877,715470.000121111,718552.999845423,719482.0003295557,730990.0000547896,731157.9998899269,740213.9997269588,746110.9999359031,758642.9996734371
713346.999651855,713379.0003324992,713677.0000081877,715353.999901236,718552.999845423,719482.0003295557,730990.0000547896,731157.9998899269,740329.9999468338,746110.9999359031,758642.9996734371
713346.999651855,713677.0000081877,715353.999901236,718552.999845423,719482.0003295557,721690.0000251228,730990.0000547896,731157.9998899269,732019.0002542102,746110.9999359031,758642.9996734371
713346.999651855,713677.0000081877,715353.999901236,717239.0001137507,719482.0003295557,721690.0000251228,731157.9998899269,732019.0002542102,732303.9997864619,746110.9999359031,758642.9996734371
713346.999651855,713677.0000081877,714437.0001817519,715353.999901236,717239.0001137507,719482.0003295557,721690.0000251228,731157.9998899269,732303.9997864619,758642.9996734371,763693.0000083614
707488.9998844892,713677.0000081877,714437.0001817519,715353.999901236,717239.0001137507,721690.0000251228,725340.0000969215,731157.9998899269,732303.9997864619,758642.9996734371,763693.0000083614
707488.9998844892,713677.0000081877,714437.0001817519,717155.9997381174,717239.0001137507,719888.0001882414,725340.0000969215,731157.9998899269,732303.9997864619,758642.9996734371,763693.0000083614
707488.9998844892,713677.0000081877,714437.0001817519,715781.9997916393,717155.9997381174,717239.0001137507,719888.0001882414,731157.9998899269,741862.0000917441,758642.9996734371,763693.0000083614
699525.9997724269,707488.9998844892,713677.0000081877,714437.0001817519,715781.9997916393,717239.0001137507,731157.9998899269,737518.000153932,741862.0000917441,758642.9996734371,763693.0000083614
707488.9998844892,713677.0000081877,714437.0001817519,715781.9997916393,717239.0001137507,728505.9997910969,731157.9998899269,734712.9999896914,737518.000153932,741862.0000917441,758642.9996734371
707488.9998844892,713677.0000081877,714437.0001817519,715781.9997916393,717239.0001137507,731157.9998899269,732320.9999519074,733702.9999931215,734712.9999896914,741862.0000917441,758642.9996734371
707488.9998844892,711399.0000415635,713677.0000081877,714437.0001817519,721621.9998638264,731157.9998899269,732320.9999519074,733702.9999931215,734712.9999896914,741862.0000917441,758642.9996734371
707488.9998844892,711399.0000415635,713677.0000081877,714437.0001817519,720078.9998118783,732320.9999519074,732700.999941875,733702.9999931215,734712.9999896914,741862.0000917441,758642.9996734371
711399.0000415635,712129.999952685,713677.0000081877,714437.0001817519,720078.9998118783,732320.9999519074,732700.999941875,733702.9999931215,734712.9999896914,737221.0000235484,758642.9996734371
711399.0000415635,712129.999952685,713677.0000081877,714437.0001817519,716641.000117162,720078.9998118783,732700.999941875,734712.9999896914,737221.0000235484,749382.9998278669,758642.9996734371
711399.0000415635,712129.999952685,714437.0001817519,716641.000117162,720078.9998118783,728203.9997315368,732700.999941875,734712.9999896914,737221.0000235484,744115.999950088,749382.9998278669
711399.0000415635,712129.999952685,714437.0001817519,716641.000117162,720078.9998118783,728203.9997315368,730965.9999232151,734712.9999896914,738956.0000422082,744115.999950088,749382.9998278669
712129.999952685,714437.0001817519,716641.000117162,720078.9998118783,722783.9999813412,723328.0000499138,728203.9997315368,730965.9999232151,738956.0000422082,744115.999950088,749382.9998278669
712129.999952685,716641.000117162,720078.9998118783,722783.9999813412,723328.0000499138,727382.000719678,728203.9997315368,730965.9999232151,731170.9994121619,738956.0000422082,749382.9998278669
716641.000117162,717358.9999274879,720078.9998118783,722783.9999813412,723328.0000499138,727382.000719678,728203.9997315368,730965.9999232151,731170.9994121619,733727.0000674053,749382.9998278669
713317.0002065678,716641.000117162,717358.9999274879,720078.9998118783,722783.9999813412,723328.0000499138,730965.9999232151,731170.9994121619,733727.0000674053,742269.000244647,749382.9998278669
713317.0002065678,716641.000117162,717358.9999274879,720078.9998118783,721032.0000456135,722783.9999813412,731170.9994121619,733261.9999275154,733727.0000674053,742269.000244647,749382.9998278669
713317.0002065678,716641.000117162,718466.9999414604,720078.9998118783,721032.0000456135,722783.9999813412,731170.9994121619,732153.9999135429,733727.0000674053,742269.000244647,749382.9998278669
701388.9998887854,713317.0002065678,716641.000117162,720078.9998118783,722783.9999813412,731170.9994121619,732153.9999135429,733727.0000674053,738110.0000982885,742269.000244647,749382.9998278669
701388.9998887854,713317.0002065678,716641.000117162,720078.9998118783,722783.9999813412,732153.9999135429,733727.0000674053,733876.9996573629,738110.0000982885,739562.9999994459,749382.9998278669
701388.9998887854,713317.0002065678,715273.9999587339,716641.000117162,720078.9998118783,732153.9999135429,733727.0000674053,738110.0000982885,739562.9999994459,741386.9996799702,749382.9998278669
701388.9998887854,713317.0002065678,715273.9999587339,716641.000117162,719332.9998335536,720078.9998118783,733727.0000674053,738110.0000982885,739562.9999994459,741386.9996799702,762203.9999078562
701388.9998887854,715273.9999587339,716641.000117162,719332.9998335536,720078.9998118783,723564.9997396218,731139.0001469163,733727.0000674053,738110.0000982885,739562.9999994459,762203.9999078562
705194.9999670241,715273.9999587339,716641.000117162,719332.9998335536,720078.9998118783,723564.9997396218,731139.0001469163,733727.0000674053,734304.0000200499,739562.9999994459,762203.9999078562
713877.9999136165,715273.9999587339,716641.000117162,719332.9998335536,720078.9998118783,723564.9997396218,725621.0000734575,731139.0001469163,733727.0000674053,739562.9999994459,762203.9999078562
713877.9999136165,715273.9999587339,716641.000117162,719332.9998335536,720078.9998118783,724880.00004939,725621.0000734575,729823.999837148,733727.0000674053,739562.9999994459,762203.9999078562
713877.9999136165,715273.9999587339,716641.000117162,720078.9998118783,721324.0002572946,724880.00004939,725621.0000734575,729823.999837148,731735.9996436642,739562.9999994459,762203.9999078562
712664.0000508676,713877.9999136165,715273.9999587339,716641.000117162,720078.9998118783,724880.00004939,725621.0000734575,729823.999837148,739562.9999994459,740395.9998500913,762203.9999078562
712664.0000508676,715273.9999587339,715943.9999689301,716641.000117162,720078.9998118783,723555.0000181438,724880.00004939,729823.999837148,739562.9999994459,740395.9998500913,762203.9999078562
706402.999923787,712664.0000508676,715273.9999587339,716641.000117162,723555.0000181438,724880.00004939,729619.9998570215,729823.999837148,739562.9999994459,740395.9998500913,762203.9999078562
706402.999923787,712664.0000508676,715273.9999587339,716641.000117162,718820.9998885128,723555.0000181438,724880.00004939,729619.9998570215,740395.9998500913,750565.9999480811,762203.9999078562
701840.9999465925,712664.0000508676,715273.9999587339,716641.000117162,718820.9998885128,724880.00004939,728116.9999953383,729619.9998570215,740395.9998500913,750565.9999480811,762203.9999078562
701840.9999465925,712664.0000508676,713930.9999987022,715273.9999587339,716641.000117162,718820.9998885128,724880.00004939,740395.9998500913,743805.9998536576,750565.9999480811,762203.9999078562
701840.9999465925,713930.9999987022,715273.9999587339,716641.000117162,718820.9998885128,722065.999717526,724880.00004939,730994.0001834328,743805.9998536576,750565.9999480811,762203.9999078562
713930.9999987022,715273.9999587339,716641.000117162,718820.9998885128,722065.999717526,722477.9997550393,723169.0000452107,724880.00004939,730994.0001834328,750565.9999480811,762203.9999078562
713930.9999987022,715273.9999587339,716641.000117162,718820.9998885128,722065.999717526,722477.9997550393,723169.0000452107,723676.9999843885,730994.0001834328,751769.0000130826,762203.9999078562
713930.9999987022,715273.9999587339,718820.9998885128,722065.999717526,722477.9997550393,723169.0000452107,723676.9999843885,730257.9999210832,730994.0001834328,748587.000103935,751769.0000130826
713177.9999258325,713930.9999987022,715273.9999587339,718820.9998885128,722477.9997550393,723169.0000452107,723676.9999843885,730257.9999210832,739881.9999751265,748587.000103935,751769.0000130826
713930.9999987022,715273.9999587339,718820.9998885128,722477.9997550393,723169.0000452107,723676.9999843885,726389.9999798791,726669.9999210798,730257.9999210832,748587.000103935,751769.0000130826
713615.0001262627,715273.9999587339,718820.9998885128,722477.9997550393,723169.0000452107,723676.9999843885,726389.9999798791,726985.9997935194,730257.9999210832,748587.000103935,751769.0000130826
713615.0001262627,718820.9998885128,720556.9999017393,721107.0000368737,722477.9997550393,723169.0000452107,723676.9999843885,726985.9997935194,730257.9999210832,748587.000103935,751769.0000130826
713615.0001262627,718705.0000370372,718820.9998885128,720556.9999017393,722477.9997550393,723169.0000452107,723676.9999843885,726985.9997935194,730257.9999210832,750989.0001037716,751769.0000130826
713615.0001262627,718705.0000370372,718820.9998885128,722477.9997550393,722948.9999291046,723169.0000452107,723676.9999843885,724593.9997661541,730257.9999210832,750989.0001037716,751769.0000130826
708026.0001136084,713615.0001262627,718820.9998885128,722477.9997550393,722948.9999291046,723169.0000452107,723676.9999843885,724593.9997661541,740936.999844512,750989.0001037716,751769.0000130826
712446.9996983812,713615.0001262627,718820.9998885128,722477.9997550393,722948.9999291046,723169.0000452107,723676.9999843885,724593.9997661541,736516.0002597392,750989.0001037716,751769.0000130826
712446.9996983812,713615.0001262627,718820.9998885128,722477.9997550393,722948.9999291046,723053.0000301583,723169.0000452107,723676.9999843885,736516.0002597392,750989.0001037716,753309.9997490784
712446.9996983812,713615.0001262627,718308.9999301581,718820.9998885128,722477.9997550393,722948.9999291046,723169.0000452107,728421.0000843887,736516.0002597392,750989.0001037716,753309.9997490784
711477.9999502581,712446.9996983812,718820.9998885128,720446.0001061627,722477.9997550393,722948.9999291046,723169.0000452107,728421.0000843887,736516.0002597392,750989.0001037716,753309.9997490784
711477.9999502581,712446.9996983812,718820.9998885128,720446.0001061627,722477.9997550393,723169.0000452107,728421.0000843887,732986.0003073264,736516.0002597392,740951.9997255497,753309.9997490784
711477.9999502581,712446.9996983812,718820.9998885128,720446.0001061627,721040.9999923988,722477.9997550393,723169.0000452107,728421.0000843887,736516.0002597392,752897.0000404774,753309.9997490784
711477.9999502581,712446.9996983812,718820.9998885128,719466.0003316541,720446.0001061627,721040.9999923988,726180.999468596,728421.0000843887,736516.0002597392,752897.0000404774,753309.9997490784
711477.9999502581,712446.9996983812,718820.9998885128,719466.0003316541,721040.9999923988,721588.0002142115,726180.999468596,727278.9999763399,736516.0002597392,752897.0000404774,753309.9997490784
711477.9999502581,712446.9996983812,718820.9998885128,720627.9998073895,721040.9999923988,721588.0002142115,725018.9999928605,727278.9999763399,736516.0002597392,752897.0000404774,753309.9997490784
711477.9999502581,712446.9996983812,720627.9998073895,721040.9999923988,721588.0002142115,725018.9999928605,725116.9996066268,727278.9999763399,736516.0002597392,747014.0000309644,752897.0000404774
711477.9999502581,712446.9996983812,715077.0001925511,720627.9998073895,721040.9999923988,721588.0002142115,725018.9999928605,725116.9996066268,736516.0002597392,752897.0000404774,759215.9998147532
706928.9999090756,711477.9999502581,712446.9996983812,715077.0001925511,721040.9999923988,721588.0002142115,725116.9996066268,736516.0002597392,738717.9998911744,752897.0000404774,759215.9998147532
706928.9999090756,712446.9996983812,714106.999996774,715077.0001925511,718411.9999458828,721588.0002142115,725116.9996066268,736516.0002597392,738717.9998911744,752897.0000404774,759215.9998147532
705352.9999963796,706928.9999090756,712446.9996983812,714106.999996774,715077.0001925511,718411.9999458828,736516.0002597392,738717.9998911744,741351.9998244587,752897.0000404774,759215.9998147532
705352.9999963796,706928.9999090756,714106.999996774,714319.0000381103,715077.0001925511,718411.9999458828,734643.9999200101,738717.9998911744,741351.9998244587,752897.0000404774,759215.9998147532
706928.9999090756,714106.999996774,714319.0000381103,715077.0001925511,718070.0002457915,718411.9999458828,734643.9999200101,738717.9998911744,741351.9998244587,746498.9995653413,752897.0000404774
706928.9999090756,714106.999996774,714319.0000381103,715077.0001925511,718411.9999458828,727371.9999736339,732050.0000966163,734643.9999200101,738717.9998911744,746498.9995653413,752897.0000404774
706928.9999090756,713271.0001105118,714319.0000381103,715077.0001925511,718411.9999458828,727371.9999736339,732050.0000966163,734643.9999200101,738717.9998911744,746498.9995653413,753732.9999267396
706928.9999090756,713271.0001105118,714319.0000381103,718411.9999458828,720924.000352379,721524.9998138059,732050.0000966163,734643.9999200101,738717.9998911744,746498.9995653413,753732.9999267396
706928.9999090756,713271.0001105118,714319.0000381103,718093.9999193264,718411.9999458828,720924.000352379,721524.9998138059,738717.9998911744,746498.9995653413,748600.0000973,753732.9999267396
706928.9999090756,713271.0001105118,714319.0000381103,718093.9999193264,719128.9997857639,720924.000352379,721524.9998138059,738717.9998911744,746498.9995653413,747883.000257419,753732.9999267396
706928.9999090756,714319.0000381103,718093.9999193264,719128.9997857639,720924.000352379,721524.9998138059,724433.0002236632,738717.9998911744,742570.9998135882,746498.9995653413,747883.000257419
706928.9999090756,714319.0000381103,718093.9999193264,718904.9996062897,719128.9997857639,720924.000352379,724433.0002236632,738717.9998911744,742570.9998135882,747883.000257419,749118.9997728575
706928.9999090756,714319.0000381103,718093.9999193264,718904.9996062897,720924.000352379,724433.0002236632,724886.0000408501,738717.9998911744,742126.0000023327,742570.9998135882,749118.9997728575
706928.9999090756,713020.9997734393,718904.9996062897,719392.0001839974,720924.000352379,724433.0002236632,724886.0000408501,738717.9998911744,742126.0000023327,742570.9998135882,749118.9997728575
706928.9999090756,717873.0002270801,718904.9996062897,719392.0001839974,719580.9997700223,720924.000352379,724886.0000408501,738717.9998911744,742126.0000023327,742570.9998135882,749118.9997728575
704534.0002500699,706928.9999090756,718904.9996062897,719580.9997700223,720924.000352379,724886.0000408501,732731.0001610075,738717.9998911744,742126.0000023327,742570.9998135882,749118.9997728575
704534.0002500699,706928.9999090756,718904.9996062897,719580.9997700223,720924.000352379,729535.9999791664,732731.0001610075,737476.0000640164,738717.9998911744,742570.9998135882,749118.9997728575
704534.0002500699,706928.9999090756,713444.0000885339,718904.9996062897,719580.9997700223,720924.000352379,732731.0001610075,738717.9998911744,742570.9998135882,749118.9997728575,753567.999954649
706928.9999090756,713444.0000885339,715670.0000335565,718904.9996062897,719580.9997700223,720924.000352379,731435.0000301016,732731.0001610075,738717.9998911744,749118.9997728575,753567.999954649
706928.9999090756,715670.0000335565,718904.9996062897,719580.9997700223,720924.000352379,721588.000040347,731435.0000301016,732731.0001610075,738717.9998911744,740974.9998210443,753567.999954649
704281.0001054327,715670.0000335565,718904.9996062897,719580.9997700223,720924.000352379,721588.000040347,731435.0000301016,732731.0001610075,740974.9998210443,741365.9996948172,753567.999954649
704281.0001054327,715670.0000335565,718904.9996062897,719580.9997700223,720924.000352379,721588.000040347,724646.0000640985,739520.0001270106,740974.9998210443,741365.9996948172,753567.999954649
704281.0001054327,709169.0001642955,718904.9996062897,719580.9997700223,720924.000352379,721588.000040347,731146.9999333594,739520.0001270106,740974.9998210443,741365.9996948172,753567.999954649
709169.0001642955,716452.0001230141,718904.9996062897,719580.9997700223,720924.000352379,721588.000040347,729194.9996772358,731146.9999333594,739520.0001270106,740974.9998210443,753567.999954649
716452.0001230141,718904.9996062897,719580.9997700223,720924.000352379,721588.000040347,722170.0006255251,726518.9996657809,729194.9996772358,731146.9999333594,740974.9998210443,753567.999954649
714547.9997758877,716452.0001230141,718904.9996062897,719580.9997700223,720924.000352379,721588.000040347,722170.0006255251,729194.9996772358,740974.9998210443,743117.9998232527,753567.999954649
708621.0004775419,714547.9997758877,716452.0001230141,718904.9996062897,720924.000352379,721588.000040347,729194.9996772358,733129.9999180055,740974.9998210443,743117.9998232527,753567.999954649
714547.9997758877,716452.0001230141,717852.9998404798,718904.9996062897,720924.000352379,721588.000040347,723898.0005550677,729194.9996772358,740974.9998210443,743117.9998232527,753567.999954649
716452.0001230141,717852.9998404798,718898.9997820052,718904.9996062897,719547.0005489502,720924.000352379,721588.000040347,729194.9996772358,740974.9998210443,743117.9998232527,753567.999954649
716452.0001230141,718262.0003799314,718898.9997820052,718904.9996062897,719138.0000094986,720924.000352379,721588.000040347,729194.9996772358,740974.9998210443,743117.9998232527,753567.999954649
711750.999993527,716452.0001230141,718262.0003799314,718904.9996062897,720924.000352379,721588.000040347,726285.9997979768,729194.9996772358,740974.9998210443,743117.9998232527,753567.999954649
711750.999993527,716452.0001230141,718262.0003799314,718775.9997775074,720924.000352379,721588.000040347,726285.9997979768,729194.9996772358,741103.9996498266,743117.9998232527,753567.999954649
711750.999993527,716452.0001230141,716565.0006418579,718262.0003799314,718775.9997775074,721588.000040347,726285.9997979768,729194.9996772358,743117.9998232527,745462.9993603477,753567.999954649
711750.999993527,716452.0001230141,716565.0006418579,718262.0003799314,718775.9997775074,720173.9995342524,721588.000040347,729194.9996772358,745462.9993603477,749230.000086977,753567.999954649
711750.999993527,716452.0001230141,718262.0003799314,718775.9997775074,720173.9995342524,720860.000000519,721588.000040347,729194.9996772358,741168.0000016866,749230.000086977,753567.999954649
711670.0001976556,711750.999993527,716452.0001230141,718262.0003799314,718775.9997775074,720173.9995342524,729194.9996772358,730777.9998432103,741168.0000016866,749230.000086977,753567.999954649
711750.999993527,716452.0001230141,718262.0003799314,718775.9997775074,719692.0001026654,720173.9995342524,722755.9999382006,729194.9996772358,741168.0000016866,749230.000086977,753567.999954649
714530.0003697819,715483.0000036765,716452.0001230141,718775.9997775074,719692.0001026654,720173.9995342524,722755.9999382006,729194.9996772358,741168.0000016866,749230.000086977,753567.999954649
712828.9995226106,714530.0003697819,716452.0001230141,718775.9997775074,719692.0001026654,722755.9999382006,722828.0000153184,729194.9996772358,741168.0000016866,749230.000086977,753567.999954649
695926.0002271017,712828.9995226106,716452.0001230141,718775.9997775074,719692.0001026654,722755.9999382006,729194.9996772358,741168.0000016866,741432.0001579985,749230.000086977,753567.999954649
695926.0002271017,716190.9996337198,716452.0001230141,718775.9997775074,719692.0001026654,722755.9999382006,729194.9996772358,738070.0000468893,741168.0000016866,749230.000086977,753567.999954649
695926.0002271017,716190.9996337198,716452.0001230141,718775.9997775074,719692.0001026654,722755.9999382006,729194.9996772358,732624.9999042505,741168.0000016866,753567.999954649,754675.0002296157
695926.0002271017,716190.9996337198,716452.0001230141,718775.9997775074,721482.0003607112,722755.9999382006,729194.9996772358,732624.9999042505,739377.9997436408,753567.999954649,754675.0002296157
695926.0002271017,708957.999692988,716190.9996337198,716452.0001230141,721482.0003607112,729194.9996772358,732574.00002272,732624.9999042505,739377.9997436408,753567.999954649,754675.0002296157
695926.0002271017,708957.999692988,716190.9996337198,721051.0001386058,721482.0003607112,729194.9996772358,732574.00002272,732624.9999042505,739377.9997436408,750076.000214024,753567.999954649
695926.0002271017,708957.999692988,716190.9996337198,721051.0001386058,724274.0004329933,729194.9996772358,732574.00002272,732624.9999042505,736585.9996713588,750076.000214024,753567.999954649
695926.0002271017,708957.999692988,716190.9996337198,721051.0001386058,724274.0004329933,724986.9995485018,729194.9996772358,732624.9999042505,744173.000145577,750076.000214024,753567.999954649
695926.0002271017,708957.999692988,716190.9996337198,724274.0004329933,724442.9998471542,724986.9995485018,725802.9999686874,732624.9999042505,744173.000145577,750076.000214024,753567.999954649
695926.0002271017,708957.999692988,724274.0004329933,724442.9998471542,724986.9995485018,725802.9999686874,731674.9998804822,732624.9999042505,734591.9999672616,744173.000145577,753567.999954649
695926.0002271017,708957.999692988,719707.0000474758,724274.0004329933,724442.9998471542,724986.9995485018,725802.9999686874,731674.9998804822,734591.9999672616,753567.999954649,757091.0000023517
695926.0002271017,712198.9998510778,719707.0000474758,721033.0002749035,724442.9998471542,724986.9995485018,725802.9999686874,731674.9998804822,734591.9999672616,753567.999954649,757091.0000023517
695926.0002271017,712198.9998510778,719707.0000474758,721033.0002749035,724442.9998471542,724986.9995485018,725802.9999686874,728310.0004721932,737956.9993755505,753567.999954649,757091.0000023517
695926.0002271017,712198.9998510778,720826.0001274078,721033.0002749035,724442.9998471542,724986.9995485018,725802.9999686874,728310.0004721932,737956.9993755505,753567.999954649,755971.9999224197
695926.0002271017,712198.9998510778,719623.9997384808,720826.0001274078,721033.0002749035,724986.9995485018,728310.0004721932,730622.0000773609,737956.9993755505,753567.999954649,755971.9999224197
695926.0002271017,712198.9998510778,719623.9997384808,720826.0001274078,721033.0002749035,724986.9995485018,730622.0000773609,734600.000148607,737956.9993755505,749682.0002460061,753567.999954649
695926.0002271017,719623.9997384808,720826.0001274078,721033.0002749035,722265.9999280908,724986.9995485018,730622.0000773609,734600.000148607,737956.9993755505,743500.999877636,749682.0002460061
695926.0002271017,719623.9997384808,720826.0001274078,722265.9999280908,724986.9995485018,727046.9997079684,730622.0000773609,734600.000148607,737487.000444571,737956.9993755505,749682.0002460061
695926.0002271017,720826.0001274078,721437.0000674329,722265.9999280908,724986.9995485018,727046.9997079684,728808.9997484088,734600.000148607,737487.000444571,737956.9993755505,749682.0002460061
695926.0002271017,718859.0000609488,720826.0001274078,722265.9999280908,724986.9995485018,727046.9997079684,728808.9997484088,737178.000155091,737487.000444571,737956.9993755505,749682.0002460061
695926.0002271017,718859.0000609488,720826.0001274078,721257.000452023,722265.9999280908,727046.9997079684,728808.9997484088,737178.000155091,737956.9993755505,741216.9995410498,749682.0002460061
708466.0002377902,718859.0000609488,720826.0001274078,721257.000452023,722265.9999280908,727046.9997079684,728808.9997484088,737142.0002353176,737178.000155091,737956.9993755505,741216.9995410498
718477.9998182444,718859.0000609488,720826.0001274078,721257.000452023,722265.9999280908,727046.9997079684,727944.9997950963,728808.9997484088,737142.0002353176,737178.000155091,741216.9995410498
716360.0001264368,718859.0000609488,721257.000452023,722265.9999280908,722943.9998192154,727046.9997079684,727944.9997950963,728808.9997484088,737142.0002353176,737178.000155091,741216.9995410498
716227.999857683,716360.0001264368,718859.0000609488,721257.000452023,722265.9999280908,727046.9997079684,728808.9997484088,734660.9997566288,737142.0002353176,737178.000155091,741216.9995410498
716227.999857683,718859.0000609488,720066.0000967211,721257.000452023,722265.9999280908,727046.9997079684,728808.9997484088,730954.9997863445,737142.0002353176,737178.000155091,741216.9995410498
715550.0001210805,716227.999857683,720066.0000967211,721257.000452023,722265.9999280908,727046.9997079684,728808.9997484088,730954.9997863445,737142.0002353176,740487.0000949593,741216.9995410498
715550.0001210805,716227.999857683,720058.9997490614,721257.000452023,722265.9999280908,727046.9997079684,728808.9997484088,730962.0001340042,737142.0002353176,740487.0000949593,741216.9995410498
715550.0001210805,716227.999857683,716911.9999505421,720058.9997490614,721257.000452023,722265.9999280908,728808.9997484088,737142.0002353176,740487.0000949593,741096.9998914305,741216.9995410498
714128.0001383249,716227.999857683,718333.9999332977,720058.9997490614,721257.000452023,722265.9999280908,728808.9997484088,737142.0002353176,740487.0000949593,741096.9998914305,741216.9995410498
712879.0000724761,714128.0001383249,718333.9999332977,720058.9997490614,721257.000452023,722265.9999280908,728808.9997484088,740487.0000949593,740491.0000205245,741096.9998914305,741216.9995410498
712879.0000724761,714128.0001383249,718333.9999332977,721257.000452023,722265.9999280908,728334.9998868452,728808.9997484088,732214.9998827407,740487.0000949593,741096.9998914305,741216.9995410498
712879.0000724761,714128.0001383249,717158.9996289811,721257.000452023,722265.9999280908,728334.9998868452,728808.9997484088,732214.9998827407,740487.0000949593,741096.9998914305,742391.9998453665
712879.0000724761,714128.0001383249,717158.9996289811,721257.000452023,722265.9999280908,727086.9999612651,728334.9998868452,728808.9997484088,741096.9998914305,742391.9998453665,745615.0000164348
712879.0000724761,714128.0001383249,717158.9996289811,721257.000452023,723635.0000245465,727086.9999612651,728334.9998868452,728808.9997484088,739727.9997949748,742391.9998453665,745615.0000164348
712879.0000724761,714128.0001383249,717158.9996289811,721257.000452023,723635.0000245465,728334.9998868452,728808.9997484088,734492.0000211471,738209.9999565529,739727.9997949748,742391.9998453665
712879.0000724761,714128.0001383249,717158.9996289811,721257.000452023,723635.0000245465,728334.9998868452,728808.9997484088,732078.9998003817,734492.0000211471,738209.9999565529,750040.9998399594
712879.0000724761,714854.0000200509,717158.9996289811,721257.000452023,722909.0001428205,728334.9998868452,728808.9997484088,732078.9998003817,734492.0000211471,738209.9999565529,750040.9998399594
712879.0000724761,714854.0000200509,716232.9994051998,721257.000452023,722909.0001428205,728334.9998868452,728808.9997484088,732078.9998003817,734492.0000211471,738209.9999565529,750967.0000637408
712879.0000724761,716232.9994051998,718514.9998796151,721257.000452023,722909.0001428205,725147.9998888446,728334.9998868452,732078.9998003817,734492.0000211471,738209.9999565529,750967.0000637408
712879.0000724761,716232.9994051998,718514.9998796151,719686.000129784,721257.000452023,722909.0001428205,725147.9998888446,728334.9998868452,734492.0000211471,738209.9999565529,763359.9997343384
712879.0000724761,716232.9994051998,718514.9998796151,719686.000129784,720849.9999129728,721257.000452023,727207.0001186923,728334.9998868452,734492.0000211471,738209.9999565529,763359.9997343384
712879.0000724761,714210.9993528157,716232.9994051998,719686.000129784,721257.000452023,725154.0004397723,727207.0001186923,728334.9998868452,734492.0000211471,738209.9999565529,763359.9997343384
712879.0000724761,714210.9993528157,716232.9994051998,716667.0000777333,721257.000452023,725154.0004397723,728334.9998868452,730226.000170743,734492.0000211471,738209.9999565529,763359.9997343384
712879.0000724761,714210.9993528157,716232.9994051998,716667.0000777333,721257.000452023,725215.0004339456,728334.9998868452,730226.000170743,734431.0000269738,738209.9999565529,763359.9997343384
704643.9997903899,714210.9993528157,716232.9994051998,716667.0000777333,721257.000452023,725215.0004339456,730226.000170743,734431.0000269738,736570.0001689314,738209.9999565529,763359.9997343384
713912.9996500304,714210.9993528157,716232.9994051998,716667.0000777333,721257.000452023,725215.0004339456,727301.000309291,730226.000170743,734431.0000269738,738209.9999565529,763359.9997343384
713912.9996500304,714210.9993528157,716232.9994051998,716667.0000777333,721257.000452023,723009.9999599222,725215.0004339456,727301.000309291,730226.000170743,749631.0000236044,763359.9997343384
713912.9996500304,714210.9993528157,716667.0000777333,721257.000452023,723009.9999599222,725215.0004339456,727301.000309291,729039.9993930458,730226.000170743,749631.0000236044,750552.9997464924
713912.9996500304,714210.9993528157,716667.0000777333,721914.0005652627,723009.9999599222,725215.0004339456,727301.000309291,728382.999279806,730226.000170743,749631.0000236044,750552.9997464924
713912.9996500304,714210.9993528157,715270.0001130796,716667.0000777333,721914.0005652627,725215.0004339456,727301.000309291,728382.999279806,737966.0000175856,749631.0000236044,750552.9997464924
705437.0000872824,713912.9996500304,714210.9993528157,721914.0005652627,725215.0004339456,726500.0001035305,727301.000309291,728382.999279806,737966.0000175856,749631.0000236044,750552.9997464924
703204.0000886825,705437.0000872824,713912.9996500304,721914.0005652627,726500.0001035305,727301.000309291,728382.999279806,736221.9996980787,737966.0000175856,749631.0000236044,750552.9997464924
703204.0000886825,705437.0000872824,713912.9996500304,723872.9999580827,726423.9998869861,726500.0001035305,727301.000309291,736221.9996980787,737966.0000175856,749631.0000236044,750552.9997464924
703204.0000886825,705437.0000872824,719635.0000017856,721578.9999575356,723872.9999580827,726423.9998869861,726500.0001035305,736221.9996980787,737966.0000175856,749631.0000236044,750552.9997464924
703204.0000886825,705437.0000872824,719618.9999610746,719635.0000017856,721578.9999575356,723872.9999580827,726423.9998869861,736221.9996980787,744847.0001600415,749631.0000236044,750552.9997464924
703204.0000886825,705437.0000872824,714231.0000105638,719618.9999610746,723872.9999580827,726423.9998869861,726982.9999487575,736221.9996980787,744847.0001600415,749631.0000236044,750552.9997464924
703204.0000886825,710610.0000073875,714231.0000105638,719618.9999610746,723872.9999580827,726423.9998869861,726982.9999487575,736221.9996980787,739674.0002399364,749631.0000236044,750552.9997464924
707413.9999364917,710610.0000073875,714231.0000105638,719618.9999610746,723872.9999580827,726423.9998869861,726982.9999487575,732011.9998502695,739674.0002399364,749631.0000236044,750552.9997464924
710610.0000073875,714231.0000105638,715897.0001177774,719618.9999610746,723528.9996689839,723872.9999580827,726423.9998869861,726982.9999487575,739674.0002399364,749631.0000236044,750552.9997464924
710610.0000073875,715897.0001177774,719618.9999610746,720509.9997835847,720704.0001757365,723528.9996689839,723872.9999580827,726423.9998869861,739674.0002399364,749631.0000236044,750552.9997464924
710610.0000073875,713189.9999008286,715897.0001177774,719618.9999610746,720509.9997835847,720704.0001757365,723528.9996689839,737106.9999442402,739674.0002399364,749631.0000236044,750552.9997464924
706822.9996669131,710610.0000073875,713189.9999008286,719618.9999610746,720509.9997835847,720704.0001757365,732603.0001198482,737106.9999442402,739674.0002399364,749631.0000236044,750552.9997464924
702617.9997738726,710610.0000073875,713189.9999008286,719618.9999610746,720509.9997835847,720704.0001757365,736808.0000128887,737106.9999442402,739674.0002399364,749631.0000236044,750552.9997464924
702617.9997738726,713189.9999008286,715127.0001464314,719618.9999610746,720509.9997835847,720704.0001757365,735157.0001008925,736808.0000128887,737106.9999442402,749631.0000236044,750552.9997464924
702617.9997738726,715100.9994830063,715127.0001464314,719618.9999610746,720509.9997835847,720704.0001757365,735157.0001008925,735196.0003620624,736808.0000128887,749631.0000236044,750552.9997464924
708743.9996078582,715100.9994830063,715127.0001464314,719618.9999610746,720509.9997835847,720704.0001757365,730682.000178903,735157.0001008925,735196.0003620624,749631.0000236044,750552.9997464924
708743.9996078582,714371.9999508447,715100.9994830063,719618.9999610746,720509.9997835847,720704.0001757365,730682.000178903,735157.0001008925,735196.0003620624,750386.0002191911,750552.9997464924
708743.9996078582,714371.9999508447,714393.0002345074,715100.9994830063,719618.9999610746,726820.9997248139,730682.000178903,735157.0001008925,735196.0003620624,750386.0002191911,750552.9997464924
714048.9998474322,714371.9999508447,714393.0002345074,715100.9994830063,719618.9999610746,725376.999939329,726820.9997248139,735157.0001008925,735196.0003620624,750386.0002191911,750552.9997464924
714048.9998474322,714371.9999508447,715100.9994830063,717823.0003946567,719618.9999610746,723390.9995646646,725376.999939329,735157.0001008925,735196.0003620624,750386.0002191911,750552.9997464924
714371.9999508447,715100.9994830063,717146.9997515039,717823.0003946567,719618.9999610746,722279.0000352573,723390.9995646646,735157.0001008925,735196.0003620624,750386.0002191911,750552.9997464924
714371.9999508447,717146.9997515039,717823.0003946567,719618.9999610746,722279.0000352573,723390.9995646646,728416.9993892505,735157.0001008925,735196.0003620624,737236.9998402481,750386.0002191911
700427.0005872328,717146.9997515039,719618.9999610746,722279.0000352573,723390.9995646646,728416.9993892505,731767.9997582686,735157.0001008925,735196.0003620624,737236.9998402481,750386.0002191911
700427.0005872328,717146.9997515039,719618.9999610746,722279.0000352573,723390.9995646646,725336.9995814658,731767.9997582686,735157.0001008925,735196.0003620624,737236.9998402481,753466.0000269758
700427.0005872328,717146.9997515039,719618.9999610746,723390.9995646646,725336.9995814658,727588.0000802488,729848.000055901,731767.9997582686,735196.0003620624,737236.9998402481,753466.0000269758
700427.0005872328,719618.9999610746,721911.9997309766,723390.9995646646,725083.0000764283,725336.9995814658,727588.0000802488,731767.9997582686,735196.0003620624,737236.9998402481,753466.0000269758
700427.0005872328,719043.9998522712,719618.9999610746,723390.9995646646,725336.9995814658,727588.0000802488,727950.9999551338,731767.9997582686,735196.0003620624,737236.9998402481,753466.0000269758
700427.0005872328,717568.9998104436,719043.9998522712,719618.9999610746,723390.9995646646,727588.0000802488,727950.9999551338,731767.9997582686,735196.0003620624,737236.9998402481,761233.999797998
700427.0005872328,716275.9996490317,717568.9998104436,719043.9998522712,723390.9995646646,727588.0000802488,727950.9999551338,735111.0000703115,735196.0003620624,737236.9998402481,761233.999797998
700427.0005872328,716275.9996490317,719043.9998522712,723390.9995646646,727588.0000802488,727950.9999551338,729923.999421246,735111.0000703115,735196.0003620624,737236.9998402481,748879.0001871956
700427.0005872328,716275.9996490317,716301.9998994861,719043.9998522712,723390.9995646646,727950.9999551338,729923.999421246,735111.0000703115,735196.0003620624,748523.0000210109,748879.0001871956
700427.0005872328,716275.9996490317,716301.9998994861,719043.9998522712,721635.9998653631,723390.9995646646,727950.9999551338,735111.0000703115,743483.9999179452,748523.0000210109,748879.0001871956
700427.0005872328,716301.9998994861,719043.9998522712,721635.9998653631,723312.9998143718,723390.9995646646,727950.9999551338,728073.9999049713,743483.9999179452,748523.0000210109,748879.0001871956
700427.0005872328,706515.9997120595,719043.9998522712,723312.9998143718,723390.9995646646,727950.9999551338,728073.9999049713,731422.0000527897,743483.9999179452,748523.0000210109,748879.0001871956
700427.0005872328,706515.9997120595,719043.9998522712,719648.9998318866,723390.9995646646,727950.9999551338,731422.0000527897,731737.9998874565,743483.9999179452,748523.0000210109,748879.0001871956
700427.0005872328,706515.9997120595,714252.0000811747,719043.9998522712,719648.9998318866,723390.9995646646,727950.9999551338,731737.9998874565,748523.0000210109,748879.0001871956,760653.9998895603
706515.9997120595,713470.0005228198,714252.0000811747,718694.9999518695,719043.9998522712,719648.9998318866,723390.9995646646,727950.9999551338,748523.0000210109,748879.0001871956,760653.9998895603
698565.000380288,706515.9997120595,714252.0000811747,719043.9998522712,719648.9998318866,723390.9995646646,727950.9999551338,733600.0000944013,748523.0000210109,748879.0001871956,760653.9998895603
698565.000380288,706515.9997120595,714252.0000811747,719648.9998318866,722987.0001287998,723390.9995646646,727950.9999551338,729656.9998178727,748523.0000210109,748879.0001871956,760653.9998895603
698565.000380288,706515.9997120595,710931.0001432662,714252.0000811747,719648.9998318866,727950.9999551338,729656.9998178727,735446.9995501982,748523.0000210109,748879.0001871956,760653.9998895603
706515.9997120595,709612.0001250063,710931.0001432662,714252.0000811747,719648.9998318866,724399.9998054799,727950.9999551338,729656.9998178727,748523.0000210109,748879.0001871956,760653.9998895603
709612.0001250063,710931.0001432662,713343.000016675,714252.0000811747,719648.9998318866,724399.9998054799,727950.9999551338,729656.9998178727,741695.9997163954,748879.0001871956,760653.9998895603
698845.9999819967,709612.0001250063,710931.0001432662,714252.0000811747,724399.9998054799,727950.9999551338,729656.9998178727,734145.9998665649,741695.9997163954,748879.0001871956,760653.9998895603
698845.9999819967,709612.0001250063,714252.0000811747,721993.0000126464,723083.9999971846,724399.9998054799,727950.9999551338,729656.9998178727,741695.9997163954,748879.0001871956,760653.9998895603
698845.9999819967,709612.0001250063,714252.0000811747,720291.999724969,721993.0000126464,723083.9999971846,724399.9998054799,737316.0000480374,741695.9997163954,748879.0001871956,760653.9998895603
698845.9999819967,705403.9999358207,714252.0000811747,720291.999724969,721993.0000126464,723083.9999971846,728607.9999946655,737316.0000480374,741695.9997163954,748879.0001871956,760653.9998895603
698845.9999819967,705403.9999358207,720291.999724969,721223.0001496534,721993.0000126464,723083.9999971846,728607.9999946655,737316.0000480374,741695.9997163954,748879.0001871956,753682.9998210815
698845.9999819967,705403.9999358207,720291.999724969,721223.0001496534,721993.0000126464,723083.9999971846,728607.9999946655,733254.9995939676,737316.0000480374,748879.0001871956,762123.9999435093
705403.9999358207,717437.999987167,718724.0000428671,720291.999724969,721223.0001496534,721993.0000126464,723083.9999971846,728607.9999946655,733254.9995939676,748879.0001871956,762123.9999435093
705403.9999358207,717437.999987167,719387.9997094183,719628.0000584179,721223.0001496534,721993.0000126464,723083.9999971846,728607.9999946655,733254.9995939676,748879.0001871956,762123.9999435093
700380.9999571905,705403.9999358207,719387.9997094183,719628.0000584179,721223.0001496534,721993.0000126464,728607.9999946655,733254.9995939676,740141.0000271611,748879.0001871956,762123.9999435093
700380.9999571905,705403.9999358207,719387.9997094183,719628.0000584179,721223.0001496534,722253.0001372036,728347.9998701083,733254.9995939676,740141.0000271611,748879.0001871956,762123.9999435093
700380.9999571905,705403.9999358207,719387.9997094183,719628.0000584179,721223.0001496534,722253.0001372036,728347.9998701083,730377.9996314684,743017.9999896602,748879.0001871956,762123.9999435093
700380.9999571905,705403.9999358207,719387.9997094183,719628.0000584179,722253.0001372036,722705.9997457662,728347.9998701083,728895.0000353557,743017.9999896602,748879.0001871956,762123.9999435093
700380.9999571905,705403.9999358207,719387.9997094183,722066.0000415846,722253.0001372036,722705.9997457662,728347.9998701083,728895.0000353557,740580.0000064935,748879.0001871956,762123.9999435093
700380.9999571905,705403.9999358207,707585.9997928392,722253.0001372036,722705.9997457662,728347.9998701083,728895.0000353557,733867.9999581637,740580.0000064935,748879.0001871956,762123.9999435093
705403.9999358207,707585.9997928392,719099.9999892988,722253.0001372036,722705.9997457662,728347.9998701083,728895.0000353557,730160.0001550873,733867.9999581637,740580.0000064935,762123.9999435093
705403.9999358207,707585.9997928392,710336.0002589318,719099.9999892988,722253.0001372036,728347.9998701083,730160.0001550873,733867.9999581637,740580.0000064935,741264.9995221901,762123.9999435093
705403.9999358207,707585.9997928392,710336.0002589318,719013.9999794922,722339.0001470102,728347.9998701083,730160.0001550873,733867.9999581637,740580.0000064935,741264.9995221901,762123.9999435093
705403.9999358207,707585.9997928392,709283.0001395071,710336.0002589318,719013.9999794922,730160.0001550873,733867.9999581637,740580.0000064935,741264.9995221901,741403.9998776114,762123.9999435093
705403.9999358207,707585.9997928392,709767.9999111927,710336.0002589318,719013.9999794922,730160.0001550873,733867.9999581637,740580.0000064935,740919.0001059258,741264.9995221901,762123.9999435093
699765.9999555598,705403.9999358207,707585.9997928392,710336.0002589318,729015.999935125,730160.0001550873,733867.9999581637,740580.0000064935,740919.0001059258,741264.9995221901,762123.9999435093
699765.9999555598,707585.9997928392,710336.0002589318,716863.9999825066,717555.9998884391,730160.0001550873,733867.9999581637,740580.0000064935,740919.0001059258,741264.9995221901,762123.9999435093
699765.9999555598,707585.9997928392,710336.0002589318,716863.9999825066,717555.9998884391,733867.9999581637,737354.9998556672,740580.0000064935,740919.0001059258,741264.9995221901,754929.0002429294
699765.9999555598,710336.0002589318,716863.9999825066,717555.9998884391,718773.999804134,722679.9999468689,737354.9998556672,740580.0000064935,740919.0001059258,741264.9995221901,754929.0002429294
699765.9999555598,710336.0002589318,716689.000058854,716863.9999825066,717555.9998884391,718773.999804134,722679.9999468689,740919.0001059258,741264.9995221901,754929.0002429294,761245.9998033068
699765.9999555598,716689.000058854,716863.9999825066,717555.9998884391,718773.999804134,721660.000538006,722679.9999468689,740919.0001059258,741264.9995221901,743604.9999638553,761245.9998033068
716689.000058854,716863.9999825066,717555.9998884391,718773.999804134,721660.000538006,722679.9999468689,730217.9998149141,730793.9999439525,740919.0001059258,741264.9995221901,743604.9999638553
716863.9999825066,717555.9998884391,718773.999804134,719638.9998160083,721660.000538006,722679.9999468689,727268.0000577598,730793.9999439525,740919.0001059258,741264.9995221901,743604.9999638553
714679.0000473114,716863.9999825066,717555.9998884391,718773.999804134,719638.9998160083,722679.9999468689,727268.0000577598,730793.9999439525,740919.0001059258,741264.9995221901,750586.0004545497
714679.0000473114,717555.9998884391,718679.9999681597,718773.999804134,719638.9998160083,722679.9999468689,727268.0000577598,728977.9999582994,740919.0001059258,741264.9995221901,750586.0004545497
714679.0000473114,717555.9998884391,718773.999804134,719638.9998160083,719964.0000962121,722679.9999468689,727268.0000577598,727693.999830247,740919.0001059258,741264.9995221901,750586.0004545497
713324.9999658685,714679.0000473114,717555.9998884391,718773.999804134,719638.9998160083,719964.0000962121,727268.0000577598,737048.9998112473,740919.0001059258,741264.9995221901,750586.0004545497
714679.0000473114,717555.9998884391,718773.999804134,719638.9998160083,719964.0000962121,724134.9997257377,726239.0000513782,727268.0000577598,740919.0001059258,741264.9995221901,750586.0004545497
712975.000105003,714679.0000473114,717555.9998884391,718773.999804134,719638.9998160083,726239.0000513782,727268.0000577598,731123.9997169469,740919.0001059258,741264.9995221901,750586.0004545497
712975.000105003,714679.0000473114,715545.0000984935,717555.9998884391,718773.999804134,719638.9998160083,727268.0000577598,731123.9997169469,741264.9995221901,750586.0004545497,751613.0000588105
714679.0000473114,715545.0000984935,717555.9998884391,718773.999804134,719638.9998160083,720853.9999214463,727268.0000577598,731123.9997169469,741264.9995221901,743734.0002423672,750586.0004545497
715545.0000984935,716804.0006247042,717555.9998884391,718773.999804134,719638.9998160083,720853.9999214463,727268.0000577598,731123.9997169469,741264.9995221901,743734.0002423672,748460.9998771569
715069.0000561203,716804.0006247042,718031.9999308123,718773.999804134,719638.9998160083,720853.9999214463,727268.0000577598,731123.9997169469,741264.9995221901,743734.0002423672,748460.9998771569
713425.9996030735,715069.0000561203,716804.0006247042,718031.9999308123,718773.999804134,720853.9999214463,727268.0000577598,731123.9997169469,741264.9995221901,743734.0002423672,754674.0000900917
713425.9996030735,715069.0000561203,716804.0006247042,716887.999740778,718031.9999308123,718773.999804134,720853.9999214463,741264.9995221901,741504.0000339287,743734.0002423672,754674.0000900917
713425.9996030735,715069.0000561203,716804.0006247042,716887.999740778,718031.9999308123,718159.0000910119,718773.999804134,741264.9995221901,741504.0000339287,746429.0000728016,754674.0000900917
708415.0003509533,715069.0000561203,716887.999740778,718031.9999308123,718159.0000910119,718773.999804134,721814.9998768243,741264.9995221901,741504.0000339287,746429.0000728016,754674.0000900917
693669.999903082,715069.0000561203,716887.999740778,718031.9999308123,718159.0000910119,718773.999804134,736560.0003246956,741264.9995221901,741504.0000339287,746429.0000728016,754674.0000900917
693669.999903082,710361.9999593598,716887.999740778,718031.9999308123,718773.999804134,722866.0001877724,736560.0003246956,741264.9995221901,741504.0000339287,746429.0000728016,754674.0000900917
710361.9999593598,714480.9997539468,716887.999740778,718031.9999308123,718773.999804134,720453.9996713253,722866.0001877724,736560.0003246956,741504.0000339287,746429.0000728016,754674.0000900917
714480.9997539468,715215.9999807569,716887.999740778,718012.0001663753,718031.9999308123,718773.999804134,720453.9996713253,736560.0003246956,741504.0000339287,746429.0000728016,754674.0000900917
714480.9997539468,715215.9999807569,716887.999740778,718012.0001663753,718031.9999308123,720453.9996713253,723732.0002392931,736560.0003246956,741470.9996376425,741504.0000339287,754674.0000900917
701169.0002346933,714480.9997539468,715215.9999807569,716887.999740778,718031.9999308123,720453.9996713253,736560.0003246956,740575.0001709751,741470.9996376425,741504.0000339287,754674.0000900917
701169.0002346933,714480.9997539468,715215.9999807569,716887.999740778,718031.9999308123,722967.0002743395,734046.9997216815,740575.0001709751,741470.9996376425,741504.0000339287,754674.0000900917
701169.0002346933,707489.9999066648,714480.9997539468,716887.999740778,722967.0002743395,725758.0000049043,734046.9997216815,740575.0001709751,741470.9996376425,741504.0000339287,754674.0000900917
701169.0002346933,714480.9997539468,716887.999740778,722967.0002743395,723810.9999695661,724254.0001080738,725758.0000049043,734046.9997216815,741470.9996376425,741504.0000339287,754674.0000900917
714480.9997539468,716887.999740778,720118.0001463987,722521.9997259371,722967.0002743395,723810.9999695661,724254.0001080738,725758.0000049043,734046.9997216815,741504.0000339287,754674.0000900917
714480.9997539468,717635.9996917004,720118.0001463987,722521.9997259371,722967.0002743395,723506.0001571514,723810.9999695661,725758.0000049043,734046.9997216815,741504.0000339287,754674.0000900917
714480.9997539468,717635.9996917004,720118.0001463987,722521.9997259371,723506.0001571514,723810.9999695661,725758.0000049043,734046.9997216815,737836.0004714184,739804.9998930128,741504.0000339287
714480.9997539468,717635.9996917004,720118.0001463987,722521.9997259371,723506.0001571514,723810.9999695661,725758.0000049043,731623.0001222929,739804.9998930128,740260.000070807,741504.0000339287
712921.0000624092,714480.9997539468,720118.0001463987,722521.9997259371,723810.9999695661,725758.0000049043,728220.9997864426,731623.0001222929,739804.9998930128,740260.000070807,741504.0000339287
712921.0000624092,714480.9997539468,720833.9998842513,722521.9997259371,723810.9999695661,725758.0000049043,727505.00004859,731623.0001222929,739804.9998930128,740260.000070807,741504.0000339287
712921.0000624092,714480.9997539468,717523.0000805942,720833.9998842513,723810.9999695661,725758.0000049043,731623.0001222929,732503.999693933,739804.9998930128,740260.000070807,741504.0000339287
712921.0000624092,714480.9997539468,720833.9998842513,723810.9999695661,724911.9999573827,725114.9998171445,725758.0000049043,731623.0001222929,739804.9998930128,740260.000070807,741504.0000339287
712921.0000624092,714480.9997539468,714744.9998352709,723810.9999695661,725114.9998171445,725758.0000049043,731001.000006363,731623.0001222929,739804.9998930128,740260.000070807,741504.0000339287
712921.0000624092,714480.9997539468,714744.9998352709,715854.000069665,723810.9999695661,725114.9998171445,725758.0000049043,731001.000006363,739804.9998930128,741504.0000339287,756029.0001234348
712921.0000624092,714480.9997539468,715854.000069665,718400.9998939642,723810.9999695661,725114.9998171445,725758.0000049043,727344.9999476698,739804.9998930128,741504.0000339287,756029.0001234348
714480.9997539468,715854.000069665,718400.9998939642,723810.9999695661,725114.9998171445,725304.0000587885,725758.0000049043,727344.9999476698,727421.9998966336,741504.0000339287,756029.0001234348
715854.000069665,717549.9999778763,718400.9998939642,723810.9999695661,725114.9998171445,725304.0000587885,725758.0000049043,727344.9999476698,727421.9998966336,738434.9998099991,756029.0001234348
715854.000069665,717549.9999778763,718400.9998939642,718426.0002030281,725114.9998171445,725304.0000587885,727344.9999476698,727421.9998966336,731142.9997714423,738434.9998099991,756029.0001234348
712473.9999538499,715854.000069665,717549.9999778763,718400.9998939642,718426.0002030281,725304.0000587885,727421.9998966336,731142.9997714423,738434.9998099991,739985.9998109643,756029.0001234348
712473.9999538499,715854.000069665,717549.9999778763,718426.0002030281,719563.999816144,725304.0000587885,726258.9999744537,731142.9997714423,738434.9998099991,739985.9998109643,756029.0001234348
712473.9999538499,715241.0000444307,715854.000069665,717549.9999778763,718426.0002030281,725304.0000587885,730581.9997461671,731142.9997714423,738434.9998099991,739985.9998109643,756029.0001234348
713798.999945393,715241.0000444307,715854.000069665,716224.9999863333,718426.0002030281,725304.0000587885,730581.9997461671,731142.9997714423,738434.9998099991,739985.9998109643,756029.0001234348
697201.0001547658,713798.999945393,715854.000069665,718426.0002030281,725304.0000587885,730581.9997461671,731142.9997714423,734264.9998759982,738434.9998099991,739985.9998109643,756029.0001234348
697201.0001547658,713798.999945393,715854.000069665,716139.9999830355,718426.0002030281,725304.0000587885,730581.9997461671,731142.9997714423,738434.9998099991,756029.0001234348,758110.999703927
697201.0001547658,713798.999945393,715854.000069665,716139.9999830355,716982.0001060688,718426.0002030281,730581.9997461671,738434.9998099991,739464.9997241619,756029.0001234348,758110.999703927
700040.0000599722,713301.0000778291,713798.999945393,715854.000069665,716982.0001060688,718426.0002030281,730581.9997461671,738434.9998099991,739464.9997241619,756029.0001234348,758110.999703927
700040.0000599722,713301.0000778291,713798.999945393,715854.000069665,716982.0001060688,717886.9998397029,730581.9997461671,738434.9998099991,740004.0000874873,756029.0001234348,758110.999703927
700040.0000599722,713301.0000778291,713798.999945393,715854.000069665,716559.9998218509,716982.0001060688,730581.9997461671,738434.9998099991,741331.0001053392,756029.0001234348,758110.999703927
713301.0000778291,713798.999945393,715673.0000547552,715854.000069665,716559.9998218509,716982.0001060688,730581.9997461671,738434.9998099991,741331.0001053392,742477.9997091439,756029.0001234348
713301.0000778291,713319.999876859,713798.999945393,715673.0000547552,716559.9998218509,716982.0001060688,730581.9997461671,738434.9998099991,741331.0001053392,742477.9997091439,758563.0003162408
713301.0000778291,713319.999876859,713798.999945393,714506.9999136246,715673.0000547552,719035.0000142951,730581.9997461671,738434.9998099991,741331.0001053392,742477.9997091439,758563.0003162408
713301.0000778291,713798.999945393,714506.9999136246,715673.0000547552,719035.0000142951,724550.000118093,730581.9997461671,738434.9998099991,741331.0001053392,742477.9997091439,747333.0000750069
711756.0000287374,713301.0000778291,714506.9999136246,715673.0000547552,719035.0000142951,724550.000118093,732624.9996628227,738434.9998099991,741331.0001053392,742477.9997091439,747333.0000750069
711756.0000287374,713301.0000778291,714506.9999136246,715673.0000547552,717020.9996838495,724550.000118093,734638.9999932683,738434.9998099991,741331.0001053392,742477.9997091439,747333.0000750069
711756.0000287374,714506.9999136246,715176.0000455615,715673.0000547552,717020.9996838495,724550.000118093,732764.0000255359,738434.9998099991,741331.0001053392,742477.9997091439,747333.0000750069
714506.9999136246,715176.0000455615,715673.0000547552,715839.9997284831,717020.9996838495,724550.000118093,732764.0000255359,734351.0001102533,741331.0001053392,742477.9997091439,747333.0000750069
715176.0000455615,715673.0000547552,715839.9997284831,717020.9996838495,722141.9998634785,724550.000118093,732764.0000255359,733696.0001554854,734351.0001102533,742477.9997091439,747333.0000750069
715176.0000455615,715673.0000547552,715839.9997284831,716303.0003912168,722141.9998634785,725267.9994107257,732764.0000255359,733696.0001554854,734351.0001102533,742477.9997091439,747333.0000750069
715673.0000547552,715839.9997284831,716303.0003912168,717513.0000832484,722141.9998634785,722930.9993730388,732764.0000255359,733696.0001554854,734351.0001102533,742477.9997091439,747333.0000750069
712963.000109236,715673.0000547552,715839.9997284831,716303.0003912168,717513.0000832484,722930.9993730388,732764.0000255359,734351.0001102533,742477.9997091439,742874.9999097278,747333.0000750069
712963.000109236,715673.0000547552,715839.9997284831,716303.0003912168,717513.0000832484,722355.9998620381,732764.0000255359,734925.999621254,742477.9997091439,742874.9999097278,747333.0000750069
714541.0001613274,715673.0000547552,715839.9997284831,716303.0003912168,717513.0000832484,722355.9998620381,732764.0000255359,734925.999621254,741296.9998576364,742477.9997091439,747333.0000750069
713099.0000410564,714541.0001613274,715839.9997284831,716303.0003912168,717513.0000832484,722355.9998620381,732764.0000255359,734925.999621254,741296.9998576364,745051.9997228427,747333.0000750069
713099.0000410564,714541.0001613274,716303.0003912168,717513.0000832484,722355.9998620381,725219.9994941603,725545.9998555769,732764.0000255359,741296.9998576364,745051.9997228427,747333.0000750069
713099.0000410564,713907.0001736705,716303.0003912168,717513.0000832484,722355.9998620381,725219.9994941603,725545.9998555769,732764.0000255359,741930.9998452934,745051.9997228427,747333.0000750069
713099.0000410564,713907.0001736705,716303.0003912168,718976.9999016424,722355.9998620381,725219.9994941603,725545.9998555769,732764.0000255359,740467.0000268993,745051.9997228427,747333.0000750069
713099.0000410564,716303.0003912168,718976.9999016424,721084.0001015812,722355.9998620381,725219.9994941603,725545.9998555769,732764.0000255359,733290.0000989885,745051.9997228427,747333.0000750069
713099.0000410564,716303.0003912168,717615.9995078612,718976.9999016424,721084.0001015812,722355.9998620381,732764.0000255359,733149.999841876,733290.0000989885,745051.9997228427,747333.0000750069
713099.0000410564,716303.0003912168,717093.9998247621,718976.9999016424,721084.0001015812,722355.9998620381,732764.0000255359,733290.0000989885,733671.9995249751,745051.9997228427,747333.0000750069
713099.0000410564,717093.9998247621,718976.9999016424,720497.0001643975,721084.0001015812,722355.9998620381,729477.9997517944,732764.0000255359,733290.0000989885,745051.9997228427,747333.0000750069
713099.0000410564,713573.0000842062,717093.9998247621,718976.9999016424,721084.0001015812,722355.9998620381,732764.0000255359,733290.0000989885,736401.9998319857,745051.9997228427,747333.0000750069
705131.9996843498,713099.0000410564,713573.0000842062,718976.9999016424,721084.0001015812,732764.0000255359,733290.0000989885,734318.0000024504,736401.9998319857,745051.9997228427,747333.0000750069
713099.0000410564,713573.0000842062,716171.9998825163,718976.9999016424,721084.0001015812,721723.9998273693,733290.0000989885,734318.0000024504,736401.9998319857,745051.9997228427,747333.0000750069
713099.0000410564,713800.9997269975,716171.9998825163,718976.9999016424,721084.0001015812,721723.9998273693,733290.0000989885,734318.0000024504,736401.9998319857,745051.9997228427,747105.0004322156
713099.0000410564,713800.9997269975,718976.9999016424,721084.0001015812,721629.9999526168,721723.9998273693,727832.0000288881,734318.0000024504,736401.9998319857,745051.9997228427,747105.0004322156
709971.0006259166,713099.0000410564,713800.9997269975,721629.9999526168,721723.9998273693,727832.0000288881,730089.999377307,734318.0000024504,736401.9998319857,745051.9997228427,747105.0004322156
709971.0006259166,713099.0000410564,716810.9996315824,721629.9999526168,721723.9998273693,727832.0000288881,730089.999377307,733391.9999274007,734318.0000024504,745051.9997228427,747105.0004322156
709971.0006259166,713099.0000410564,716810.9996315824,721629.9999526168,721723.9998273693,726480.9998846798,727832.0000288881,730089.999377307,741229.0000451714,745051.9997228427,747105.0004322156
709971.0006259166,710673.0001860871,713099.0000410564,716810.9996315824,721723.9998273693,726480.9998846798,730089.999377307,738788.9997954178,741229.0000451714,745051.9997228427,747105.0004322156
700159.9999625012,709971.0006259166,713099.0000410564,716810.9996315824,726480.9998846798,730089.999377307,732237.0000509552,738788.9997954178,741229.0000451714,745051.9997228427,747105.0004322156
700159.9999625012,709971.0006259166,713099.0000410564,716810.9996315824,723830.9997881004,730089.999377307,732237.0000509552,741229.0000451714,741438.9998919972,745051.9997228427,747105.0004322156
696279.0001482323,709971.0006259166,713099.0000410564,716810.9996315824,723830.9997881004,730089.999377307,736117.9998652241,741229.0000451714,741438.9998919972,745051.9997228427,747105.0004322156
696279.0001482323,709971.0006259166,713099.0000410564,723830.9997881004,727098.000180677,730089.999377307,736117.9998652241,736817.999883121,741229.0000451714,741438.9998919972,745051.9997228427
694558.999746948,709971.0006259166,713099.0000410564,723830.9997881004,727098.000180677,730089.999377307,736817.999883121,737838.0002665084,741229.0000451714,741438.9998919972,745051.9997228427
694558.999746948,713099.0000410564,717324.9999373652,722736.0000658585,723830.9997881004,727098.000180677,736817.999883121,737838.0002665084,741229.0000451714,741438.9998919972,745051.9997228427
694558.999746948,713099.0000410564,717324.9999373652,721810.9997863183,722736.0000658585,727098.000180677,736817.999883121,737838.0002665084,741229.0000451714,743458.9998937793,745051.9997228427
694558.999746948,713099.0000410564,717324.9999373652,721810.9997863183,722736.0000658585,726706.0000666177,737209.9999971804,737838.0002665084,741229.0000451714,743458.9998937793,745051.9997228427
694558.999746948,713099.0000410564,717324.9999373652,721810.9997863183,722736.0000658585,730921.0006773376,732994.9993864605,737838.0002665084,741229.0000451714,743458.9998937793,745051.9997228427
694558.999746948,717324.9999373652,721810.9997863183,722736.0000658585,729056.9997555583,729094.0000083409,730921.0006773376,732994.9993864605,737838.0002665084,741229.0000451714,743458.9998937793
694558.999746948,714557.9999509762,721810.9997863183,725503.0000522474,729056.9997555583,729094.0000083409,730921.0006773376,732994.9993864605,737838.0002665084,741229.0000451714,743458.9998937793
703077.000155074,714557.9999509762,721810.9997863183,725503.0000522474,729056.9997555583,729094.0000083409,729319.9998583824,730921.0006773376,732994.9993864605,741229.0000451714,743458.9998937793
713261.9999915021,714557.9999509762,718909.0001719128,721810.9997863183,725503.0000522474,729056.9997555583,729319.9998583824,730921.0006773376,732994.9993864605,741229.0000451714,743458.9998937793
713261.9999915021,714557.9999509762,718909.0001719128,719531.9997613989,721810.9997863183,725503.0000522474,729056.9997555583,729319.9998583824,741229.0000451714,743458.9998937793,744384.0003023993
713261.9999915021,714557.9999509762,718909.0001719128,719531.9997613989,721810.9997863183,725503.0000522474,729056.9997555583,729319.9998583824,732378.0000721504,744384.0003023993,752309.9998668003
713261.9999915021,714557.9999509762,718909.0001719128,721810.9997863183,723599.9996223792,725503.0000522474,729056.9997555583,729319.9998583824,732378.0000721504,744384.0003023993,748242.00000582
713261.9999915021,714557.9999509762,721810.9997863183,723064.0001294385,723599.9996223792,725164.9999008568,725503.0000522474,729056.9997555583,732378.0000721504,744384.0003023993,748242.00000582
713261.9999915021,714557.9999509762,715194.0000027267,721810.9997863183,723599.9996223792,725503.0000522474,729056.9997555583,732378.0000721504,733035.0000275685,744384.0003023993,748242.00000582
713261.9999915021,714557.9999509762,714739.9996161482,715194.0000027267,723599.9996223792,725503.0000522474,729056.9997555583,732378.0000721504,733035.0000275685,744384.0003023993,755313.00017599
713261.9999915021,714557.9999509762,714739.9996161482,715194.0000027267,721394.0001590183,723599.9996223792,729056.9997555583,732378.0000721504,737143.9999207977,744384.0003023993,755313.00017599
713261.9999915021,714557.9999509762,715194.0000027267,718573.9997315358,721394.0001590183,723599.9996223792,729056.9997555583,732378.0000721504,737143.9999207977,744384.0003023993,751479.0000606024
713261.9999915021,714716.000030494,715194.0000027267,718573.9997315358,721236.0000795006,723599.9996223792,729056.9997555583,732378.0000721504,737143.9999207977,744384.0003023993,751479.0000606024
714716.000030494,715194.0000027267,718573.9997315358,719635.9998894435,721236.0000795006,723599.9996223792,729056.9997555583,730770.0000228563,732378.0000721504,744384.0003023993,751479.0000606024
703153.9999971855,715194.0000027267,718573.9997315358,721236.0000795006,723599.9996223792,729056.9997555583,730770.0000228563,731197.9999227519,732378.0000721504,744384.0003023993,751479.0000606024
703153.9999971855,715194.0000027267,718573.9997315358,721236.0000795006,723599.9996223792,727872.0000003122,729056.9997555583,731197.9999227519,735276.0000946943,744384.0003023993,751479.0000606024
703153.9999971855,716452.9997640377,717314.9999702248,721236.0000795006,723599.9996223792,727872.0000003122,729056.9997555583,731197.9999227519,735276.0000946943,744384.0003023993,751479.0000606024
703153.9999971855,713261.9999548425,717314.9999702248,721236.0000795006,723599.9996223792,727872.0000003122,729056.9997555583,734388.9997319471,735276.0000946943,744384.0003023993,751479.0000606024
703153.9999971855,708285.9994464285,717314.9999702248,723599.9996223792,726212.0005879146,727872.0000003122,729056.9997555583,734388.9997319471,735276.0000946943,744384.0003023993,751479.0000606024
703153.9999971855,708285.9994464285,717314.9999702248,719874.9998377917,723599.9996223792,726212.0005879146,727872.0000003122,729056.9997555583,735276.0000946943,751479.0000606024,758898.0001965547
703153.9999971855,708285.9994464285,715095.9998080081,717314.9999702248,719874.9998377917,723599.9996223792,726212.0005879146,735276.0000946943,741832.9999478625,751479.0000606024,758898.0001965547
708285.9994464285,715095.9998080081,717314.9999702248,718024.000101486,719874.9998377917,720405.9999903939,723599.9996223792,726212.0005879146,741832.9999478625,751479.0000606024,758898.0001965547
708285.9994464285,715095.9998080081,717314.9999702248,718024.000101486,718806.0001775639,719874.9998377917,720405.9999903939,726212.0005879146,741832.9999478625,751479.0000606024,763691.99964137
708285.9994464285,715095.9998080081,717314.9999702248,718024.000101486,718806.0001775639,719874.9998377917,721423.9997474442,725194.0008308643,741832.9999478625,751479.0000606024,763691.99964137
708285.9994464285,715095.9998080081,717314.9999702248,717681.9999655896,718806.0001775639,719874.9998377917,721423.9997474442,725194.0008308643,742175.0000837588,751479.0000606024,763691.99964137
708285.9994464285,715095.9998080081,716135.9999281841,717681.9999655896,718806.0001775639,719874.9998377917,722602.9997894849,725194.0008308643,742175.0000837588,751479.0000606024,763691.99964137
699192.9998179285,708285.9994464285,715095.9998080081,717681.9999655896,718806.0001775639,722602.9997894849,725194.0008308643,736817.9999480472,742175.0000837588,751479.0000606024,763691.99964137
699192.9998179285,708285.9994464285,714904.0001862544,715095.9998080081,717681.9999655896,718806.0001775639,725194.0008308643,742175.0000837588,744516.9995512777,751479.0000606024,763691.99964137
708285.9994464285,714615.999881413,714904.0001862544,715095.9998080081,717681.9999655896,718806.0001775639,725194.0008308643,729093.9994877933,742175.0000837588,751479.0000606024,763691.99964137
708285.9994464285,714615.999881413,714904.0001862544,715095.9998080081,717681.9999655896,725194.0008308643,729093.9994877933,740654.9996320122,741843.0001869217,742175.0000837588,751479.0000606024
708285.9994464285,714904.0001862544,715095.9998080081,717681.9999655896,725194.0008308643,729093.9994877933,729666.9999629483,736427.9999790671,740654.9996320122,741843.0001869217,742175.0000837588
708285.9994464285,714904.0001862544,715095.9998080081,717681.9999655896,724594.9999036018,725194.0008308643,729093.9994877933,740654.9996320122,741500.0000384136,741843.0001869217,742175.0000837588
708285.9994464285,714904.0001862544,715095.9998080081,717681.9999655896,719489.0000477724,725194.0008308643,729093.9994877933,740654.9996320122,741500.0000384136,742175.0000837588,746949.0000427511
708285.9994464285,714904.0001862544,715095.9998080081,717681.9999655896,722664.9994955818,725194.0008308643,725918.0000399839,740654.9996320122,741500.0000384136,742175.0000837588,746949.0000427511
708285.9994464285,714904.0001862544,715095.9998080081,722664.9994955818,723738.9999628741,725194.0008308643,725918.0000399839,736118.0000864743,740654.9996320122,741500.0000384136,746949.0000427511
708285.9994464285,714904.0001862544,715095.9998080081,723738.9999628741,725194.0008308643,725918.0000399839,728614.0000170679,730168.9995649883,740654.9996320122,741500.0000384136,746949.0000427511
708285.9994464285,714904.0001862544,715095.9998080081,723738.9999628741,725194.0008308643,725918.0000399839,728614.0000170679,730019.0006093477,730168.9995649883,740654.9996320122,758429.9994718169
708285.9994464285,714682.0000919485,714904.0001862544,715095.9998080081,723738.9999628741,725194.0008308643,730019.0006093477,730168.9995649883,739849.9999651032,740654.9996320122,758429.9994718169
708285.9994464285,710988.9997663731,714682.0000919485,714904.0001862544,725194.0008308643,727846.0000045091,730019.0006093477,730168.9995649883,739849.9999651032,740654.9996320122,758429.9994718169
708285.9994464285,710988.9997663731,714682.0000919485,714904.0001862544,721983.0002233156,725194.0008308643,727846.0000045091,730168.9995649883,739849.9999651032,748691.0000180444,758429.9994718169
708285.9994464285,710988.9997663731,714682.0000919485,721983.0002233156,725194.0008308643,726394.0000528498,727846.0000045091,728360.0000985079,730168.9995649883,748691.0000180444,758429.9994718169
708285.9994464285,710988.9997663731,714682.0000919485,725194.0008308643,726394.0000528498,727846.0000045091,728360.0000985079,730168.9995649883,732969.9999901918,737704.0002511682,758429.9994718169
708285.9994464285,710988.9997663731,725194.0008308643,726093.0004281518,726292.9999149649,726394.0000528498,727846.0000045091,728360.0000985079,730168.9995649883,732969.9999901918,758429.9994718169
708285.9994464285,710988.9997663731,725194.0008308643,726093.0004281518,726136.9997763173,726394.0000528498,727846.0000045091,728360.0000985079,730168.9995649883,732969.9999901918,758585.9996104646
710988.9997663731,711135.0002434659,722345.000033827,726093.0004281518,726136.9997763173,726394.0000528498,727846.0000045091,728360.0000985079,730168.9995649883,732969.9999901918,758585.9996104646
710988.9997663731,711135.0002434659,717251.0000076304,722345.000033827,726093.0004281518,726136.9997763173,726394.0000528498,727846.0000045091,732969.9999901918,741277.9996558657,758585.9996104646
710988.9997663731,711135.0002434659,712907.0000796566,722345.000033827,726093.0004281518,726136.9997763173,726394.0000528498,727846.0000045091,732969.9999901918,745621.9995838396,758585.9996104646
710988.9997663731,711135.0002434659,712907.0000796566,719183.0000222027,722345.000033827,726093.0004281518,726136.9997763173,727846.0000045091,732969.9999901918,752832.9996144866,758585.9996104646
710988.9997663731,711135.0002434659,713209.0003928862,719183.0000222027,722345.000033827,725791.0001149222,726136.9997763173,727846.0000045091,732969.9999901918,752832.9996144866,758585.9996104646
699951.99980658,711135.0002434659,713209.0003928862,719183.0000222027,722345.000033827,725791.0001149222,726136.9997763173,732969.9999901918,738882.9999643022,752832.9996144866,758585.9996104646
699951.99980658,711135.0002434659,719183.0000222027,722345.000033827,725426.999506436,725791.0001149222,726136.9997763173,732969.9999901918,738882.9999643022,740615.0005009368,758585.9996104646
711135.0002434659,712359.000109659,713383.9998118432,719183.0000222027,722345.000033827,725426.999506436,726136.9997763173,732969.9999901918,738882.9999643022,740615.0005009368,758585.9996104646
711135.0002434659,712359.000109659,713383.9998118432,719183.0000222027,722345.000033827,726136.9997763173,729254.9996926241,732969.9999901918,736787.0003147488,738882.9999643022,758585.9996104646
711135.0002434659,712359.000109659,713383.9998118432,719183.0000222027,722345.000033827,726136.9997763173,729254.9996926241,729362.9996867706,736787.0003147488,738882.9999643022,762192.9999138857
711135.0002434659,712359.000109659,713262.9999435337,713383.9998118432,719183.0000222027,722345.000033827,729254.9996926241,729362.9996867706,736787.0003147488,751756.9997970858,762192.9999138857
698623.9996715196,712359.000109659,713262.9999435337,713383.9998118432,719183.0000222027,729254.9996926241,729362.9996867706,734856.0006057733,736787.0003147488,751756.9997970858,762192.9999138857
712359.000109659,713262.9999435337,713383.9998118432,715672.9997847653,717807.0004925276,719183.0000222027,729254.9996926241,729362.9996867706,736787.0003147488,751756.9997970858,762192.9999138857
712359.000109659,713262.9999435337,713383.9998118432,715672.9997847653,717807.0004925276,719183.0000222027,726913.00029506,729254.9996926241,739236.9997064595,751756.9997970858,762192.9999138857
713262.9999435337,713383.9998118432,715672.9997847653,717807.0004925276,718606.9997861646,719183.0000222027,723007.0000161185,726913.00029506,739236.9997064595,751756.9997970858,762192.9999138857
702544.0002462664,713262.9999435337,713383.9998118432,715672.9997847653,719183.0000222027,723007.0000161185,726913.00029506,733870.0000324259,739236.9997064595,751756.9997970858,762192.9999138857
702544.0002462664,712986.9996890663,713262.9999435337,713383.9998118432,715672.9997847653,719183.0000222027,726913.00029506,733870.0000324259,749257.0000335117,751756.9997970858,762192.9999138857
702544.0002462664,712986.9996890663,713383.9998118432,715672.9997847653,717098.0000023765,719183.0000222027,726913.00029506,733870.0000324259,745421.999974669,751756.9997970858,762192.9999138857
712986.9996890663,713383.9998118432,715672.9997847653,717098.0000023765,719183.0000222027,719853.000036053,726913.00029506,728113.0001848823,733870.0000324259,751756.9997970858,762192.9999138857
712986.9996890663,715538.9998225112,715672.9997847653,717098.0000023765,717698.000025385,719183.0000222027,726913.00029506,728113.0001848823,733870.0000324259,751756.9997970858,762192.9999138857
713345.999801329,715538.9998225112,715672.9997847653,717098.0000023765,717698.000025385,719183.0000222027,726554.0001827973,728113.0001848823,733870.0000324259,751756.9997970858,762192.9999138857
713345.999801329,715143.999991341,715538.9998225112,715672.9997847653,719183.0000222027,719652.0000364204,726554.0001827973,728113.0001848823,733870.0000324259,751756.9997970858,762192.9999138857
715143.999991341,715538.9998225112,715672.9997847653,718434.9998963961,719183.0000222027,719652.0000364204,721465.0000877302,728113.0001848823,733870.0000324259,751756.9997970858,762192.9999138857
715143.999991341,715538.9998225112,715672.9997847653,718408.9998428426,718434.9998963961,719183.0000222027,721465.0000877302,728113.0001848823,733870.0000324259,752999.9999906636,762192.9999138857
714637.0000287616,715143.999991341,715538.9998225112,715672.9997847653,718408.9998428426,718434.9998963961,721465.0000877302,732659.0001783235,733870.0000324259,752999.9999906636,762192.9999138857
699461.9999778774,714637.0000287616,715143.999991341,715538.9998225112,715672.9997847653,718408.9998428426,732659.0001783235,733870.0000324259,740438.0000062489,752999.9999906636,762192.9999138857
698562.0001889837,714637.0000287616,715143.999991341,715538.9998225112,715672.9997847653,718408.9998428426,733558.999967217,733870.0000324259,740438.0000062489,752999.9999906636,762192.9999138857
698562.0001889837,714637.0000287616,715143.999991341,715538.9998225112,715672.9997847653,718408.9998428426,721968.000040597,733870.0000324259,752028.9999328689,752999.9999906636,762192.9999138857
698562.0001889837,713768.9998323746,714637.0000287616,715672.9997847653,716913.9999814776,718408.9998428426,721968.000040597,733870.0000324259,752028.9999328689,752999.9999906636,762192.9999138857
699902.0002041332,713768.9998323746,714637.0000287616,715672.9997847653,716913.9999814776,718408.9998428426,721968.000040597,732530.0000172764,752028.9999328689,752999.9999906636,762192.9999138857
699268.9998696852,713768.9998323746,714637.0000287616,716306.0001192134,716913.9999814776,718408.9998428426,721968.000040597,732530.0000172764,752028.9999328689,752999.9999906636,762192.9999138857
699268.9998696852,710652.0001407748,713768.9998323746,716306.0001192134,716913.9999814776,718408.9998428426,721968.000040597,736514.9999052632,752028.9999328689,752999.9999906636,762192.9999138857
699268.9998696852,710652.0001407748,714605.9998262137,716076.9999876386,716306.0001192134,718408.9998428426,721968.000040597,736514.9999052632,752028.9999328689,752999.9999906636,762192.9999138857
699624.000039759,710652.0001407748,714605.9998262137,715950.9999491395,716076.9999876386,718408.9998428426,721968.000040597,736514.9999052632,752028.9999328689,752999.9999906636,762192.9999138857
699624.000039759,714605.9998262137,715950.9999491395,716076.9999876386,717760.9999103473,718408.9998428426,721968.000040597,729406.0001356907,752028.9999328689,752999.9999906636,762192.9999138857
699624.000039759,713378.9998640232,714605.9998262137,715950.9999491395,716076.9999876386,717760.9999103473,721968.000040597,729406.0001356907,752028.9999328689,758029.999969483,762192.9999138857
699624.000039759,713378.9998640232,714605.9998262137,715950.9999491395,716076.9999876386,717760.9999103473,729406.0001356907,733485.9999035931,740511.0000698728,758029.999969483,762192.9999138857
699624.000039759,713350.9997679516,714605.9998262137,715950.9999491395,716076.9999876386,717760.9999103473,729406.0001356907,733485.9999035931,740539.0001659445,758029.999969483,762192.9999138857
699624.000039759,713350.9997679516,714306.9998527829,715950.9999491395,716375.9999610693,717760.9999103473,729406.0001356907,733485.9999035931,740539.0001659445,758029.999969483,762192.9999138857
702324.9998121497,713350.9997679516,714306.9998527829,715060.0001379566,715950.9999491395,716375.9999610693,729406.0001356907,733485.9999035931,740539.0001659445,758029.999969483,762192.9999138857
702324.9998121497,713350.9997679516,714306.9998527829,715950.9999491395,716375.9999610693,721081.0001684853,729406.0001356907,733485.9999035931,734518.0001354157,758029.999969483,762192.9999138857
702324.9998121497,713350.9997679516,714306.9998527829,715950.9999491395,716375.9999610693,725100.9998696685,729406.0001356907,729466.0002024099,734518.0001354157,758029.999969483,762192.9999138857
702324.9998121497,714306.9998527829,715950.9999491395,716375.9999610693,720686.9999649896,722130.0000053719,725100.9998696685,729406.0001356907,734518.0001354157,758029.999969483,762192.9999138857
702324.9998121497,714306.9998527829,715236.9999298211,716375.9999610693,720686.9999649896,722130.0000053719,725100.9998696685,729406.0001356907,735232.0001547341,758029.999969483,762192.9999138857
705578.000021781,714306.9998527829,715236.9999298211,716375.9999610693,717433.9997553583,722130.0000053719,725100.9998696685,729406.0001356907,735232.0001547341,758029.999969483,762192.9999138857
714306.9998527829,715236.9999298211,716375.9999610693,716746.000025723,717433.9997553583,718238.0001317486,722130.0000053719,725100.9998696685,735232.0001547341,758029.999969483,762192.9999138857
713835.0002082452,714306.9998527829,715236.9999298211,716375.9999610693,717433.9997553583,721148.9999492264,722130.0000053719,725100.9998696685,735232.0001547341,758029.999969483,762192.9999138857
713835.0002082452,714306.9998527829,716375.9999610693,717433.9997553583,718647.999758698,721148.9999492264,722130.0000053719,725100.9998696685,731821.0003258572,758029.999969483,762192.9999138857
713835.0002082452,714306.9998527829,716375.9999610693,717433.9997553583,718647.999758698,720594.9999379152,721148.9999492264,726635.9999371251,731821.0003258572,758029.999969483,762192.9999138857
713835.0002082452,714306.9998527829,715528.9998966424,716375.9999610693,717433.9997553583,718647.999758698,726214.9999904992,726635.9999371251,731821.0003258572,758029.999969483,762192.9999138857
713835.0002082452,714306.9998527829,715528.9998966424,716375.9999610693,717433.9997553583,718647.999758698,719038.0000593509,731821.0003258572,733812.9998682735,758029.999969483,762192.9999138857
713835.0002082452,714306.9998527829,715528.9998966424,717433.9997553583,718647.999758698,718974.9999298692,719038.0000593509,731821.0003258572,733812.9998682735,755431.0000006831,762192.9999138857
713197.9997612475,713835.0002082452,714306.9998527829,715528.9998966424,718647.999758698,718974.9999298692,719038.0000593509,731821.0003258572,733812.9998682735,759666.9999947939,762192.9999138857
713197.9997612475,713835.0002082452,715528.9998966424,717069.9998240841,718647.999758698,718974.9999298692,719038.0000593509,731821.0003258572,733812.9998682735,756904.0000234927,762192.9999138857
713197.9997612475,713835.0002082452,715528.9998966424,717069.9998240841,718974.9999298692,719038.0000593509,723966.9996340952,726502.00045046,733812.9998682735,756904.0000234927,762192.9999138857
709461.9998525823,715528.9998966424,717069.9998240841,717571.0001169104,718974.9999298692,719038.0000593509,723966.9996340952,726502.00045046,733812.9998682735,756904.0000234927,762192.9999138857
704256.0001213114,715528.9998966424,717069.9998240841,718974.9999298692,719038.0000593509,722776.9998481814,723966.9996340952,726502.00045046,733812.9998682735,756904.0000234927,762192.9999138857
704256.0001213114,714976.9995300649,715528.9998966424,717069.9998240841,718974.9999298692,719038.0000593509,726502.00045046,731766.9999522117,733812.9998682735,756904.0000234927,762192.9999138857
704256.0001213114,714976.9995300649,715528.9998966424,715573.9999981307,717069.9998240841,718974.9999298692,726502.00045046,731766.9999522117,737276.9999294936,756904.0000234927,762192.9999138857
708580.0000940923,714976.9995300649,715528.9998966424,715573.9999981307,717069.9998240841,718974.9999298692,726502.00045046,731766.9999522117,732952.9999567127,756904.0000234927,762192.9999138857
713402.00000331,714153.0000206515,714976.9995300649,715528.9998966424,715573.9999981307,717069.9998240841,726502.00045046,731766.9999522117,732952.9999567127,756904.0000234927,762192.9999138857
713402.00000331,714153.0000206515,714976.9995300649,715528.9998966424,715573.9999981307,715952.9998072446,726502.00045046,731766.9999522117,732952.9999567127,758021.0000403322,762192.9999138857
712830.9999800484,713402.00000331,714976.9995300649,715528.9998966424,715573.9999981307,715952.9998072446,726502.00045046,731766.9999522117,734274.9999973158,758021.0000403322,762192.9999138857
706739.999553265,713402.00000331,715528.9998966424,715573.9999981307,715952.9998072446,721067.9999568482,726502.00045046,731766.9999522117,734274.9999973158,758021.0000403322,762192.9999138857
706739.999553265,713402.00000331,715528.9998966424,715573.9999981307,721067.9999568482,723118.0000569646,726502.00045046,731766.9999522117,734274.9999973158,750855.9997906123,762192.9999138857
706739.999553265,713402.00000331,715528.9998966424,715573.9999981307,721067.9999568482,726502.00045046,727357.9998278863,731766.9999522117,734274.9999973158,746616.0000196905,762192.9999138857
695688.9995492036,713402.00000331,715528.9998966424,715573.9999981307,726502.00045046,727357.9998278863,731766.9999522117,732118.9999609097,734274.9999973158,746616.0000196905,762192.9999138857
695688.9995492036,713069.9999578017,713402.00000331,715528.9998966424,715573.9999981307,726502.00045046,727357.9998278863,731766.9999522117,746616.0000196905,753324.0000004239,762192.9999138857
695688.9995492036,713069.9999578017,713161.0005392323,713402.00000331,715528.9998966424,715573.9999981307,727357.9998278863,745107.9998634395,746616.0000196905,753324.0000004239,762192.9999138857
713069.9999578017,713161.0005392323,713402.00000331,714959.9994706973,715528.9998966424,715573.9999981307,727357.9998278863,734053.0000789302,745107.9998634395,746616.0000196905,762192.9999138857
713069.9999578017,713161.0005392323,713402.00000331,714643.9993409143,715528.9998966424,715573.9999981307,727357.9998278863,734369.0002087131,745107.9998634395,746616.0000196905,762192.9999138857
713161.0005392323,713402.00000331,714643.9993409143,715528.9998966424,715573.9999981307,716900.0000592151,723527.9997264729,734369.0002087131,745107.9998634395,746616.0000196905,762192.9999138857
694144.0000912066,713161.0005392323,713402.00000331,715528.9998966424,715573.9999981307,723527.9997264729,734369.0002087131,737399.9993089228,745107.9998634395,746616.0000196905,762192.9999138857
694144.0000912066,701967.9999318575,713161.0005392323,715573.9999981307,723527.9997264729,726962.999968095,734369.0002087131,737399.9993089228,745107.9998634395,746616.0000196905,762192.9999138857
694144.0000912066,701967.9999318575,713161.0005392323,715573.9999981307,723527.9997264729,734369.0002087131,737399.9993089228,739640.9999882234,745107.9998634395,746616.0000196905,749514.9998937573
694144.0000912066,701967.9999318575,715573.9999981307,718521.9995370244,723527.9997264729,732039.0003111307,734369.0002087131,739640.9999882234,745107.9998634395,746616.0000196905,749514.9998937573
694144.0000912066,701967.9999318575,715573.9999981307,723527.9997264729,725414.000008399,727476.9997373386,732039.0003111307,739640.9999882234,745107.9998634395,746616.0000196905,749514.9998937573
694144.0000912066,701967.9999318575,715573.9999981307,725414.000008399,727476.9997373386,732039.0003111307,732867.9998621506,737275.9998840127,739640.9999882234,745107.9998634395,749514.9998937573
694144.0000912066,701967.9999318575,714366.9996039905,725414.000008399,727476.9997373386,732039.0003111307,732867.9998621506,737275.9998840127,740848.0003823638,745107.9998634395,749514.9998937573
694144.0000912066,701967.9999318575,712829.9998539634,714366.9996039905,725414.000008399,732039.0003111307,732867.9998621506,737275.9998840127,740848.0003823638,749514.9998937573,759754.9997468147
694144.0000912066,703095.9999475471,712829.9998539634,714366.9996039905,724285.9999927094,732039.0003111307,732867.9998621506,737275.9998840127,740848.0003823638,749514.9998937573,759754.9997468147
694144.0000912066,703095.9999475471,714267.9998107008,714366.9996039905,724285.9999927094,731429.9999054132,732039.0003111307,737275.9998840127,740848.0003823638,749514.9998937573,759754.9997468147
694144.0000912066,703095.9999475471,714267.9998107008,720581.9995738964,724285.9999927094,731429.9999054132,732039.0003111307,734633.000412458,737275.9998840127,749514.9998937573,759754.9997468147
703095.9999475471,712328.0000921828,713245.9999044371,714267.9998107008,720581.9995738964,724285.9999927094,732039.0003111307,734633.000412458,737275.9998840127,749514.9998937573,759754.9997468147
703095.9999475471,712328.0000921828,712841.0003205446,714267.9998107008,720581.9995738964,724285.9999927094,732443.9998950232,734633.000412458,737275.9998840127,749514.9998937573,759754.9997468147
694952.9999660684,712328.0000921828,712841.0003205446,714267.9998107008,720581.9995738964,732428.999974188,732443.9998950232,734633.000412458,737275.9998840127,749514.9998937573,759754.9997468147
694952.9999660684,712841.0003205446,714267.9998107008,720581.9995738964,721868.0000625361,722903.9999246699,732428.999974188,734633.000412458,737275.9998840127,749514.9998937573,759754.9997468147
694952.9999660684,713908.9995211195,714267.9998107008,720581.9995738964,721868.0000625361,722903.9999246699,732428.999974188,734633.000412458,737275.9998840127,749514.9998937573,758687.0005462398
694952.9999660684,713908.9995211195,714267.9998107008,717689.9999883124,720581.9995738964,721868.0000625361,734633.000412458,737275.9998840127,737642.9999105455,749514.9998937573,758687.0005462398
694952.9999660684,713908.9995211195,714267.9998107008,716218.000032969,720581.9995738964,721868.0000625361,734633.000412458,737275.9998840127,739114.9998658889,749514.9998937573,758687.0005462398
694952.9999660684,713908.9995211195,716218.000032969,719666.0000546847,720581.9995738964,721868.0000625361,731877.9996400288,734633.000412458,739114.9998658889,749514.9998937573,758687.0005462398
694952.9999660684,713908.9995211195,716218.000032969,719666.0000546847,720310.0000740999,720581.9995738964,731877.9996400288,734633.000412458,739114.9998658889,749514.9998937573,760245.000534676
694952.9999660684,713343.0002056138,713908.9995211195,716218.000032969,719666.0000546847,720310.0000740999,731877.9996400288,739114.9998658889,741871.9997807406,749514.9998937573,760245.000534676
694952.9999660684,713343.0002056138,713908.9995211195,719666.0000546847,720020.9998099586,720310.0000740999,731877.9996400288,735312.0000888993,741871.9997807406,749514.9998937573,760245.000534676
694952.9999660684,713343.0002056138,713908.9995211195,717920.9997580448,719666.0000546847,720310.0000740999,731877.9996400288,737412.0001408131,741871.9997807406,749514.9998937573,760245.000534676
694952.9999660684,713343.0002056138,713908.9995211195,717920.9997580448,720310.0000740999,722517.9997648151,729025.9999298984,737412.0001408131,741871.9997807406,749514.9998937573,760245.000534676
694952.9999660684,710826.9998678302,713343.0002056138,713908.9995211195,717920.9997580448,720310.0000740999,737412.0001408131,740716.9998268833,741871.9997807406,749514.9998937573,760245.000534676
694952.9999660684,710826.9998678302,713343.0002056138,713908.9995211195,713999.9998837197,717920.9997580448,737412.0001408131,741871.9997807406,747027.0000172635,749514.9998937573,760245.000534676
694952.9999660684,710826.9998678302,713343.0002056138,713908.9995211195,713999.9998837197,715257.9999465469,740074.9999523109,741871.9997807406,747027.0000172635,749514.9998937573,760245.000534676
694952.9999660684,703438.9994276293,713343.0002056138,713908.9995211195,715257.9999465469,721388.0003239206,740074.9999523109,741871.9997807406,747027.0000172635,749514.9998937573,760245.000534676
694952.9999660684,703438.9994276293,713343.0002056138,715257.9999465469,715576.0003709943,721388.0003239206,740074.9999523109,741871.9997807406,747027.0000172635,749514.9998937573,758577.9996848012
694952.9999660684,703438.9994276293,715257.9999465469,715576.0003709943,721388.0003239206,721658.0003576037,733556.9996287507,740074.9999523109,747027.0000172635,749514.9998937573,758577.9996848012
694952.9999660684,703438.9994276293,715257.9999465469,719505.9997885035,721388.0003239206,721658.0003576037,733556.9996287507,736145.0005348017,747027.0000172635,749514.9998937573,758577.9996848012
694952.9999660684,703438.9994276293,715257.9999465469,719505.9997885035,721658.0003576037,730760.0001196053,733556.9996287507,736145.0005348017,737655.0002215788,749514.9998937573,758577.9996848012
694952.9999660684,703438.9994276293,715257.9999465469,719505.9997885035,721658.0003576037,727076.9997319807,730760.0001196053,736145.0005348017,737655.0002215788,755994.9997905273,758577.9996848012
694952.9999660684,703438.9994276293,715257.9999465469,719505.9997885035,721658.0003576037,727076.9997319807,730760.0001196053,735962.000558244,737655.0002215788,755994.9997905273,758760.999661359
694952.9999660684,695504.9994937638,703438.9994276293,721658.0003576037,727076.9997319807,730760.0001196053,735962.000558244,737655.0002215788,739259.0002412866,755994.9997905273,758760.999661359
694952.9999660684,695504.9994937638,718014.9999577202,721658.0003576037,723078.9996914879,727076.9997319807,730760.0001196053,735962.000558244,739259.0002412866,755994.9997905273,758760.999661359
691765.9996138217,694952.9999660684,718014.9999577202,721658.0003576037,723078.9996914879,727076.9997319807,730760.0001196053,739259.0002412866,739701.000438186,755994.9997905273,758760.999661359
694952.9999660684,711804.000460525,718014.9999577202,719662.9995914827,721658.0003576037,723078.9996914879,727076.9997319807,730760.0001196053,739259.0002412866,755994.9997905273,758760.999661359
694952.9999660684,711804.000460525,713256.0000673615,719662.9995914827,721658.0003576037,723078.9996914879,727076.9997319807,735519.000009964,739259.0002412866,755994.9997905273,758760.999661359
694952.9999660684,713256.0000673615,718205.9998926211,719662.9995914827,721658.0003576037,723078.9996914879,727076.9997319807,735519.000009964,739259.0002412866,752359.000229263,755994.9997905273
694952.9999660684,713256.0000673615,719662.9995914827,721658.0003576037,723078.9996914879,727076.9997319807,732087.0001754162,735519.000009964,738477.9999464678,739259.0002412866,755994.9997905273
694952.9999660684,710070.9999869252,719662.9995914827,721658.0003576037,723078.9996914879,727076.9997319807,732087.0001754162,738477.9999464678,738704.0000904003,739259.0002412866,755994.9997905273
694952.9999660684,710070.9999869252,718168.0002379505,719662.9995914827,723078.9996914879,727076.9997319807,732087.0001754162,738477.9999464678,738704.0000904003,739259.0002412866,759484.9999101805
694952.9999660684,710070.9999869252,716047.0000930402,718168.0002379505,719662.9995914827,723078.9996914879,727076.9997319807,732087.0001754162,738477.9999464678,759484.9999101805,761916.0002386468
694952.9999660684,710070.9999869252,718168.0002379505,719129.0002420283,719662.9995914827,723078.9996914879,727076.9997319807,732087.0001754162,738477.9999464678,758834.0000896587,759484.9999101805
694952.9999660684,710070.9999869252,715599.9995687768,718168.0002379505,719129.0002420283,723078.9996914879,727076.9997319807,732087.0001754162,738477.9999464678,759484.9999101805,762897.0001123645
694952.9999660684,708498.0000152224,710070.9999869252,718168.0002379505,723078.9996914879,726230.9997955826,727076.9997319807,732087.0001754162,738477.9999464678,759484.9999101805,762897.0001123645
694952.9999660684,708498.0000152224,710070.9999869252,723078.9996914879,726230.9997955826,726505.9998679116,727076.9997319807,732087.0001754162,738477.9999464678,751147.0002802194,762897.0001123645
694952.9999660684,708498.0000152224,715467.0000870544,717682.9995913586,726230.9997955826,726505.9998679116,727076.9997319807,732087.0001754162,738477.9999464678,751147.0002802194,762897.0001123645
694952.9999660684,708498.0000152224,715467.0000870544,715858.9995875558,717682.9995913586,726230.9997955826,732087.0001754162,737724.0000123365,738477.9999464678,751147.0002802194,762897.0001123645
694952.9999660684,708498.0000152224,715467.0000870544,715858.9995875558,717682.9995913586,726230.9997955826,727669.0004030492,737724.0000123365,742895.9997188349,751147.0002802194,762897.0001123645
694952.9999660684,708498.0000152224,715467.0000870544,715858.9995875558,717682.9995913586,726230.9997955826,726360.000414031,727669.0004030492,742895.9997188349,762510.9998785249,762897.0001123645
694952.9999660684,708498.0000152224,714598.9997447677,715858.9995875558,718550.9999336454,726230.9997955826,726360.000414031,727669.0004030492,742895.9997188349,762510.9998785249,762897.0001123645
694952.9999660684,708498.0000152224,714598.9997447677,718550.9999336454,726230.9997955826,726360.000414031,726687.9997142538,727669.0004030492,742895.9997188349,751681.9997518269,762897.0001123645
694952.9999660684,708498.0000152224,714598.9997447677,718550.9999336454,726230.9997955826,726360.000414031,726687.9997142538,731377.0000865182,739188.0000353658,751681.9997518269,762897.0001123645
700118.9999168372,708498.0000152224,713384.9999828766,714598.9997447677,726230.9997955826,726360.000414031,726687.9997142538,731377.0000865182,739188.0000353658,751681.9997518269,762897.0001123645
700118.9999168372,708498.0000152224,713384.9999828766,714598.9997447677,715476.9997315031,726230.9997955826,731377.0000865182,737571.0003967818,739188.0000353658,751681.9997518269,762897.0001123645
700118.9999168372,708498.0000152224,713384.9999828766,714598.9997447677,715476.9997315031,726230.9997955826,734661.0002906808,735903.9998312033,737571.0003967818,751681.9997518269,762897.0001123645
700118.9999168372,708498.0000152224,713384.9999828766,715476.9997315031,719288.999794481,726230.9997955826,734661.0002906808,735903.9998312033,737571.0003967818,751681.9997518269,758207.0000626512
700118.9999168372,708498.0000152224,712866.9999819545,715476.9997315031,719288.999794481,726230.9997955826,734661.0002906808,735903.9998312033,737571.0003967818,751681.9997518269,758725.0000635734
700118.9999168372,708498.0000152224,712866.9999819545,715476.9997315031,719288.999794481,723647.9997172791,734661.0002906808,737571.0003967818,738486.9999095068,751681.9997518269,758725.0000635734
699111.9997726706,700118.9999168372,712866.9999819545,715476.9997315031,719288.999794481,733033.9999598309,734661.0002906808,737571.0003967818,738486.9999095068,751681.9997518269,758725.0000635734
699111.9997726706,700118.9999168372,712866.9999819545,719288.999794481,720126.9992281536,733033.9999598309,734661.0002906808,737571.0003967818,738486.9999095068,747032.0002551763,758725.0000635734
699111.9997726706,700118.9999168372,719288.999794481,719621.999989315,720126.9992281536,733033.9999598309,734661.0002906808,737571.0003967818,738486.9999095068,747032.0002551763,751970.0000562128
698784.9997776791,700118.9999168372,719288.999794481,719948.9999843065,720126.9992281536,733033.9999598309,734661.0002906808,737571.0003967818,738486.9999095068,747032.0002551763,751970.0000562128
698784.9997776791,713053.9999839336,719288.999794481,719948.9999843065,720126.9992281536,733033.9999598309,734661.0002906808,737571.0003967818,738486.9999095068,739034.9999891163,747032.0002551763
698784.9997776791,713188.999929614,719153.9998488006,719948.9999843065,720126.9992281536,733033.9999598309,734661.0002906808,737571.0003967818,738486.9999095068,739034.9999891163,747032.0002551763
693241.9997777566,698784.9997776791,719948.9999843065,720126.9992281536,733033.9999598309,734661.0002906808,737571.0003967818,738486.9999095068,739034.9999891163,739101.000000658,747032.0002551763
693241.9997777566,698784.9997776791,713531.9998881548,719948.9999843065,733033.9999598309,734661.0002906808,738486.9999095068,739034.9999891163,739101.000000658,744165.9997367806,747032.0002551763
693241.9997777566,698784.9997776791,713531.9998881548,717080.9999520459,733033.9999598309,734661.0002906808,738486.9999095068,739101.000000658,741903.000021377,744165.9997367806,747032.0002551763
698784.9997776791,700422.0000307823,713531.9998881548,717080.9999520459,731920.9997476323,733033.9999598309,734661.0002906808,738486.9999095068,741903.000021377,744165.9997367806,747032.0002551763
700422.0000307823,713531.9998881548,713533.0000202137,717080.9999520459,718285.9997172963,731920.9997476323,734661.0002906808,738486.9999095068,741903.000021377,744165.9997367806,747032.0002551763
700422.0000307823,713531.9998881548,713533.0000202137,718285.9997172963,723653.9999884214,731920.9997476323,734661.0002906808,738486.9999095068,740459.0002188007,741903.000021377,744165.9997367806
700422.0000307823,713531.9998881548,713533.0000202137,718285.9997172963,723653.9999884214,728819.9999522282,731920.9997476323,734661.0002906808,740459.0002188007,744165.9997367806,751569.9999786556
700422.0000307823,713533.0000202137,718285.9997172963,722068.0000339213,723653.9999884214,728819.9999522282,731920.9997476323,734661.0002906808,735629.9995910141,740459.0002188007,751569.9999786556
700422.0000307823,713533.0000202137,716379.0003005266,718285.9997172963,722068.0000339213,723653.9999884214,731920.9997476323,735629.9995910141,740459.0002188007,747101.9999423823,751569.9999786556
699362.9996574287,700422.0000307823,716379.0003005266,722068.0000339213,723653.9999884214,731920.9997476323,732456.0000800813,735629.9995910141,740459.0002188007,747101.9999423823,751569.9999786556
699362.9996574287,700422.0000307823,716379.0003005266,721128.0001702141,722068.0000339213,723653.9999884214,731920.9997476323,732456.0000800813,747101.9999423823,751569.9999786556,754960.9996396007
699362.9996574287,700422.0000307823,716379.0003005266,721128.0001702141,722068.0000339213,722213.9999700336,723653.9999884214,731920.9997476323,747101.9999423823,754960.9996396007,761812.0000887032
699362.9996574287,701518.0000241625,716379.0003005266,721117.9999766535,721128.0001702141,722068.0000339213,723653.9999884214,731920.9997476323,747101.9999423823,754960.9996396007,761812.0000887032
699362.9996574287,711378.9997973663,716379.0003005266,721117.9999766535,721128.0001702141,722059.9999744284,722068.0000339213,723653.9999884214,747101.9999423823,754960.9996396007,761812.0000887032
711378.9997973663,715616.0001287765,716379.0003005266,721117.9999766535,721128.0001702141,722059.9999744284,722068.0000339213,723653.9999884214,745558.9996173554,747101.9999423823,754960.9996396007
711378.9997973663,712905.9999518504,715616.0001287765,716379.0003005266,721128.0001702141,722059.9999744284,722068.0000339213,731866.0000132245,745558.9996173554,747101.9999423823,754960.9996396007
711378.9997973663,712905.9999518504,715616.0001287765,716379.0003005266,721128.0001702141,722059.9999744284,722068.0000339213,735318.9999962907,745558.9996173554,747101.9999423823,751507.9996565346
711378.9997973663,714358.9998928914,715616.0001287765,716379.0003005266,720607.0000333874,721128.0001702141,722068.0000339213,735318.9999962907,745558.9996173554,747101.9999423823,751507.9996565346
711378.9997973663,714358.9998928914,715456.9996531595,715616.0001287765,716379.0003005266,720607.0000333874,727739.0005509759,735318.9999962907,745558.9996173554,747101.9999423823,751507.9996565346
711378.9997973663,714358.9998928914,715456.9996531595,715877.9996948508,716379.0003005266,720607.0000333874,727739.0005509759,735318.9999962907,745297.0000512812,747101.9999423823,751507.9996565346
711378.9997973663,715456.9996531595,715877.9996948508,716143.9996035605,716379.0003005266,720607.0000333874,727739.0005509759,735318.9999962907,745297.0000512812,747101.9999423823,749722.9999458655
711378.9997973663,715877.9996948508,716143.9996035605,716379.0003005266,716802.999775099,720607.0000333874,727739.0005509759,733972.9998743512,745297.0000512812,747101.9999423823,749722.9999458655
711378.9997973663,715877.9996948508,716143.9996035605,716379.0003005266,720607.0000333874,721900.0005411147,722641.9997849602,733972.9998743512,745297.0000512812,747101.9999423823,749722.9999458655
711378.9997973663,715877.9996948508,716379.0003005266,720607.0000333874,721900.0005411147,722641.9997849602,732736.9996344709,733129.9999149551,733972.9998743512,745297.0000512812,747101.9999423823
711378.9997973663,715877.9996948508,716379.0003005266,718814.0001524804,720607.0000333874,722641.9997849602,732736.9996344709,733129.9999149551,737059.0002629855,745297.0000512812,747101.9999423823
711378.9997973663,714211.9998358792,715877.9996948508,716379.0003005266,718814.0001524804,720607.0000333874,733129.9999149551,737059.0002629855,741166.9995835519,745297.0000512812,747101.9999423823
711378.9997973663,715877.9996948508,716379.0003005266,718009.9999262624,718814.0001524804,720607.0000333874,729331.9998245719,737059.0002629855,741166.9995835519,745297.0000512812,747101.9999423823
711378.9997973663,716379.0003005266,718009.9999262624,718814.0001524804,720607.0000333874,722629.9999243742,729331.9998245719,737059.0002629855,738544.9998217579,741166.9995835519,747101.9999423823
711378.9997973663,714743.9998153576,716379.0003005266,718009.9999262624,720607.0000333874,722629.9999243742,733402.0001616947,737059.0002629855,738544.9998217579,741166.9995835519,747101.9999423823
711378.9997973663,713863.9998574577,714743.9998153576,716379.0003005266,718009.9999262624,720607.0000333874,733402.0001616947,737059.0002629855,738544.9998217579,741166.9995835519,755868.0000092988
707177.0000315009,713863.9998574577,714743.9998153576,716379.0003005266,718009.9999262624,724808.9997992528,733402.0001616947,737059.0002629855,738544.9998217579,741166.9995835519,755868.0000092988
707177.0000315009,713863.9998574577,714275.000084708,716379.0003005266,718009.9999262624,724808.9997992528,733870.9998923443,737059.0002629855,738544.9998217579,741166.9995835519,755868.0000092988
707177.0000315009,714140.9999776884,714275.000084708,716379.0003005266,718009.9999262624,724808.9997992528,733870.9998923443,737059.0002629855,738267.9997015272,741166.9995835519,755868.0000092988
695437.0000073817,714140.9999776884,714275.000084708,716379.0003005266,724808.9997992528,729749.9999503817,733870.9998923443,737059.0002629855,738267.9997015272,741166.9995835519,755868.0000092988
695437.0000073817,713289.0000097811,714275.000084708,716379.0003005266,724808.9997992528,729749.9999503817,733870.9998923443,737059.0002629855,739119.9996694345,741166.9995835519,755868.0000092988
711382.000006693,713289.0000097811,714275.000084708,716379.0003005266,724808.9997992528,729749.9999503817,733870.9998923443,737059.0002629855,739119.9996694345,739923.0000099875,741166.9995835519
711382.000006693,713289.0000097811,714275.000084708,715884.9998605984,716379.0003005266,729749.9999503817,733870.9998923443,737059.0002629855,739119.9996694345,741166.9995835519,748846.999948642
711382.000006693,713289.0000097811,714275.000084708,715556.0001418042,715884.9998605984,716379.0003005266,729749.9999503817,739119.9996694345,741166.9995835519,748846.999948642,755374.0000135256
711382.000006693,712931.0000175234,713289.0000097811,714275.000084708,715884.9998605984,716379.0003005266,729749.9999503817,739119.9996694345,741166.9995835519,748846.999948642,757999.0001378064
711382.000006693,712931.0000175234,714275.000084708,715884.9998605984,716379.0003005266,719606.9996787178,729749.9999503817,732802.0000004978,741166.9995835519,748846.999948642,757999.0001378064
711382.000006693,712931.0000175234,714275.000084708,715884.9998605984,716379.0003005266,719606.9996787178,725893.9998935158,732802.0000004978,741166.9995835519,752703.0000055078,757999.0001378064
711382.000006693,712931.0000175234,714275.000084708,716379.0003005266,716881.9999683675,719606.9996787178,724896.9997857467,732802.0000004978,741166.9995835519,752703.0000055078,757999.0001378064
710227.0000327392,711382.000006693,716379.0003005266,716881.9999683675,716979.0000694923,719606.9996787178,724896.9997857467,732802.0000004978,741166.9995835519,752703.0000055078,757999.0001378064
711382.000006693,716237.999528273,716379.0003005266,716881.9999683675,716979.0000694923,719606.9996787178,724896.9997857467,732802.0000004978,735156.0000880181,752703.0000055078,757999.0001378064
711382.000006693,714076.9998779444,716379.0003005266,716881.9999683675,716979.0000694923,719606.9996787178,724896.9997857467,732802.0000004978,735156.0000880181,752703.0000055078,760159.999788135
711382.000006693,714076.9998779444,716379.0003005266,716979.0000694923,717193.000033975,719606.9996787178,724585.9997201392,732802.0000004978,735156.0000880181,752703.0000055078,760159.999788135
711382.000006693,714076.9998779444,714385.9998094336,716379.0003005266,716979.0000694923,719606.9996787178,727392.9999446806,732802.0000004978,735156.0000880181,752703.0000055078,760159.999788135
714076.9998779444,714385.9998094336,716211.9999413803,716379.0003005266,716979.0000694923,719606.9996787178,727392.9999446806,727972.0000658105,735156.0000880181,752703.0000055078,760159.999788135
714076.9998779444,714385.9998094336,716211.9999413803,716379.0003005266,716979.0000694923,719606.9996787178,720223.0000502719,727392.9999446806,735156.0000880181,760159.999788135,760452.0000210466
714076.9998779444,714385.9998094336,716211.9999413803,716379.0003005266,719606.9996787178,720223.0000502719,724630.000109049,727392.9999446806,735156.0000880181,752508.9997485783,760452.0000210466
714385.9998094336,716211.9999413803,716379.0003005266,719606.9996787178,720223.0000502719,724630.000109049,727392.9999446806,731188.9996643282,735156.0000880181,735396.9999621945,760452.0000210466
694608.9997884643,714385.9998094336,716379.0003005266,720223.0000502719,724630.000109049,727392.9999446806,731188.9996643282,735156.0000880181,735396.9999621945,741209.9998316339,760452.0000210466
694608.9997884643,714385.9998094336,716379.0003005266,718289.0000502939,720223.0000502719,727392.9999446806,731188.9996643282,735396.9999621945,741209.9998316339,741497.0001467733,760452.0000210466
699578.9997320243,714385.9998094336,716379.0003005266,718289.0000502939,720223.0000502719,727392.9999446806,731188.9996643282,735396.9999621945,736239.9998880739,741497.0001467733,760452.0000210466
699578.9997320243,714385.9998094336,716379.0003005266,718289.0000502939,720223.0000502719,727392.9999446806,731188.9996643282,735396.9999621945,740901.9998906746,741497.0001467733,755790.0000184459
699578.9997320243,714222.9994922937,714385.9998094336,716379.0003005266,720223.0000502719,727392.9999446806,735255.0002223284,735396.9999621945,740901.9998906746,741497.0001467733,755790.0000184459
699578.9997320243,714222.9994922937,714385.9998094336,716379.0003005266,720223.0000502719,720308.9999967819,735255.0002223284,735396.9999621945,740901.9998906746,741497.0001467733,762873.9999663446
699578.9997320243,713523.9998137341,714222.9994922937,716379.0003005266,720223.0000502719,721170.9999924814,735255.0002223284,735396.9999621945,740901.9998906746,741497.0001467733,762873.9999663446
699578.9997320243,713523.9998137341,714222.9994922937,716037.9998897851,716379.0003005266,721170.9999924814,735255.0002223284,735396.9999621945,741497.0001467733,745087.0000511614,762873.9999663446
699578.9997320243,713523.9998137341,714011.9998996162,714222.9994922937,716379.0003005266,721170.9999924814,735255.0002223284,735396.9999621945,741497.0001467733,747113.0000413302,762873.9999663446
713523.9998137341,714011.9998996162,714222.9994922937,716379.0003005266,721170.9999924814,729049.9999283223,733402.9997700466,735255.0002223284,735396.9999621945,741497.0001467733,747113.0000413302
713523.9998137341,714011.9998996162,714222.9994922937,716379.0003005266,721163.9999314151,721170.9999924814,733402.9997700466,735255.0002223284,735396.9999621945,747113.0000413302,749383.0001436805
694667.9999804797,713523.9998137341,714222.9994922937,716379.0003005266,721170.9999924814,733402.9997700466,735255.0002223284,735396.9999621945,740507.9998505516,747113.0000413302,749383.0001436805
694667.9999804797,713523.9998137341,716379.0003005266,721170.9999924814,721708.9999045039,727768.9998101181,733402.9997700466,735396.9999621945,740507.9998505516,747113.0000413302,749383.0001436805
694667.9999804797,715007.9999330518,716379.0003005266,719686.9998731638,721708.9999045039,727768.9998101181,733402.9997700466,735396.9999621945,740507.9998505516,747113.0000413302,749383.0001436805
694667.9999804797,715007.9999330518,719686.9998731638,721708.9999045039,723184.9999306494,726597.0001399238,727768.9998101181,735396.9999621945,740507.9998505516,747113.0000413302,749383.0001436805
692447.999930826,717227.9999827055,719686.9998731638,721708.9999045039,723184.9999306494,726597.0001399238,727768.9998101181,735396.9999621945,740507.9998505516,747113.0000413302,749383.0001436805
692447.999930826,715239.9998629723,721674.9999928969,721708.9999045039,723184.9999306494,726597.0001399238,727768.9998101181,735396.9999621945,740507.9998505516,747113.0000413302,749383.0001436805
692447.999930826,721674.9999928969,721708.9999045039,723184.9999306494,726597.0001399238,727470.9998522123,727768.9998101181,735396.9999621945,737152.0001544405,740507.9998505516,747113.0000413302
692447.999930826,716826.999930474,721674.9999928969,721708.9999045039,726597.0001399238,727470.9998522123,727768.9998101181,735396.9999621945,737152.0001544405,740507.9998505516,753471.0000415057
692447.999930826,716826.999930474,721674.9999928969,721708.9999045039,723637.0000396852,726597.0001399238,727470.9998522123,735396.9999621945,740507.9998505516,741283.9999248735,753471.0000415057
692447.999930826,716826.999930474,719049.9998531285,721674.9999928969,723637.0000396852,726597.0001399238,727470.9998522123,738056.00001357,740507.9998505516,741283.9999248735,753471.0000415057
692447.999930826,719049.9998531285,721674.9999928969,723637.0000396852,726597.0001399238,727470.9998522123,734183.9998677573,736114.0001042224,738056.00001357,740507.9998505516,741283.9999248735
692447.999930826,721674.9999928969,723637.0000396852,726100.999317806,726597.0001399238,727470.9998522123,731005.0005488924,734183.9998677573,736114.0001042224,740507.9998505516,741283.9999248735
692447.999930826,720064.9993680455,721674.9999928969,726597.0001399238,727470.9998522123,729672.9999894457,731005.0005488924,734183.9998677573,736114.0001042224,740507.9998505516,741283.9999248735
692447.999930826,720064.9993680455,721232.9999219005,726597.0001399238,727912.9999232087,729672.9999894457,731005.0005488924,734183.9998677573,736114.0001042224,740507.9998505516,741283.9999248735
700429.000119003,713251.9997337235,720064.9993680455,726597.0001399238,727912.9999232087,729672.9999894457,731005.0005488924,734183.9998677573,736114.0001042224,740507.9998505516,741283.9999248735
700429.000119003,713251.9997337235,718079.9997456245,726597.0001399238,727912.9999232087,729672.9999894457,732990.0001713134,734183.9998677573,736114.0001042224,740507.9998505516,741283.9999248735
700429.000119003,713251.9997337235,713982.9998722118,718079.9997456245,726597.0001399238,727912.9999232087,729672.9999894457,732990.0001713134,734183.9998677573,741283.9999248735,762639.0000825622
700429.000119003,713251.9997337235,713982.9998722118,718079.9997456245,726742.9999403531,727912.9999232087,729672.9999894457,732990.0001713134,734038.000067328,741283.9999248735,762639.0000825622
700429.000119003,713251.9997337235,713982.9998722118,718079.9997456245,721345.9998015581,727912.9999232087,729672.9999894457,732990.0001713134,739435.000206123,741283.9999248735,762639.0000825622
713251.9997337235,713810.9999927715,713982.9998722118,714531.0000494402,718079.9997456245,721345.9998015581,729672.9999894457,732990.0001713134,739435.000206123,741283.9999248735,762639.0000825622
713251.9997337235,713982.9998722118,714265.9999093951,714531.0000494402,718079.9997456245,721345.9998015581,729672.9999894457,732990.0001713134,739435.000206123,741283.9999248735,762184.0001659386
713251.9997337235,714265.9999093951,714531.0000494402,718079.9997456245,721345.9998015581,729672.9999894457,732990.0001713134,734992.000349269,739435.000206123,741174.9996888814,741283.9999248735
713251.9997337235,714265.9999093951,714531.0000494402,721345.9998015581,721700.9997938972,729369.0001230408,729672.9999894457,734992.000349269,739435.000206123,741174.9996888814,741283.9999248735
713251.9997337235,714531.0000494402,716928.0000257632,721345.9998015581,721700.9997938972,729369.0001230408,729672.9999894457,732330.000232901,739435.000206123,741174.9996888814,741283.9999248735
713242.0002853733,713251.9997337235,714531.0000494402,721345.9998015581,721700.9997938972,729369.0001230408,729672.9999894457,736015.9999732908,739435.000206123,741174.9996888814,741283.9999248735
713242.0002853733,713251.9997337235,714531.0000494402,720074.9999330018,721345.9998015581,721700.9997938972,729369.0001230408,739435.000206123,741174.9996888814,741283.9999248735,745614.0000297347
713242.0002853733,713251.9997337235,714494.000711059,714531.0000494402,720074.9999330018,721700.9997938972,729369.0001230408,741174.9996888814,741283.9999248735,745614.0000297347,746286.9992966221
713242.0002853733,713251.9997337235,714531.0000494402,714576.9997705452,720074.9999330018,721700.9997938972,729369.0001230408,741174.9996888814,741283.9999248735,745614.0000297347,746204.0002371359
713242.0002853733,713251.9997337235,714531.0000494402,714576.9997705452,721700.9997938972,728347.9999061165,729369.0001230408,733010.9999517588,741174.9996888814,745614.0000297347,746204.0002371359
713242.0002853733,713251.9997337235,714395.9999444168,714576.9997705452,721700.9997938972,728347.9999061165,729369.0001230408,733010.9999517588,741174.9996888814,745749.0001347582,746204.0002371359
713242.0002853733,713251.9997337235,714395.9999444168,714576.9997705452,720445.0001376814,721700.9997938972,728347.9999061165,729369.0001230408,741174.9996888814,746204.0002371359,758314.9999488356
705775.0000431212,713242.0002853733,713251.9997337235,714576.9997705452,721700.9997938972,728347.9999061165,729066.000038977,729369.0001230408,741174.9996888814,746204.0002371359,758314.9999488356
705775.0000431212,713242.0002853733,713251.9997337235,714576.9997705452,717671.9999380503,721700.9997938972,729066.000038977,729369.0001230408,746204.0002371359,751850.9996569477,758314.9999488356
705775.0000431212,713242.0002853733,713251.9997337235,716938.999741058,717671.9999380503,721700.9997938972,729066.000038977,729369.0001230408,746204.0002371359,749488.9996864349,758314.9999488356
705775.0000431212,713242.0002853733,713251.9997337235,715028.9999215209,717671.9999380503,721700.9997938972,729066.000038977,729369.0001230408,748114.000056673,749488.9996864349,758314.9999488356
695314.0002080264,713242.0002853733,715028.9999215209,717671.9999380503,721700.9997938972,723712.9995688183,729066.000038977,729369.0001230408,748114.000056673,749488.9996864349,758314.9999488356
695314.0002080264,713242.0002853733,715028.9999215209,717671.9999380503,718491.9996771718,723712.9995688183,729066.000038977,732578.0002397661,748114.000056673,749488.9996864349,758314.9999488356
695314.0002080264,710819.9998997399,713242.0002853733,715028.9999215209,723712.9995688183,725343.9997154822,729066.000038977,732578.0002397661,748114.000056673,749488.9996864349,758314.9999488356
695314.0002080264,710819.9998997399,713242.0002853733,715028.9999215209,723712.9995688183,729066.000038977,729163.0000155063,732578.0002397661,748114.000056673,749488.9996864349,754495.9996488115
695314.0002080264,710819.9998997399,715028.9999215209,723712.9995688183,727013.999797049,729066.000038977,729163.0000155063,732578.0002397661,735717.0001747593,748114.000056673,754495.9996488115
695314.0002080264,710819.9998997399,715028.9999215209,723712.9995688183,726975.0001290074,729066.000038977,729163.0000155063,732578.0002397661,735755.9998428009,748114.000056673,754495.9996488115
695314.0002080264,706547.00007657,715028.9999215209,723712.9995688183,726975.0001290074,729066.000038977,732578.0002397661,733435.9998386762,735755.9998428009,748114.000056673,754495.9996488115
695314.0002080264,715028.9999215209,716254.000053279,717268.0001522984,723712.9995688183,729066.000038977,732578.0002397661,733435.9998386762,735755.9998428009,748114.000056673,754495.9996488115
695314.0002080264,715028.9999215209,716254.000053279,723712.9995688183,729066.000038977,729911.000138428,732578.0002397661,733435.9998386762,735471.0000705434,735755.9998428009,754495.9996488115
695314.0002080264,715028.9999215209,716254.000053279,726353.9995424345,726425.0000653608,729911.000138428,732578.0002397661,733435.9998386762,735471.0000705434,735755.9998428009,754495.9996488115
695314.0002080264,715028.9999215209,716254.000053279,718132.999792444,726353.9995424345,729911.000138428,732578.0002397661,733435.9998386762,735471.0000705434,744048.0001157176,754495.9996488115
695314.0002080264,715028.9999215209,716254.000053279,718132.999792444,724931.9993379713,726353.9995424345,729911.000138428,735471.0000705434,741082.000740471,744048.0001157176,754495.9996488115
695314.0002080264,715028.9999215209,716254.000053279,718132.999792444,724931.9993379713,729855.9998415038,729911.000138428,735471.0000705434,740545.9998166484,741082.000740471,754495.9996488115
695314.0002080264,712852.9999388845,715028.9999215209,716254.000053279,718132.999792444,729855.9998415038,729911.000138428,735471.0000705434,740545.9998166484,753161.0001395578,754495.9996488115
695314.0002080264,712852.9999388845,713203.0000134446,715028.9999215209,716254.000053279,729855.9998415038,729911.000138428,740400.999849543,740545.9998166484,753161.0001395578,754495.9996488115
695314.0002080264,712852.9999388845,713203.0000134446,714175.0000629246,715028.9999215209,729855.9998415038,729911.000138428,740545.9998166484,742479.9998398974,753161.0001395578,754495.9996488115
695314.0002080264,712852.9999388845,713203.0000134446,714175.0000629246,715028.9999215209,729768.0001354816,729998.9998444502,740545.9998166484,742479.9998398974,753161.0001395578,754495.9996488115
712852.9999388845,713203.0000134446,714175.0000629246,715028.9999215209,716617.999801917,719242.0002227578,729768.0001354816,729998.9998444502,742479.9998398974,753161.0001395578,754495.9996488115
712627.0005193071,712852.9999388845,713203.0000134446,714175.0000629246,716617.999801917,719242.0002227578,729998.9998444502,732169.9995376954,742479.9998398974,753161.0001395578,754495.9996488115
712852.9999388845,713203.0000134446,714175.0000629246,716617.999801917,717705.9999665745,719242.0002227578,727091.000090428,729998.9998444502,742479.9998398974,753161.0001395578,754495.9996488115
712852.9999388845,713203.0000134446,714175.0000629246,716459.000067432,716617.999801917,717705.9999665745,727091.000090428,732781.9999997758,742479.9998398974,753161.0001395578,754495.9996488115
712852.9999388845,713203.0000134469,714175.0000629246,716459.0000674296,716617.999801917,717705.9999665745,727091.000090428,732781.9999997758,742479.9998398974,753161.0001395578,754495.9996488115
711520.9998469723,712852.9999388845,713203.0000134469,714175.0000629246,717705.9999665745,721556.0000223743,727091.000090428,732781.9999997758,742479.9998398974,753161.0001395578,754495.9996488115
711520.9998469723,712852.9999388845,713203.0000134469,717705.9999665745,721464.9996984716,721556.0000223743,727091.000090428,732781.9999997758,742479.9998398974,747206.0000132645,753161.0001395578
711520.9998469723,712852.9999388845,713203.0000134469,717705.9999665745,721464.9996984716,721556.0000223743,727091.000090428,737256.9997243142,738005.000115359,747206.0000132645,753161.0001395578
711520.9998469723,712852.9999388845,713203.0000134469,713472.0001897567,717705.9999665745,721464.9996984716,727091.000090428,737256.9997243142,746088.9999479766,747206.0000132645,753161.0001395578
712852.9999388845,713203.0000134469,713472.0001897567,717705.9999665745,721464.9996984716,725554.0000376047,727091.000090428,732055.9997573441,737256.9997243142,747206.0000132645,753161.0001395578
712852.9999388845,713472.0001897567,717705.9999665745,721464.9996984716,723837.9999939842,725554.0000376047,726621.9997437769,727091.000090428,732055.9997573441,747206.0000132645,753161.0001395578
712852.9999388845,717705.9999665745,719731.0002292073,721464.9996984716,723837.9999939842,725554.0000376047,725796.9997178935,726621.9997437769,727091.000090428,747206.0000132645,753161.0001395578
712852.9999388845,713568.9997146879,717705.9999665745,719731.0002292073,723837.9999939842,725554.0000376047,725796.9997178935,726621.9997437769,727091.000090428,753161.0001395578,755101.9999970482
712852.9999388845,713568.9997146879,717705.9999665745,723837.9999939842,725554.0000376047,725796.9997178935,726621.9997437769,727091.000090428,732302.0001519253,742531.0000743303,753161.0001395578
712852.9999388845,713568.9997146879,717705.9999665745,725554.0000376047,725796.9997178935,726621.9997437769,726634.000143187,727091.000090428,729506.0000027225,742531.0000743303,753161.0001395578
712852.9999388845,713568.9997146879,714486.0000440694,717705.9999665745,725554.0000376047,725796.9997178935,726634.000143187,727091.000090428,741641.99970243,742531.0000743303,753161.0001395578
712852.9999388845,713568.9997146879,717705.9999665745,720792.0000379668,725554.0000376047,725796.9997178935,726634.000143187,727091.000090428,735335.9997085326,742531.0000743303,753161.0001395578
712852.9999388845,713568.9997146879,716115.0000328557,717705.9999665745,725554.0000376047,725796.9997178935,727091.000090428,731311.0001482981,735335.9997085326,742531.0000743303,753161.0001395578
713568.9997146879,716115.0000328557,717705.9999665745,721889.0000452506,722275.000041932,725554.0000376047,725796.9997178935,727091.000090428,735335.9997085326,742531.0000743303,753161.0001395578
713568.9997146879,716115.0000328557,717705.9999665745,721889.0000452506,722275.000041932,725554.0000376047,725796.9997178935,727091.000090428,735603.9999734481,742262.9998094146,753161.0001395578
713568.9997146879,716115.0000328557,717705.9999665745,721889.0000452506,725554.0000376047,725796.9997178935,727091.000090428,730360.9998700704,735603.9999734481,742262.9998094146,745075.0003114194
702359.9998009979,716115.0000328557,717705.9999665745,725554.0000376047,725796.9997178935,727091.000090428,730360.9998700704,733097.9999589407,735603.9999734481,742262.9998094146,745075.0003114194
702359.9998009979,716115.0000328557,717705.9999665745,724772.9997715941,726577.9999839042,727091.000090428,730360.9998700704,733097.9999589407,735603.9999734481,742262.9998094146,745075.0003114194
702359.9998009979,716115.0000328557,717705.9999665745,724772.9997715941,726577.9999839042,727091.000090428,730360.9998700704,730976.9998249802,733097.9999589407,745075.0003114194,746889.9999578826
702359.9998009979,712082.9999553991,716115.0000328557,717705.9999665745,727091.000090428,730360.9998700704,730976.9998249802,733097.9999589407,739267.9998000992,745075.0003114194,746889.9999578826
702359.9998009979,712082.9999553991,716115.0000328557,717705.9999665745,718892.0003768358,727091.000090428,730976.9998249802,733097.9999589407,739267.9998000992,746889.9999578826,756543.9998046539
702359.9998009979,712082.9999553991,714970.999726959,716115.0000328557,717705.9999665745,718892.0003768358,733097.9999589407,739267.9998000992,743097.0001884492,746889.9999578826,756543.9998046539
702359.9998009979,712082.9999553991,714970.999726959,716115.0000328557,717705.9999665745,718892.0003768358,720323.0000628718,739267.9998000992,743097.0001884492,756543.9998046539,759664.9998539514
702359.9998009979,712082.9999553991,713693.0001197751,714970.999726959,717705.9999665745,718892.0003768358,720323.0000628718,739267.9998000992,745519.0001015298,756543.9998046539,759664.9998539514
702359.9998009979,712082.9999553991,713693.0001197751,714970.999726959,716502.9998841211,717705.9999665745,718892.0003768358,739267.9998000992,745519.0001015298,756543.9998046539,763485.000032702
702359.9998009979,713693.0001197751,714970.999726959,716502.9998841211,717705.9999665745,718892.0003768358,722866.9998814979,728483.9998740003,745519.0001015298,756543.9998046539,763485.000032702
713693.0001197751,714970.999726959,716502.9998841211,717705.9999665745,718892.0003768358,722866.9998814979,728483.9998740003,728687.999908512,730215.9996971398,745519.0001015298,763485.000032702
714970.999726959,716502.9998841211,717705.9999665745,718892.0003768358,722866.9998814979,725516.0002531153,728483.9998740003,728687.999908512,730215.9996971398,733695.9999681895,763485.000032702
714970.999726959,716502.9998841211,717705.9999665745,718892.0003768358,722866.9998814979,725516.0002531153,728687.999908512,730215.9996971398,730279.0000678914,733695.9999681895,761689.9998388109
714970.999726959,716502.9998841211,717705.9999665745,718892.0003768358,722866.9998814979,722964.000040689,728687.999908512,730215.9996971398,730279.0000678914,736248.0001806158,761689.9998388109
714970.999726959,716502.9998841211,717705.9999665745,718541.9996980778,718892.0003768358,722866.9998814979,728687.999908512,730279.0000678914,734638.0000397511,736248.0001806158,761689.9998388109
714970.999726959,716502.9998841211,717705.9999665745,718541.9996980778,719862.0002730745,722866.9998814979,727718.0000122734,730279.0000678914,734638.0000397511,736248.0001806158,761689.9998388109
714970.999726959,716502.9998841211,717705.9999665745,719862.0002730745,722866.9998814979,725919.9997037585,727718.0000122734,728870.0001749351,730279.0000678914,734638.0000397511,761689.9998388109
713630.0001332364,714970.999726959,716502.9998841211,717705.9999665745,719862.0002730745,722866.9998814979,727718.0000122734,728870.0001749351,734638.0000397511,742568.9996384135,761689.9998388109
713630.0001332364,716502.9998841211,717674.9998426068,717705.9999665745,719862.0002730745,722866.9998814979,726166.0000592873,727718.0000122734,734638.0000397511,742568.9996384135,761689.9998388109
713630.0001332364,714324.9998970615,717674.9998426068,717705.9999665745,719862.0002730745,722866.9998814979,726166.0000592873,729895.999999333,734638.0000397511,742568.9996384135,761689.9998388109
713630.0001332364,714324.9998970615,716348.0001664093,717674.9998426068,717705.9999665745,722866.9998814979,726166.0000592873,733410.0001059982,734638.0000397511,742568.9996384135,761689.9998388109
713529.99982994,713630.0001332364,714324.9998970615,716348.0001664093,717705.9999665745,722866.9998814979,730311.0000719541,733410.0001059982,734638.0000397511,742568.9996384135,761689.9998388109
713090.9999736794,713529.99982994,714864.0000566185,716348.0001664093,717705.9999665745,722866.9998814979,730311.0000719541,733410.0001059982,734638.0000397511,742568.9996384135,761689.9998388109
713529.99982994,714864.0000566185,716348.0001664093,716685.9993417773,717705.9999665745,722866.9998814979,730311.0000719541,733410.0001059982,734638.0000397511,738974.0002703157,761689.9998388109
713529.99982994,714864.0000566185,716348.0001664093,717705.9999665745,722866.9998814979,725547.9994609432,730112.0001511498,730311.0000719541,733410.0001059982,734638.0000397511,761689.9998388109
713529.99982994,714864.0000566185,717705.9999665745,720501.000194173,722866.9998814979,725547.9994609432,729257.0000782346,730112.0001511498,730311.0000719541,734638.0000397511,761689.9998388109
713529.99982994,714864.0000566185,716997.9995631987,717705.9999665745,720501.000194173,722866.9998814979,729257.0000782346,730311.0000719541,734638.0000397511,738662.0000488943,761689.9998388109
713529.99982994,716997.9995631987,717705.9999665745,720501.000194173,722866.9998814979,723445.9999293262,729257.0000782346,730311.0000719541,734638.0000397511,738662.0000488943,753107.9999661031
713529.99982994,716997.9995631987,717705.9999665745,720501.000194173,722866.9998814979,723445.9999293262,724610.0000308049,729257.0000782346,730311.0000719541,748690.0000578405,753107.9999661031
713529.99982994,716997.9995631987,717705.9999665745,720501.000194173,723445.9999293262,724610.0000308049,729257.0000782346,730311.0000719541,731536.0000798844,744438.9997677166,748690.0000578405
713529.99982994,716997.9995631987,717705.9999665745,720501.000194173,723269.0000017236,724610.0000308049,729257.0000782346,730311.0000719541,731713.000007487,744438.9997677166,748690.0000578405
713529.99982994,716997.9995631987,717705.9999665745,720501.000194173,723269.0000017236,724610.0000308049,729257.0000782346,730311.0000719541,731713.000007487,744438.9997677166,748690.0000578405
713444.9998971419,716997.9995631987,717705.9999665745,720501.000194173,723269.0000017236,724694.999963603,729257.0000782346,730311.0000719541,731713.000007487,744438.9997677166,748690.0000578405
713444.9998971419,715393.9999186835,716997.9995631987,717705.9999665745,720501.000194173,724694.999963603,729257.0000782346,730311.0000719541,731713.000007487,748690.0000578405,752313.9998507567
713006.999898976,715393.9999186835,716997.9995631987,717705.9999665745,720501.000194173,724694.999963603,729257.0000782346,730311.0000719541,731713.000007487,749128.0000560065,752313.9998507567
713006.999898976,715393.9999186835,715739.9998695618,717705.9999665745,721758.9998878099,724694.999963603,729257.0000782346,730311.0000719541,731713.000007487,749128.0000560065,752313.9998507567
713006.999898976,715393.9999186835,715739.9998695618,720383.0002724151,721758.9998878099,724694.999963603,727633.9997661135,729257.0000782346,731713.000007487,749128.0000560065,752313.9998507567
713006.999898976,715393.9999186835,715739.9998695618,720383.0002724151,721758.9998878099,724694.999963603,727633.9997661135,729257.0000782346,731104.0000490843,749737.0000144092,752313.9998507567
714354.9996301915,715393.9999186835,715739.9998695618,720383.0002724151,721758.9998878099,723347.0002323875,727633.9997661135,729257.0000782346,731104.0000490843,749737.0000144092,752313.9998507567
714354.9996301915,715393.9999186835,715739.9998695618,720383.0002724151,721758.9998878099,723347.0002323875,727633.9997661135,729257.0000782346,737063.0000394123,743778.0000240812,752313.9998507567
714354.9996301915,715393.9999186835,719757.9999832918,720383.0002724151,721758.9998878099,723347.0002323875,727633.9997661135,729257.0000782346,733044.9999256822,743778.0000240812,752313.9998507567
714354.9996301915,715393.9999186835,716563.9999125951,719757.9999832918,721758.9998878099,723347.0002323875,727633.9997661135,729257.0000782346,733044.9999256822,743778.0000240812,756133.0002105767
714354.9996301915,715393.9999186835,716563.9999125951,718578.0000430978,719757.9999832918,723347.0002323875,727633.9997661135,732437.9999229467,733044.9999256822,743778.0000240812,756133.0002105767
714354.9996301915,715393.9999186835,716563.9999125951,717414.0003180067,718578.0000430978,719757.9999832918,727633.9997661135,732437.9999229467,733044.9999256822,743778.0000240812,762066.0001249574
708299.000064341,714354.9996301915,717414.0003180067,718578.0000430978,719757.9999832918,723658.9997669377,727633.9997661135,732437.9999229467,733044.9999256822,743778.0000240812,762066.0001249574
708299.000064341,714354.9996301915,717414.0003180067,719757.9999832918,722897.0001980208,723658.9997669377,727633.9997661135,728725.9997707591,732437.9999229467,743778.0000240812,762066.0001249574
706075.0001674003,714354.9996301915,717414.0003180067,719757.9999832918,722897.0001980208,725882.9996638783,727633.9997661135,728725.9997707591,732437.9999229467,743778.0000240812,762066.0001249574
703760.9997632062,706075.0001674003,714354.9996301915,719757.9999832918,722897.0001980208,725882.9996638783,728725.9997707591,732437.9999229467,741287.000320914,743778.0000240812,762066.0001249574
703760.9997632062,712737.000171989,714354.9996301915,719757.9999832918,722897.0001980208,725882.9996638783,728725.9997707591,732437.9999229467,737116.0000194926,741287.000320914,762066.0001249574
703760.9997632062,712737.000171989,712996.0000069679,714354.9996301915,719757.9999832918,725882.9996638783,728725.9997707591,737116.0000194926,741287.000320914,742339.0001139996,762066.0001249574
703760.9997632062,712737.000171989,712996.0000069679,714354.9996301915,719757.9999832918,722220.9999769465,728725.9997707591,740777.9997064244,741287.000320914,742339.0001139996,762066.0001249574
703760.9997632062,712737.000171989,712996.0000069679,714354.9996301915,719757.9999832918,728189.000159814,728725.9997707591,740777.9997064244,741287.000320914,742339.0001139996,756097.9999420899
703760.9997632062,712737.000171989,712996.0000069679,714354.9996301915,719757.9999832918,724402.0000184695,728725.9997707591,740777.9997064244,741287.000320914,742339.0001139996,759885.0000834344
703760.9997632062,712737.000171989,712996.0000069679,713218.0001206589,714354.9996301915,719757.9999832918,724402.0000184695,740777.9997064244,741287.000320914,757846.9997640997,759885.0000834344
703760.9997632062,712737.000171989,713218.0001206589,714354.9996301915,719757.9999832918,724402.0000184695,730489.0001019589,740353.9996691088,740777.9997064244,741287.000320914,759885.0000834344
703760.9997632062,712737.000171989,713218.0001206589,714354.9996301915,719757.9999832918,724402.0000184695,726129.9999886128,740777.9997064244,741287.000320914,744712.9997824548,759885.0000834344
703760.9997632062,712737.000171989,713218.0001206589,714354.9996301915,714562.999686478,719757.9999832918,726129.9999886128,741287.000320914,744712.9997824548,750617.0000384159,759885.0000834344
703760.9997632062,712737.000171989,713218.0001206589,714562.999686478,717621.9996946219,719757.9999832918,726129.9999886128,741287.000320914,744712.9997824548,750617.0000384159,756618.000019004
703760.9997632062,707755.0001826842,713218.0001206589,714562.999686478,717621.9996946219,724739.9999725966,726129.9999886128,741287.000320914,744712.9997824548,750617.0000384159,756618.000019004
703760.9997632062,707755.0001826842,713218.0001206589,717621.9996946219,724739.9999725966,726129.9999886128,732490.0000201493,732689.9997047447,741287.000320914,744712.9997824548,756618.000019004
703760.9997632062,713218.0001206589,717621.9996946219,719482.0000674387,720763.0001353947,724739.9999725966,726129.9999886128,732689.9997047447,741287.000320914,744712.9997824548,756618.000019004
703760.9997632062,713218.0001206589,714751.9997441863,719482.0000674387,720763.0001353947,724739.9999725966,726129.9999886128,732689.9997047447,744157.0002713496,744712.9997824548,756618.000019004
699833.9998550744,703760.9997632062,713218.0001206589,719482.0000674387,724739.9999725966,726129.9999886128,732689.9997047447,735681.0000245066,744157.0002713496,744712.9997824548,756618.000019004
699833.9998550744,703760.9997632062,713218.0001206589,723475.9999408972,724739.9999725966,726129.9999886128,728695.9998312861,735681.0000245066,744157.0002713496,744712.9997824548,756618.000019004
703760.9997632062,713218.0001206589,723475.9999408972,724739.9999725966,725204.9997353703,726129.9999886128,728695.9998312861,731247.0001387082,735681.0000245066,744157.0002713496,744712.9997824548
703760.9997632062,713218.0001206589,715935.9999351788,723475.9999408972,724739.9999725966,725204.9997353703,728695.9998312861,731247.0001387082,735681.0000245066,744157.0002713496,754906.9998358889
703760.9997632062,713218.0001206589,715935.9999351788,718228.0001987829,724739.9999725966,725204.9997353703,728695.9998312861,731247.0001387082,740928.9997666209,744157.0002713496,754906.9998358889
703760.9997632062,713218.0001206589,715935.9999351788,718228.0001987829,724739.9999725966,725204.9997353703,728695.9998312861,732383.0002653779,740928.9997666209,743021.0001446798,754906.9998358889
703760.9997632062,713218.0001206589,714095.9998457711,715935.9999351788,718228.0001987829,724739.9999725966,725204.9997353703,732383.0002653779,743021.0001446798,754906.9998358889,755528.999752136
703760.9997632062,713218.0001206589,715935.9999351788,718228.0001987829,724739.9999725966,725204.9997353703,729587.9996893157,732383.0002653779,740036.9999085914,743021.0001446798,754906.9998358889
702889.9999189686,703760.9997632062,718228.0001987829,724739.9999725966,725204.9997353703,726264.000136869,729587.9996893157,732383.0002653779,740036.9999085914,743021.0001446798,754906.9998358889
702889.9999189686,703760.9997632062,717188.0001464784,718228.0001987829,724739.9999725966,726264.000136869,729587.9996893157,732383.0002653779,740036.9999085914,751037.9997335717,754906.9998358889
702889.9999189686,703760.9997632062,713170.0002355139,717188.0001464784,724739.9999725966,726264.000136869,729587.9996893157,732383.0002653779,740036.9999085914,754906.9998358889,756095.9996968406
702889.9999189686,703760.9997632062,717188.0001464784,718297.999937507,719612.0002706036,726264.000136869,729587.9996893157,732383.0002653779,740036.9999085914,754906.9998358889,756095.9996968406
702889.9999189686,703760.9997632062,718297.999937507,719612.0002706036,721720.9994266081,726264.000136869,729587.9996893157,732383.0002653779,740036.9999085914,751563.000416711,754906.9998358889
702889.9999189686,703760.9997632062,718297.999937507,719612.0002706036,725449.0000263769,726264.000136869,729587.9996893157,732383.0002653779,740036.9999085914,747834.999816942,754906.9998358889
702889.9999189686,703760.9997632062,713483.999885225,718297.999937507,719612.0002706036,725449.0000263769,726264.000136869,732383.0002653779,747834.999816942,754906.9998358889,756140.9997126821
702889.9999189686,713483.999885225,717168.0000884193,718297.999937507,718975.9999401649,719612.0002706036,725449.0000263769,726264.000136869,747834.999816942,754906.9998358889,756140.9997126821
702889.9999189686,713483.999885225,717168.0000884193,718297.999937507,719612.0002706036,725449.0000263769,726264.000136869,728222.9997326427,738588.0000244642,754906.9998358889,756140.9997126821
711404.0000358518,713483.999885225,717168.0000884193,717750.0000199858,718297.999937507,719612.0002706036,725449.0000263769,728222.9997326427,738588.0000244642,754906.9998358889,756140.9997126821
711404.0000358518,713483.999885225,717168.0000884193,717750.0000199858,718297.999937507,718626.0001352682,725449.0000263769,728222.9997326427,738588.0000244642,754906.9998358889,757126.9998480175
711404.0000358518,713483.999885225,717168.0000884193,717599.0000314314,717750.0000199858,718297.999937507,718626.0001352682,736072.9997275881,738588.0000244642,754906.9998358889,757126.9998480175
711404.0000358518,713483.999885225,717168.0000884193,717599.0000314314,717750.0000199858,718626.0001352682,734046.9999678683,736072.9997275881,738588.0000244642,739157.9998055275,757126.9998480175
711404.0000358518,713483.999885225,717168.0000884193,717599.0000314314,717750.0000199858,718626.0001352682,720042.000174967,736072.9997275881,738588.0000244642,753162.9995984288,757126.9998480175
701713.9996384968,713483.999885225,717168.0000884193,717599.0000314314,718626.0001352682,720042.000174967,727440.0004173409,736072.9997275881,738588.0000244642,753162.9995984288,757126.9998480175
701713.9996384968,713483.999885225,717599.0000314314,718626.0001352682,720042.000174967,722191.0002044339,727440.0004173409,733564.9999084496,736072.9997275881,753162.9995984288,757126.9998480175
703827.9999992629,713483.999885225,717599.0000314314,717927.9998142009,718626.0001352682,722191.0002044339,727440.0004173409,733564.9999084496,736072.9997275881,753162.9995984288,757126.9998480175
703827.9999992629,713483.999885225,715174.9999904431,717927.9998142009,718626.0001352682,722191.0002044339,727440.0004173409,733564.9999084496,738496.9997685765,753162.9995984288,757126.9998480175
699951.9998425709,713483.999885225,715174.9999904431,718626.0001352682,721803.9999708929,722191.0002044339,727440.0004173409,733564.9999084496,738496.9997685765,753162.9995984288,757126.9998480175
699951.9998425709,713483.999885225,715174.9999904431,718626.0001352682,721803.9999708929,725304.0005025049,727440.0004173409,730451.9996103786,738496.9997685765,753162.9995984288,757126.9998480175
699951.9998425709,713483.999885225,715174.9999904431,718626.0001352682,721803.9999708929,721964.999612579,725304.0005025049,730451.9996103786,738496.9997685765,757126.9998480175,758638.0004031907
699951.9998425709,713483.999885225,713492.0004860322,715174.9999904431,721803.9999708929,721964.999612579,730438.0001517409,730451.9996103786,738496.9997685765,757126.9998480175,758638.0004031907
699951.9998425709,713483.999885225,713492.0004860322,715174.9999904431,716588.9997167956,727179.9998666763,730438.0001517409,730451.9996103786,738496.9997685765,757126.9998480175,758638.0004031907
713483.999885225,713492.0004860322,714084.0004857711,715174.9999904431,716588.9997167956,727179.9998666763,730438.0001517409,730451.9996103786,738496.9997685765,744505.9997599905,757126.9998480175
713483.999885225,713492.0004860322,714084.0004857711,715174.9999904431,716435.9996878701,727332.9998956018,730438.0001517409,730451.9996103786,738496.9997685765,744505.9997599905,757126.9998480175
713398.9997974375,713492.0004860322,714084.0004857711,715174.9999904431,716435.9996878701,727332.9998956018,730438.0001517409,730451.9996103786,738496.9997685765,744505.9997599905,757211.999935805
713398.9997974375,714084.0004857711,715174.9999904431,716435.9996878701,716624.0003997049,727332.9998956018,730438.0001517409,730451.9996103786,735364.9998549038,744505.9997599905,757211.999935805
713398.9997974375,714084.0004857711,715174.9999904431,716435.9996878701,716624.0003997049,727332.9998956018,730451.9996103786,735364.9998549038,736785.0000592198,744505.9997599905,750865.000028326
713398.9997974375,715174.9999904431,716041.999978227,716435.9996878701,716624.0003997049,725375.0004031459,730451.9996103786,735364.9998549038,736785.0000592198,744505.9997599905,750865.000028326
715174.9999904431,716041.999978227,716435.9996878701,716624.0003997049,723928.0000733978,725375.0004031459,730451.9996103786,735364.9998549038,736785.0000592198,740335.9997523656,744505.9997599905
715050.9999615027,716041.999978227,716435.9996878701,716624.0003997049,723928.0000733978,725375.0004031459,730451.9996103786,735488.9998838442,736785.0000592198,740335.9997523656,744505.9997599905
716041.999978227,716435.9996878701,716624.0003997049,716875.9999382987,723928.0000733978,725375.0004031459,730451.9996103786,733663.9999070482,736785.0000592198,740335.9997523656,744505.9997599905
716041.999978227,716435.9996878701,716624.0003997049,716875.9999382987,723928.0000733978,730451.9996103786,730970.9999391508,733663.9999070482,736785.0000592198,738910.0002239856,740335.9997523656
714117.9997606889,716041.999978227,716435.9996878701,716624.0003997049,716875.9999382987,723928.0000733978,730451.9996103786,730970.9999391508,733663.9999070482,738910.0002239856,763003.0000508965
709192.0000465689,714117.9997606889,716041.999978227,716624.0003997049,716875.9999382987,730451.9996103786,730970.9999391508,731171.999714699,733663.9999070482,738910.0002239856,763003.0000508965
709192.0000465689,714117.9997606889,716041.999978227,716624.0003997049,716875.9999382987,718143.9999951293,730451.9996103786,730970.9999391508,733663.9999070482,751937.9999435553,763003.0000508965
714117.9997606889,715905.9999366499,716041.999978227,716624.0003997049,716875.9999382987,718143.9999951293,730451.9996103786,730970.9999391508,733663.9999070482,745224.0000534743,763003.0000508965
714117.9997606889,715905.9999366499,716041.999978227,716624.0003997049,716875.9999382987,721040.9998646952,728074.0000695848,730451.9996103786,733663.9999070482,745224.0000534743,763003.0000508965
714019.9999523861,714117.9997606889,715905.9999366499,716041.999978227,716624.0003997049,721040.9998646952,728074.0000695848,730451.9996103786,736519.9998929608,745224.0000534743,763003.0000508965
714019.9999523861,714117.9997606889,715905.9999366499,716041.999978227,721040.9998646952,722317.9997572147,724758.000252869,728074.0000695848,736519.9998929608,745224.0000534743,763003.0000508965
714117.9997606889,714914.9999311272,715010.9999579089,716041.999978227,721040.9998646952,722317.9997572147,724758.000252869,728074.0000695848,736519.9998929608,745224.0000534743,763003.0000508965
692468.999882271,714117.9997606889,716041.999978227,721040.9998646952,722317.9997572147,724758.000252869,728074.0000695848,736519.9998929608,737457.000006765,745224.0000534743,763003.0000508965
704845.0002603986,714117.9997606889,716041.999978227,721040.9998646952,722317.9997572147,724758.000252869,728074.0000695848,732847.9996753468,736519.9998929608,737457.000006765,763003.0000508965
704845.0002603986,716041.999978227,721040.9998646952,722317.9997572147,724758.000252869,728074.0000695848,732847.9996753468,733493.0000609799,736519.9998929608,737457.000006765,743627.9997506056
704845.0002603986,716041.999978227,721040.9998646952,721905.0002496156,725170.999760468,728074.0000695848,732847.9996753468,733493.0000609799,736519.9998929608,737457.000006765,743627.9997506056
704845.0002603986,716041.999978227,721040.9998646952,721905.0002496156,725170.999760468,728074.0000695848,732847.9996753468,736519.9998929608,737457.000006765,738130.9998350926,738989.9999764928
704845.0002603986,716041.999978227,721905.0002496156,725170.999760468,726472.9997273753,727415.9998126667,728074.0000695848,736519.9998929608,737457.000006765,738130.9998350926,738989.9999764928
704845.0002603986,714910.999949106,716041.999978227,721905.0002496156,725170.999760468,726472.9997273753,727415.9998126667,728074.0000695848,738130.9998350926,738989.9999764928,759065.9999506198
704845.0002603986,714910.999949106,715824.9999416065,716041.999978227,721905.0002496156,725170.999760468,726472.9997273753,738130.9998350926,738989.9999764928,739664.999940645,759065.9999506198
704845.0002603986,714910.999949106,716041.999978227,721905.0002496156,725170.999760468,725814.999504378,726472.9997273753,729675.0003778735,738130.9998350926,738989.9999764928,759065.9999506198
704845.0002603986,714910.999949106,716041.999978227,721905.0002496156,725170.999760468,725356.0003808109,726472.9997273753,730133.9995014406,738130.9998350926,738989.9999764928,759065.9999506198
704845.0002603986,713218.9997896808,714910.999949106,716041.999978227,721905.0002496156,725170.999760468,726472.9997273753,738130.9998350926,738989.9999764928,742271.0000925707,759065.9999506198
704845.0002603986,713218.9997896808,714910.999949106,716041.999978227,724015.0001975565,725170.999760468,726472.9997273753,738130.9998350926,738989.9999764928,742271.0000925707,756956.000002679
704845.0002603986,710816.9998321917,713218.9997896808,716041.999978227,724015.0001975565,725170.999760468,730566.9998442896,738130.9998350926,738989.9999764928,742271.0000925707,756956.000002679
704845.0002603986,710816.9998321917,713218.9997896808,717441.9999016806,724015.0001975565,725170.999760468,729166.999920836,738130.9998350926,738989.9999764928,742271.0000925707,756956.000002679
704845.0002603986,710816.9998321917,713218.9997896808,717441.9999016806,723241.0001438261,725944.9998141984,729166.999920836,738130.9998350926,738989.9999764928,742271.0000925707,756956.000002679
704845.0002603986,710816.9998321917,713218.9997896808,714615.9998989585,723241.0001438261,725944.9998141984,729166.999920836,738130.9998350926,738989.9999764928,742271.0000925707,759782.0000054011
704845.0002603986,710816.9998321917,713218.9997896808,714615.9998989585,721776.0004154551,727409.9995425694,729166.999920836,738130.9998350926,738989.9999764928,742271.0000925707,759782.0000054011
710816.9998321917,712983.0002913324,713218.9997896808,714615.9998989585,721776.0004154551,727409.9995425694,729166.999920836,730851.9999455591,738130.9998350926,742271.0000925707,759782.0000054011
701031.9995567157,710816.9998321917,712983.0002913324,714615.9998989585,721776.0004154551,727409.9995425694,730851.9999455591,738130.9998350926,741354.000153801,742271.0000925707,759782.0000054011
701031.9995567157,710816.9998321917,712983.0002913324,714615.9998989585,720425.9999772654,721776.0004154551,727409.9995425694,730851.9999455591,738130.9998350926,759782.0000054011,763199.0002691064
701031.9995567157,710816.9998321917,712983.0002913324,714615.9998989585,715295.9998897347,720425.9999772654,721776.0004154551,727409.9995425694,753686.999890917,759782.0000054011,763199.0002691064
694729.9998182907,710816.9998321917,712983.0002913324,714615.9998989585,715295.9998897347,721776.0004154551,726727.9997156904,727409.9995425694,753686.999890917,759782.0000054011,763199.0002691064
694729.9998182907,712983.0002913324,714615.9998989585,715295.9998897347,721776.0004154551,722156.9999044924,726727.9997156904,727409.9995425694,742346.9998186163,759782.0000054011,763199.0002691064
694729.9998182907,712983.0002913324,714615.9998989585,715295.9998897347,719502.999833861,721776.0004154551,726727.9997156904,727409.9995425694,745000.9998892477,759782.0000054011,763199.0002691064
694729.9998182907,712983.0002913324,714615.9998989585,715295.9998897347,719537.0002605577,721776.0004154551,726727.9997156904,727409.9995425694,745000.9998892477,759747.9995787044,763199.0002691064
694729.9998182907,712983.0002913324,714615.9998989585,715295.9998897347,718589.0002020096,721776.0004154551,726727.9997156904,727409.9995425694,745000.9998892477,760695.9996372525,763199.0002691064
694729.9998182907,712983.0002913324,713732.0002971683,714615.9998989585,715295.9998897347,718589.0002020096,726727.9997156904,735453.9996608563,745000.9998892477,760695.9996372525,763199.0002691064
694729.9998182907,712983.0002913324,713732.0002971683,714615.9998989585,718589.0002020096,726727.9997156904,728575.999987887,731720.9997910955,735453.9996608563,760695.9996372525,763199.0002691064
694729.9998182907,709188.9999683523,712983.0002913324,713732.0002971683,724016.0001326158,726727.9997156904,728575.999987887,731720.9997910955,735453.9996608563,760695.9996372525,763199.0002691064
694729.9998182907,709188.9999683523,712983.0002913324,713732.0002971683,714086.9996634425,726727.9997156904,728575.999987887,731720.9997910955,745383.0001300296,760695.9996372525,763199.0002691064
694729.9998182907,709188.9999683523,713732.0002971683,714086.9996634425,717451.9998784582,726727.9997156904,728575.999987887,731720.9997910955,745383.0001300296,756227.0000501267,763199.0002691064
694729.9998182907,713732.0002971683,714086.9996634425,714406.0000266088,717451.9998784582,726727.9997156904,728575.999987887,731720.9997910955,740166.0000717731,756227.0000501267,763199.0002691064
694729.9998182907,714086.9996634425,714406.0000266088,717451.9998784582,720435.0004045772,721872.999880478,726727.9997156904,731720.9997910955,740166.0000717731,756227.0000501267,763199.0002691064
694729.9998182907,713552.9998479034,714086.9996634425,714406.0000266088,717451.9998784582,720435.0004045772,726727.9997156904,740040.9998236701,740166.0000717731,756227.0000501267,763199.0002691064
694729.9998182907,714086.9996634425,714406.0000266088,717451.9998784582,720435.0004045772,723082.9998203013,726727.9997156904,730510.9998512722,740166.0000717731,756227.0000501267,763199.0002691064
694729.9998182907,700985.9999759363,714086.9996634425,717451.9998784582,720435.0004045772,723082.9998203013,730510.9998512722,740147.999766363,740166.0000717731,756227.0000501267,763199.0002691064
694729.9998182907,700985.9999759363,714086.9996634425,720435.0004045772,721766.9998836116,723082.9998203013,730510.9998512722,735851.0000666196,740147.999766363,756227.0000501267,763199.0002691064
694729.9998182907,700985.9999759363,714086.9996634425,720435.0004045772,723082.9998203013,724142.9998266172,730510.9998512722,735851.0000666196,740147.999766363,753851.0001071211,763199.0002691064
700985.9999759363,714086.9996634425,714535.9995714704,720342.0000131832,720435.0004045772,723082.9998203013,724142.9998266172,730510.9998512722,735851.0000666196,753851.0001071211,763199.0002691064
700985.9999759363,714086.9996634425,714535.9995714704,720342.0000131832,720435.0004045772,723082.9998203013,724142.9998266172,729870.0000780189,736491.9998398729,753851.0001071211,763199.0002691064
700985.9999759363,714086.9996634425,714535.9995714704,720342.0000131832,720435.0004045772,721960.0000198305,723082.9998203013,729870.0000780189,738674.9996466596,753851.0001071211,763199.0002691064
703011.9999619686,714086.9996634425,714535.9995714704,719934.0000337982,720342.0000131832,720435.0004045772,723082.9998203013,729870.0000780189,738674.9996466596,753851.0001071211,763199.0002691064
703011.9999619686,714086.9996634425,719934.0000337982,720342.0000131832,720435.0004045772,723082.9998203013,729870.0000780189,734240.000201949,738674.9996466596,743494.9996386277,753851.0001071211
714086.9996634425,719934.0000337982,720342.0000131832,720435.0004045772,723082.9998203013,727890.9999856642,728972.0000834255,729870.0000780189,734240.000201949,738674.9996466596,743494.9996386277
714086.9996634425,719934.0000337982,720342.0000131832,720435.0004045772,721557.0001535716,727890.9999856642,728972.0000834255,731395.9997447486,734240.000201949,738674.9996466596,743494.9996386277
714086.9996634425,719934.0000337982,720342.0000131832,720435.0004045772,721557.0001535716,727890.9999856642,728460.9996933978,728972.0000834255,731395.9997447486,738674.9996466596,749274.000147179
714086.9996634425,719934.0000337982,720342.0000131832,720435.0004045772,721557.0001535716,727890.9999856642,728972.0000834255,731395.9997447486,733942.9995399881,738674.9996466596,743792.0003005887
713580.9997580192,714086.9996634425,719934.0000337982,720342.0000131832,720435.0004045772,727890.9999856642,728972.0000834255,731395.9997447486,733942.9995399881,743792.0003005887,746651.000042212
704609.0006247421,714086.9996634425,719934.0000337982,720342.0000131832,727890.9999856642,728972.0000834255,729406.9995378543,731395.9997447486,733942.9995399881,743792.0003005887,746651.000042212
704609.0006247421,714086.9996634425,719934.0000337982,720342.0000131832,720502.9996036581,728972.0000834255,729406.9995378543,731395.9997447486,741330.9999219942,743792.0003005887,746651.000042212
704609.0006247421,712948.0000289691,714086.9996634425,719934.0000337982,720342.0000131832,720502.9996036581,729406.9995378543,731395.9997447486,741330.9999219942,743792.0003005887,762675.0000966684
704609.0006247421,714086.9996634425,716044.0000199912,719934.0000337982,720342.0000131832,720502.9996036581,729406.9995378543,731395.9997447486,741330.9999219942,743792.0003005887,759579.0001056463
714086.9996634425,714803.9996787804,716044.0000199912,719212.000483816,719934.0000337982,720342.0000131832,720502.9996036581,731395.9997447486,741330.9999219942,743792.0003005887,759579.0001056463
713184.000118518,714086.9996634425,714803.9996787804,719212.000483816,719934.0000337982,720342.0000131832,720502.9996036581,731395.9997447486,741330.9999219942,743792.0003005887,762439.0000071195
713184.000118518,714086.9996634425,714803.9996787804,719212.000483816,719392.9999908707,719934.0000337982,720502.9996036581,731395.9997447486,741330.9999219942,744741.0003229012,762439.0000071195
714086.9996634425,714803.9996787804,719212.000483816,719392.9999908707,719934.0000337982,720502.9996036581,724048.9999999562,731395.9997447486,741330.9999219942,744741.0003229012,751574.0001256813
714086.9996634425,714803.9996787804,714878.9998784867,719212.000483816,719934.0000337982,724048.9999999562,725016.9997160421,731395.9997447486,741330.9999219942,744741.0003229012,751574.0001256813
714086.9996634425,714803.9996787804,719212.000483816,719934.0000337982,723003.0003325467,724048.9999999562,725016.9997160421,731395.9997447486,736616.9998688411,741330.9999219942,751574.0001256813
714086.9996634425,714474.9997556186,714803.9996787804,719212.000483816,723003.0003325467,724048.9999999562,725016.9997160421,731395.9997447486,736616.9998688411,746790.0002001737,751574.0001256813
714086.9996634425,714803.9996787804,715071.0000178922,719212.000483816,723003.0003325467,724048.9999999562,725016.9997160421,731395.9997447486,736616.9998688411,746193.9999379001,751574.0001256813
706443.0001584215,714086.9996634425,715071.0000178922,723003.0003325467,724048.9999999562,725016.9997160421,727573.000004175,731395.9997447486,736616.9998688411,746193.9999379001,751574.0001256813
714077.0003236867,714086.9996634425,715071.0000178922,719938.9998389097,723003.0003325467,724048.9999999562,725016.9997160421,731395.9997447486,736616.9998688411,746193.9999379001,751574.0001256813
714077.0003236867,714086.9996634425,714531.9997309658,719938.9998389097,723003.0003325467,724048.9999999562,725016.9997160421,731395.9997447486,737156.0001557675,746193.9999379001,751574.0001256813
714077.0003236867,714086.9996634425,714531.9997309658,719938.9998389097,722345.9999397395,723003.0003325467,725016.9997160421,733098.9998049653,737156.0001557675,746193.9999379001,751574.0001256813
714077.0003236867,714086.9996634425,714531.9997309658,722345.9999397395,723003.0003325467,725016.9997160421,727255.9998101009,733098.9998049653,737156.0001557675,738876.999966709,751574.0001256813
713914.999754521,714077.0003236867,714086.9996634425,714531.9997309658,723003.0003325467,725016.9997160421,727255.9998101009,737156.0001557675,738876.999966709,741529.9999901839,751574.0001256813
713710.9998182036,713914.999754521,714077.0003236867,714086.9996634425,714531.9997309658,727255.9998101009,734309.0002303851,737156.0001557675,738876.999966709,741529.9999901839,751574.0001256813
713710.9998182036,713914.999754521,714077.0003236867,714086.9996634425,714531.9997309658,727255.9998101009,727978.0002114087,734309.0002303851,737156.0001557675,741529.9999901839,762472.9998809815
713710.9998182036,713914.999754521,714077.0003236867,714086.9996634425,719412.9998396568,727255.9998101009,727978.0002114087,732275.0000470766,734309.0002303851,741529.9999901839,762472.9998809815
713710.9998182036,713914.999754521,714086.9996634425,719412.9998396568,727255.9998101009,727978.0002114087,732275.0000470766,734309.0002303851,737829.0003672861,738720.9998373821,741529.9999901839
713710.9998182036,713914.999754521,714086.9996634425,718256.9998557149,719412.9998396568,727978.0002114087,734309.0002303851,737829.0003672861,738720.9998373821,741274.0000014626,741529.9999901839
713710.9998182036,713914.999754521,714086.9996634425,716778.9998692883,720890.9998260833,727978.0002114087,734309.0002303851,737829.0003672861,738720.9998373821,741274.0000014626,741529.9999901839
713710.9998182036,713914.999754521,714086.9996634425,714317.9999962891,720890.9998260833,730439.0000844079,734309.0002303851,737829.0003672861,738720.9998373821,741274.0000014626,741529.9999901839
699116.9997545436,713710.9998182036,713914.999754521,714086.9996634425,730439.0000844079,734309.0002303851,736092.0000678288,737829.0003672861,738720.9998373821,741274.0000014626,741529.9999901839
699116.9997545436,713710.9998182036,713914.999754521,714086.9996634425,722461.9999525535,730439.0000844079,734309.0002303851,736092.0000678288,741274.0000014626,741529.9999901839,754088.0002521147
699116.9997545436,713710.9998182036,713914.999754521,714086.9996634425,729204.0001834867,730439.0000844079,734309.0002303851,734531.9997705295,736092.0000678288,741529.9999901839,754088.0002521147
699116.9997545436,713710.9998182036,713914.999754521,714086.9996634425,725420.0000084282,730439.0000844079,734309.0002303851,736092.0000678288,738315.9999455878,741529.9999901839,754088.0002521147
699116.9997545436,713149.9998605688,713914.999754521,714086.9996634425,725420.0000084282,730439.0000844079,734309.0002303851,736653.0000254636,738315.9999455878,741529.9999901839,754088.0002521147
699116.9997545436,713149.9998605688,713914.999754521,714086.9996634425,725420.0000084282,731931.0000946373,734309.0002303851,736653.0000254636,736823.9999353584,741529.9999901839,754088.0002521147
699116.9997545436,713149.9998605688,713914.999754521,714086.9996634425,725420.0000084282,731931.0000946373,732990.0005101154,734309.0002303851,736653.0000254636,741529.9999901839,757921.9996773577
694853.9999617359,713914.999754521,714086.9996634425,717412.9996533765,725420.0000084282,731931.0000946373,732990.0005101154,734309.0002303851,736653.0000254636,741529.9999901839,757921.9996773577
713491.000148027,713914.999754521,714086.9996634425,715672.000044094,717412.9996533765,725420.0000084282,731931.0000946373,732990.0005101154,736653.0000254636,741529.9999901839,757921.9996773577
713491.000148027,713914.999754521,714086.9996634425,715672.000044094,717412.9996533765,729047.9996219658,731931.0000946373,732990.0005101154,736653.0000254636,741529.9999901839,754294.0000638202
713491.000148027,713914.999754521,714086.9996634425,715672.000044094,717412.9996533765,729044.0000724078,729047.9996219658,732990.0005101154,739540.0000476933,741529.9999901839,754294.0000638202
713491.000148027,713914.999754521,714086.9996634425,714556.0000027723,715672.000044094,717412.9996533765,729047.9996219658,732990.0005101154,741529.9999901839,754028.0001173287,754294.0000638202
713491.000148027,713914.999754521,714086.9996634425,714556.0000027723,715672.000044094,717412.9996533765,729047.9996219658,740749.0000003342,741529.9999901839,746269.0006271099,754294.0000638202
701966.9997896776,713914.999754521,714086.9996634425,714556.0000027723,715672.000044094,728937.000011726,729047.9996219658,740749.0000003342,741529.9999901839,746269.0006271099,754294.0000638202
701966.9997896776,713914.999754521,714086.9996634425,715672.000044094,726313.999993522,728937.000011726,728991.0000095846,729047.9996219658,741529.9999901839,746269.0006271099,754294.0000638202
701966.9997896776,713914.999754521,714086.9996634425,715409.0000952308,715672.000044094,726313.999993522,729047.9996219658,741529.9999901839,742518.9999260799,746269.0006271099,754294.0000638202
701966.9997896776,713914.999754521,714086.9996634425,714686.9995481012,715409.0000952308,715672.000044094,726313.999993522,741529.9999901839,742518.9999260799,754294.0000638202,760630.0007009745
701966.9997896776,714086.9996634425,714686.9995481012,715409.0000952308,715672.000044094,718997.999921255,726313.999993522,736446.9998234498,742518.9999260799,754294.0000638202,760630.0007009745
701966.9997896776,714086.9996634425,714686.9995481012,715409.0000952308,715672.000044094,718997.999921255,732300.999912022,736446.9998234498,736532.0000075798,754294.0000638202,760630.0007009745
701749.0001839697,714086.9996634425,714686.9995481012,715626.9997009386,715672.000044094,718997.999921255,732300.999912022,736446.9998234498,736532.0000075798,754294.0000638202,760630.0007009745
701749.0001839697,714086.9996634425,714686.9995481012,715626.9997009386,715672.000044094,722742.9999743932,732300.999912022,732786.9999544417,736446.9998234498,754294.0000638202,760630.0007009745
701749.0001839697,714086.9996634425,714686.9995481012,715626.9997009386,715672.000044094,732300.999912022,732786.9999544417,736446.9998234498,740793.000638619,742580.0000367487,754294.0000638202
701749.0001839697,710455.9996456248,714086.9996634425,714686.9995481012,720843.000099408,732300.999912022,732786.9999544417,736446.9998234498,740793.000638619,742580.0000367487,754294.0000638202
701749.0001839697,714086.9996634425,714686.9995481012,716544.9999600144,720843.000099408,726211.9995976324,732786.9999544417,736446.9998234498,740793.000638619,742580.0000367487,754294.0000638202
701749.0001839697,714086.9996634425,714686.9995481012,716544.9999600144,723104.9993673274,723950.000329713,732786.9999544417,736446.9998234498,740793.000638619,742580.0000367487,754294.0000638202
705097.0000007179,713197.0001432662,714086.9996634425,714686.9995481012,723104.9993673274,723950.000329713,732786.9999544417,736446.9998234498,740793.000638619,742580.0000367487,754294.0000638202
705097.0000007179,710561.0002559437,713197.0001432662,714086.9996634425,714686.9995481012,732786.9999544417,736446.9998234498,736493.9994410967,740793.000638619,742580.0000367487,754294.0000638202
693524.0001575359,710561.0002559437,714086.9996634425,714686.9995481012,724769.9999864482,732786.9999544417,736446.9998234498,736493.9994410967,740793.000638619,742580.0000367487,754294.0000638202
693524.0001575359,710561.0002559437,713316.0001194319,714686.9995481012,724769.9999864482,732786.9999544417,736446.9998234498,736493.9994410967,741564.0001826296,742580.0000367487,754294.0000638202
693524.0001575359,710561.0002559437,713316.0001194319,718824.9996619392,724769.9999864482,732786.9999544417,736446.9998234498,736493.9994410967,741564.0001826296,742580.0000367487,750155.9999499822
693524.0001575359,710561.0002559437,713316.0001194319,718824.9996619392,722643.9999960103,732786.9999544417,736446.9998234498,738619.9994315346,741564.0001826296,742580.0000367487,750155.9999499822
693524.0001575359,710561.0002559437,713316.0001194319,718824.9996619392,722643.9999960103,723877.9998656653,738619.9994315346,741564.0001826296,742580.0000367487,745355.9999122261,750155.9999499822
693524.0001575359,710561.0002559437,713316.0001194319,718824.9996619392,722643.9999960103,723877.9998656653,724641.9999478561,738619.9994315346,741564.0001826296,750155.9999499822,763294.0000011188
693524.0001575359,710561.0002559437,713316.0001194319,716574.9998688145,718824.9996619392,722643.9999960103,731944.9999447069,738619.9994315346,741564.0001826296,750155.9999499822,763294.0000011188
710561.0002559437,713316.0001194319,713916.9998574485,716574.9998688145,718226.9997316219,718824.9996619392,722643.9999960103,731944.9999447069,741564.0001826296,750155.9999499822,763294.0000011188
701478.9997841213,713316.0001194319,716574.9998688145,718226.9997316219,718824.9996619392,722643.9999960103,722999.000329271,731944.9999447069,741564.0001826296,750155.9999499822,763294.0000011188
701478.9997841213,713316.0001194319,714155.0000618751,716574.9998688145,718226.9997316219,722643.9999960103,722999.000329271,731944.9999447069,741564.0001826296,754825.9995500463,763294.0000011188
692178.9997918468,713316.0001194319,714155.0000618751,716574.9998688145,722643.9999960103,722999.000329271,727526.9997238964,731944.9999447069,741564.0001826296,754825.9995500463,763294.0000011188
696165.9999479264,713316.0001194319,714155.0000618751,716574.9998688145,719012.0001731914,722643.9999960103,727526.9997238964,731944.9999447069,741564.0001826296,754825.9995500463,763294.0000011188
696165.9999479264,713316.0001194319,716574.9998688145,719012.0001731914,722643.9999960103,726800.0000733419,727526.9997238964,728919.0001711628,731944.9999447069,754825.9995500463,763294.0000011188
696165.9999479264,713316.0001194319,716574.9998688145,719012.0001731914,722643.9999960103,726800.0000733419,727526.9997238964,731944.9999447069,736004.9999465882,747739.9997746209,763294.0000011188
696165.9999479264,713316.0001194319,716060.0001161026,716574.9998688145,719012.0001731914,722643.9999960103,727526.9997238964,736004.9999465882,742684.9999019462,747739.9997746209,763294.0000011188
696165.9999479264,713316.0001194319,716060.0001161026,716574.9998688145,718836.999943888,719012.0001731914,727526.9997238964,739811.9999987105,742684.9999019462,747739.9997746209,763294.0000011188
696165.9999479264,713316.0001194319,716060.0001161026,716574.9998688145,718327.000046033,718836.999943888,728211.9998510549,739811.9999987105,742684.9999019462,747739.9997746209,763294.0000011188
696165.9999479264,713316.0001194319,716060.0001161026,716574.9998688145,718327.000046033,722694.9998919243,728211.9998510549,735954.0000506742,742684.9999019462,747739.9997746209,763294.0000011188
696165.9999479264,697690.9999076497,716060.0001161026,716574.9998688145,718327.000046033,728211.9998510549,735954.0000506742,738320.0001037065,742684.9999019462,747739.9997746209,763294.0000011188
696165.9999479264,716060.0001161026,716574.9998688145,717210.999883118,718327.000046033,718800.0001282382,728211.9998510549,735954.0000506742,742684.9999019462,747739.9997746209,763294.0000011188
696165.9999479264,713380.9998547052,716060.0001161026,717210.999883118,718327.000046033,718800.0001282382,728211.9998510549,735954.0000506742,745878.9999160555,747739.9997746209,763294.0000011188
708411.9998547038,713380.9998547052,716060.0001161026,717210.999883118,718327.000046033,718800.0001282382,723708.0001438968,728211.9998510549,745878.9999160555,747739.9997746209,763294.0000011188
710494.0003130459,713380.9998547052,716060.0001161026,717210.999883118,718327.000046033,718800.0001282382,721625.9996855546,728211.9998510549,745878.9999160555,747739.9997746209,763294.0000011188
710494.0003130459,713380.9998547052,717210.999883118,718327.000046033,718800.0001282382,720237.000028442,721625.9996855546,728211.9998510549,741702.0000037161,747739.9997746209,763294.0000011188
710494.0003130459,713380.9998547052,717210.999883118,718327.000046033,718800.0001282382,720508.0001415637,721625.9996855546,728211.9998510549,741430.9998905944,747739.9997746209,763294.0000011188
710494.0003130459,713380.9998547052,714136.9996435547,718327.000046033,720508.0001415637,721625.9996855546,721874.0003678015,728211.9998510549,741430.9998905944,747739.9997746209,763294.0000011188
710494.0003130459,713216.999780784,713380.9998547052,718327.000046033,720508.0001415637,721625.9996855546,721874.0003678015,728211.9998510549,741430.9998905944,748659.9996373915,763294.0000011188
703847.9999783819,713216.999780784,713380.9998547052,718327.000046033,720508.0001415637,721874.0003678015,728211.9998510549,728272.0000202187,741430.9998905944,748659.9996373915,763294.0000011188
703847.9999783819,713333.9997800057,713380.9998547052,718327.000046033,720391.0001423421,721874.0003678015,728211.9998510549,728272.0000202187,741430.9998905944,748659.9996373915,763294.0000011188
711445.0000317368,713333.9997800057,713380.9998547052,718327.000046033,720391.0001423421,721874.0003678015,728211.9998510549,728272.0000202187,733833.9998372395,748659.9996373915,763294.0000011188
711445.0000317368,713333.9997800057,713380.9998547052,718327.000046033,721874.0003678015,728031.9998180195,728211.9998510549,728272.0000202187,733833.9998372395,741018.9999617141,763294.0000011188
699365.0000428507,713333.9997800057,718327.000046033,721874.0003678015,725460.9998435912,728031.9998180195,728211.9998510549,728272.0000202187,733833.9998372395,741018.9999617141,763294.0000011188
699365.0000428507,718327.000046033,719337.9996850196,721874.0003678015,722027.9999130055,725460.9998435912,728211.9998510549,728272.0000202187,733833.9998372395,741018.9999617141,763294.0000011188
699365.0000428507,716280.9999986927,718327.000046033,722027.9999130055,724931.0000541285,725460.9998435912,728211.9998510549,728272.0000202187,733833.9998372395,741018.9999617141,763294.0000011188
699365.0000428507,713897.9999189386,718327.000046033,722027.9999130055,724931.0000541285,725460.9998435912,728211.9998510549,728272.0000202187,736216.9999169935,741018.9999617141,763294.0000011188
713897.9999189386,718327.000046033,722027.9999130055,724816.9999241702,724931.0000541285,725460.9998435912,728211.9998510549,728272.0000202187,736216.9999169935,737842.0001197993,741018.9999617141
713897.9999189386,716549.999953465,718327.000046033,724816.9999241702,725460.9998435912,728211.9998510549,728272.0000202187,730409.000013669,736216.9999169935,737842.0001197993,741018.9999617141
713897.9999189386,716549.999953465,718327.000046033,724816.9999241702,725460.9998435912,728211.9998510549,728272.0000202187,729718.0002642861,736907.9996663765,737842.0001197993,741018.9999617141
713897.9999189386,714549.9999678498,716549.999953465,718327.000046033,725460.9998435912,728211.9998510549,728272.0000202187,729718.0002642861,736907.9996663765,741018.9999617141,748109.0000761197
714549.9999678498,716549.999953465,718327.000046033,719179.9999217645,725460.9998435912,728211.9998510549,728272.0000202187,729718.0002642861,736907.9996663765,741018.9999617141,742827.0000732938
714549.9999678498,716549.999953465,718327.000046033,719179.9999217645,725393.9998756226,725460.9998435912,729718.0002642861,731089.999995651,736907.9996663765,741018.9999617141,742827.0000732938
712413.000079598,714549.9999678498,718327.000046033,719179.9999217645,725393.9998756226,725460.9998435912,731089.999995651,733855.000138153,736907.9996663765,741018.9999617141,742827.0000732938
712413.000079598,713939.9999210639,714549.9999678498,718327.000046033,725460.9998435912,730633.9998763232,731089.999995651,733855.000138153,736907.9996663765,741018.9999617141,742827.0000732938
712413.000079598,713939.9999210639,718327.000046033,722301.000069795,725460.9998435912,730633.9998763232,731089.999995651,733855.000138153,735075.9999713488,736907.9996663765,741018.9999617141
712413.000079598,713939.9999210639,718327.000046033,719661.9997636427,725460.9998435912,730633.9998763232,731089.999995651,733855.000138153,735075.9999713488,739546.9999725288,741018.9999617141
707545.0001478978,713939.9999210639,718327.000046033,719661.9997636427,725460.9998435912,730633.9998763232,731089.999995651,735075.9999713488,738723.0000698532,739546.9999725288,741018.9999617141
707545.0001478978,713018.9998274015,713939.9999210639,718327.000046033,719661.9997636427,725460.9998435912,730633.9998763232,731089.999995651,738723.0000698532,741018.9999617141,761604.0001164761
707545.0001478978,713018.9998274015,716660.9997489076,716940.9999357989,718327.000046033,725460.9998435912,730633.9998763232,731089.999995651,738723.0000698532,741018.9999617141,761604.0001164761
707545.0001478978,712590.9999378503,716660.9997489076,717368.9998253501,718327.000046033,725460.9998435912,730633.9998763232,731089.999995651,738723.0000698532,741018.9999617141,761604.0001164761
712590.9999378503,716660.9997489076,717368.9998253501,718327.000046033,721229.0000993044,725039.0001184465,725460.9998435912,730633.9998763232,731089.999995651,741018.9999617141,761604.0001164761
712590.9999378503,716660.9997489076,717368.9998253501,718327.000046033,721229.0000993044,725039.0001184465,725460.9998435912,728562.9999011103,733160.9999708638,741018.9999617141,761604.0001164761
712590.9999378503,716660.9997489076,717695.9999077679,718327.000046033,721229.0000993044,725039.0001184465,725460.9998435912,728562.9999011103,733160.9999708638,741018.9999617141,761277.0000340582
715621.0000473958,716660.9997489076,717695.9999077679,718327.000046033,721229.0000993044,725039.0001184465,725460.9998435912,728562.9999011103,733160.9999708638,741018.9999617141,758246.9999245127
715621.0000473958,716660.9997489076,717695.9999077679,718327.000046033,721229.0000993044,725039.0001184465,725460.9998435912,728562.9999011103,738252.9999788306,741018.9999617141,753154.9999165459
706036.9997803533,717695.9999077679,718327.000046033,721229.0000993044,725039.0001184465,725460.9998435912,726245.0000159502,728562.9999011103,738252.9999788306,741018.9999617141,753154.9999165459
706036.9997803533,714591.9998096593,717695.9999077679,718327.000046033,721229.0000993044,725039.0001184465,728562.9999011103,737114.0000498821,738252.9999788306,741018.9999617141,753154.9999165459
706036.9997803533,714591.9998096593,715875.99991321,718327.000046033,721229.0000993044,725039.0001184465,728562.9999011103,737114.0000498821,738252.9999788306,741018.9999617141,754974.9999111037
706036.9997803533,714591.9998096593,717706.9999512689,718327.000046033,721229.0000993044,725039.0001184465,728562.9999011103,735283.0000118233,738252.9999788306,741018.9999617141,754974.9999111037
706036.9997803533,712603.9999884508,714591.9998096593,718327.000046033,721229.0000993044,725039.0001184465,728562.9999011103,738252.9999788306,740385.9999746414,741018.9999617141,754974.9999111037
705269.0003606207,706036.9997803533,712603.9999884508,714591.9998096593,718327.000046033,728562.9999011103,738252.9999788306,740385.9999746414,740998.9998571302,741018.9999617141,754974.9999111037
705269.0003606207,712603.9999884508,714591.9998096593,718327.000046033,725485.9999054875,728562.9999011103,735525.9997859695,738252.9999788306,740385.9999746414,740998.9998571302,741018.9999617141
705269.0003606207,712603.9999884508,714591.9998096593,718239.9997535032,718327.000046033,728562.9999011103,735525.9997859695,740385.9999746414,740998.9998571302,741018.9999617141,745499.0001308148
705269.0003606207,712603.9999884508,713325.999859084,714591.9998096593,723240.9999404522,728562.9999011103,735525.9997859695,740385.9999746414,740998.9998571302,741018.9999617141,745499.0001308148
712603.9999884508,713325.999859084,714591.9998096593,722383.9998077599,723240.9999404522,723884.000409991,728562.9999011103,735525.9997859695,740385.9999746414,741018.9999617141,745499.0001308148
712603.9999884508,713325.999859084,714591.9998096593,722268.999752561,722383.9998077599,723240.9999404522,723884.000409991,728562.9999011103,741018.9999617141,745499.0001308148,753643.0000080499
713325.999859084,714591.9998096593,721660.0000674286,722268.999752561,722383.9998077599,723240.9999404522,723884.000409991,728562.9999011103,741018.9999617141,744586.9999290721,745499.0001308148
713325.999859084,714591.9998096593,717457.999971916,722268.999752561,722383.9998077599,723240.9999404522,723884.000409991,728562.9999011103,741018.9999617141,744586.9999290721,749701.0002263275
713325.999859084,714591.9998096593,717457.999971916,721752.9997211578,722383.9998077599,723240.9999404522,723884.000409991,728562.9999011103,741534.9999931173,744586.9999290721,749701.0002263275
713325.999859084,714591.9998096593,717457.999971916,720071.0001108865,721752.9997211578,723240.9999404522,726197.0001068644,728562.9999011103,741534.9999931173,744586.9999290721,749701.0002263275
710598.9999723893,714591.9998096593,717457.999971916,720071.0001108865,721752.9997211578,723240.9999404522,726197.0001068644,731289.9997878049,741534.9999931173,744586.9999290721,749701.0002263275
710598.9999723893,717457.999971916,720071.0001108865,720272.9999514265,721752.9997211578,723240.9999404522,726197.0001068644,731289.9997878049,738905.9997873049,741534.9999931173,749701.0002263275
708568.9998969397,710598.9999723893,720071.0001108865,721752.9997211578,723240.9999404522,726197.0001068644,729162.0000264028,731289.9997878049,738905.9997873049,741534.9999931173,749701.0002263275
708568.9998969397,710598.9999723893,715427.0001517584,720071.0001108865,723240.9999404522,726197.0001068644,729162.0000264028,731289.9997878049,738905.9997873049,741534.9999931173,756026.9997957268
708568.9998969397,710598.9999723893,715427.0001517584,720071.0001108865,723240.9999404522,729162.0000264028,731289.9997878049,738905.9997873049,740250.9996780166,741534.9999931173,741973.0002245746
708110.0001747868,708568.9998969397,710598.9999723893,720071.0001108865,729162.0000264028,730557.9999174238,731289.9997878049,738905.9997873049,740250.9996780166,741534.9999931173,741973.0002245746
708110.0001747868,708568.9998969397,714243.9998545125,720071.0001108865,727644.9999056817,729162.0000264028,730557.9999174238,738905.9997873049,740250.9996780166,741534.9999931173,741973.0002245746
708110.0001747868,708568.9998969397,714243.9998545125,720071.0001108865,723108.999583484,729162.0000264028,735094.0002396215,738905.9997873049,740250.9996780166,741534.9999931173,741973.0002245746
708110.0001747868,708568.9998969397,714243.9998545125,720071.0001108865,727345.9997424231,729162.0000264028,730857.0000806825,738905.9997873049,740250.9996780166,741534.9999931173,741973.0002245746
708110.0001747868,708568.9998969397,713266.9997325256,720071.0001108865,728322.9998644099,729162.0000264028,730857.0000806825,738905.9997873049,740250.9996780166,741534.9999931173,741973.0002245746
708110.0001747868,708568.9998969397,714943.0001505364,720071.0001108865,728322.9998644099,729162.0000264028,729180.9996626716,738905.9997873049,740250.9996780166,741534.9999931173,741973.0002245746
708110.0001747868,708568.9998969397,714943.0001505364,720071.0001108865,728322.9998644099,729162.0000264028,729180.9996626716,732395.0002367748,738905.9997873049,740250.9996780166,751112.9999809171
705953.9999296889,708110.0001747868,714943.0001505364,720071.0001108865,728322.9998644099,729180.9996626716,731776.9999936535,732395.0002367748,738905.9997873049,740250.9996780166,751112.9999809171
705953.9999296889,708110.0001747868,714943.0001505364,720071.0001108865,728322.9998644099,729180.9996626716,729664.999780566,731776.9999936535,738905.9997873049,740250.9996780166,753843.0004371259
705953.9999296889,708207.0000574926,714846.0002678306,720071.0001108865,728322.9998644099,729180.9996626716,729664.999780566,731776.9999936535,738905.9997873049,740250.9996780166,753843.0004371259
705953.9999296889,708207.0000574926,714846.0002678306,716351.0001090972,728322.9998644099,729180.9996626716,729664.999780566,731776.9999936535,738905.9997873049,743970.999679806,753843.0004371259
705953.9999296889,708207.0000574926,714846.0002678306,726602.9994978626,728322.9998644099,729180.9996626716,729664.999780566,731776.9999936535,733719.0002910405,738905.9997873049,753843.0004371259
705953.9999296889,708207.0000574926,714846.0002678306,726602.9994978626,728322.9998644099,729180.9996626716,729664.999780566,731606.0004999482,731776.9999936535,738905.9997873049,755956.0002282183
704791.999945427,708207.0000574926,714846.0002678306,726602.9994978626,728322.9998644099,729180.9996626716,729664.999780566,731606.0004999482,732938.9999779155,738905.9997873049,755956.0002282183
704791.999945427,708207.0000574926,714846.0002678306,725646.0002914348,728322.9998644099,729180.9996626716,729664.999780566,732562.9997063761,732938.9999779155,738905.9997873049,755956.0002282183
708207.0000574926,713191.9999707022,714846.0002678306,724538.9999526402,725646.0002914348,728322.9998644099,729180.9996626716,729664.999780566,732562.9997063761,738905.9997873049,755956.0002282183
703529.0000339744,713191.9999707022,714846.0002678306,724538.9999526402,725646.0002914348,728322.9998644099,729664.999780566,732562.9997063761,733858.9996861898,738905.9997873049,755956.0002282183
703529.0000339744,714846.0002678306,716506.9994894771,724538.9999526402,725646.0002914348,728322.9998644099,729664.999780566,732562.9997063761,733858.9996861898,735591.00026853,755956.0002282183
700961.0002627888,716506.9994894771,717414.0000390161,724538.9999526402,725646.0002914348,728322.9998644099,729664.999780566,732562.9997063761,733858.9996861898,735591.00026853,755956.0002282183
705664.0000439828,716506.9994894771,717414.0000390161,723620.000083216,724538.9999526402,725646.0002914348,729664.999780566,732562.9997063761,733858.9996861898,735591.00026853,755956.0002282183
705664.0000439828,717414.0000390161,723620.000083216,724538.9999526402,725291.9998116796,725646.0002914348,726805.9999463275,729664.999780566,732562.9997063761,733858.9996861898,755956.0002282183
705937.0001025398,717140.999980459,723620.000083216,724538.9999526402,725291.9998116796,725646.0002914348,726805.9999463275,729664.999780566,732562.9997063761,733858.9996861898,755956.0002282183
705937.0001025398,717140.999980459,721030.9997535533,723620.000083216,724538.9999526402,725291.9998116796,726805.9999463275,729664.999780566,733858.9996861898,737178.0002442576,755956.0002282183
705937.0001025398,718476.0001772062,721030.9997535533,722284.9998864688,724538.9999526402,725291.9998116796,726805.9999463275,729664.999780566,733858.9996861898,737178.0002442576,755956.0002282183
705937.0001025398,718476.0001772062,721030.9997535533,722284.9998864688,725291.9998116796,725465.9998998859,725878.9999990818,729664.999780566,733858.9996861898,737178.0002442576,755956.0002282183
705937.0001025398,718476.0001772062,722284.9998864688,724771.9996553777,725291.9998116796,725465.9998998859,725878.9999990818,725923.9998787416,733858.9996861898,737178.0002442576,755956.0002282183
706040.9996994263,718476.0001772062,722284.9998864688,724771.9996553777,725188.000214793,725465.9998998859,725878.9999990818,725923.9998787416,733858.9996861898,737178.0002442576,755956.0002282183
706040.9996994263,718476.0001772062,722284.9998864688,724771.9996553777,725465.9998998859,725791.0000324186,725878.9999990818,725923.9998787416,733255.9998685641,737178.0002442576,755956.0002282183
706040.9996994263,718150.9999648172,718476.0001772062,722284.9998864688,724771.9996553777,725465.9998998859,725791.0000324186,725878.9999990818,733255.9998685641,737178.0002442576,763729.0001421426
692400.9999469732,718150.9999648172,718476.0001772062,722284.9998864688,724771.9996553777,725465.9998998859,725791.0000324186,733255.9998685641,737178.0002442576,739518.999751535,763729.0001421426
695224.000096791,718150.9999648172,718476.0001772062,722284.9998864688,722642.9997500681,724771.9996553777,725791.0000324186,733255.9998685641,737178.0002442576,739518.999751535,763729.0001421426
695224.000096791,718150.9999648172,718476.0001772062,722284.9998864688,722642.9997500681,724771.9996553777,731228.9998257839,733255.9998685641,734080.9999581698,737178.0002442576,763729.0001421426
695224.000096791,718150.9999648172,718476.0001772062,722284.9998864688,722642.9997500681,730494.9996012936,731228.9998257839,733255.9998685641,734080.9999581698,737178.0002442576,758006.0001962268
695224.000096791,715962.0000458811,718476.0001772062,722284.9998864688,722642.9997500681,730494.9996012936,731228.9998257839,733255.9998685641,734080.9999581698,737178.0002442576,760195.0001151629
695224.000096791,715962.0000458811,718091.9998775821,718476.0001772062,722642.9997500681,730494.9996012936,731228.9998257839,734080.9999581698,737178.0002442576,737448.9998774508,760195.0001151629
694277.0000371452,715962.0000458811,718091.9998775821,718476.0001772062,723589.9998097138,730494.9996012936,731228.9998257839,734080.9999581698,737178.0002442576,737448.9998774508,760195.0001151629
694277.0000371452,715962.0000458811,718476.0001772062,723434.9999544747,723589.9998097138,730494.9996012936,731228.9998257839,732105.9998005581,734080.9999581698,737178.0002442576,760195.0001151629
694277.0000371452,718476.0001772062,723434.9999544747,723589.9998097138,730494.9996012936,731228.9998257839,732105.9998005581,734080.9999581698,737178.0002442576,737918.9999779827,738238.0001830613
694277.0000371452,718476.0001772062,719347.0001902622,723434.9999544747,723589.9998097138,730494.9996012936,731228.9998257839,732105.9998005581,734080.9999581698,737178.0002442576,756809.9999707818
694277.0000371452,712855.999982613,719347.0001902622,723589.9998097138,729055.000149068,730494.9996012936,731228.9998257839,732105.9998005581,734080.9999581698,737178.0002442576,756809.9999707818
694277.0000371452,712855.999982613,719347.0001902622,720959.999912773,723589.9998097138,729055.000149068,730494.9996012936,734080.9999581698,737178.0002442576,742374.999713569,756809.9999707818
712855.999982613,713309.0000018792,715048.9999934358,719347.0001902622,720959.999912773,723589.9998097138,729055.000149068,730494.9996012936,737178.0002442576,742374.999713569,756809.9999707818
703136.9998532068,712855.999982613,715048.9999934358,719347.0001902622,720959.999912773,729055.000149068,730494.9996012936,733761.9999583862,737178.0002442576,742374.999713569,756809.9999707818
703136.9998532068,712855.999982613,715048.9999934358,719347.0001902622,720959.999912773,723687.9995820816,729055.000149068,733761.9999583862,742374.999713569,743985.0002634698,756809.9999707818
703136.9998532068,714750.9998683466,715048.9999934358,719347.0001902622,720959.999912773,723687.9995820816,729055.000149068,733761.9999583862,740479.9998278354,743985.0002634698,756809.9999707818
703136.9998532068,714750.9998683466,715048.9999934358,716966.9998376667,720959.999912773,726067.999934677,729055.000149068,733761.9999583862,740479.9998278354,743985.0002634698,756809.9999707818
703136.9998532068,714750.9998683466,715048.9999934358,716966.9998376667,717058.9998012959,726067.999934677,729055.000149068,737663.0000698633,740479.9998278354,743985.0002634698,756809.9999707818
703136.9998532068,715048.9999934358,715883.9997888335,716966.9998376667,717058.9998012959,726067.999934677,729055.000149068,737663.0000698633,739346.9999073484,743985.0002634698,756809.9999707818
703136.9998532068,715048.9999934358,715074.999814872,715883.9997888335,716966.9998376667,717058.9998012959,726067.999934677,737663.0000698633,743985.0002634698,753327.0002415443,756809.9999707818
703136.9998532068,715048.9999934358,715074.999814872,715883.9997888335,717058.9998012959,719287.0002230887,726067.999934677,737663.0000698633,741664.9998780478,753327.0002415443,756809.9999707818
701497.9994387976,715074.999814872,715883.9997888335,716688.000407845,717058.9998012959,719287.0002230887,726067.999934677,737663.0000698633,741664.9998780478,753327.0002415443,756809.9999707818
701497.9994387976,715074.999814872,715491.9998379515,715883.9997888335,718255.0003711894,719287.0002230887,726067.999934677,737663.0000698633,741664.9998780478,753327.0002415443,756809.9999707818
701497.9994387976,715074.999814872,715491.9998379515,718255.0003711894,719287.0002230887,722484.0000917937,726067.999934677,737663.0000698633,741664.9998780478,746726.9999385842,756809.9999707818
701497.9994387976,715074.999814872,715491.9998379515,718255.0003711894,719287.0002230887,723273.0000374843,726067.999934677,736874.0001241727,741664.9998780478,746726.9999385842,756809.9999707818
701497.9994387976,715074.999814872,715088.0000525012,715491.9998379515,718255.0003711894,723273.0000374843,726067.999934677,736874.0001241727,745864.0000486353,746726.9999385842,756809.9999707818
701497.9994387976,715074.999814872,715088.0000525012,715491.9998379515,718255.0003711894,726067.999934677,736874.0001241727,738171.9999302069,741911.0000780593,745864.0000486353,746726.9999385842
701497.9994387976,715074.999814872,715088.0000525012,718255.0003711894,723175.0000163877,726067.999934677,734227.9998996231,736874.0001241727,738171.9999302069,745864.0000486353,746726.9999385842
701497.9994387976,715088.0000525012,716257.9998269426,718255.0003711894,723175.0000163877,726067.999934677,734227.9998996231,735691.0001121021,738171.9999302069,745864.0000486353,746726.9999385842
701497.9994387976,701733.0003275563,715088.0000525012,716257.9998269426,726067.999934677,734227.9998996231,735691.0001121021,738171.9999302069,739697.0000600208,745864.0000486353,746726.9999385842
701497.9994387976,701733.0003275563,715088.0000525012,716257.9998269426,722031.000048833,726067.999934677,734227.9998996231,738171.9999302069,739697.0000600208,745864.0000486353,760387.0000018533
701497.9994387976,715088.0000525012,716257.9998269426,718022.0004072769,722031.000048833,723407.9999803002,726067.999934677,734227.9998996231,738171.9999302069,745864.0000486353,760387.0000018533
701497.9994387976,715088.0000525012,716257.9998269426,718022.0004072769,720755.0000213236,722031.000048833,728720.9998936537,734227.9998996231,738171.9999302069,745864.0000486353,760387.0000018533
701497.9994387976,715088.0000525012,716257.9998269426,718022.0004072769,718287.9998762785,722031.000048833,731188.0000386988,734227.9998996231,738171.9999302069,745864.0000486353,760387.0000018533
701497.9994387976,715088.0000525012,716761.9998679343,718022.0004072769,718287.9998762785,722031.000048833,731188.0000386988,734227.9998996231,738171.9999302069,745864.0000486353,759882.9999608616
707673.9993854256,715088.0000525012,716761.9998679343,718022.0004072769,718287.9998762785,722031.000048833,725012.0000920708,734227.9998996231,738171.9999302069,745864.0000486353,759882.9999608616
711101.000138677,714594.9996540255,715088.0000525012,716761.9998679343,718287.9998762785,722031.000048833,725012.0000920708,734227.9998996231,738171.9999302069,745864.0000486353,759882.9999608616
711101.000138677,713018.0001916884,714594.9996540255,715088.0000525012,716761.9998679343,722031.000048833,725012.0000920708,734227.9998996231,738171.9999302069,751133.9997332253,759882.9999608616
711101.000138677,713018.0001916884,714594.9996540255,715088.0000525012,716761.9998679343,722031.000048833,724951.9997165203,734227.9998996231,738171.9999302069,751194.0001087758,759882.9999608616
711101.000138677,713018.0001916884,713940.9996054117,714594.9996540255,715088.0000525012,724852.0003113556,724951.9997165203,734227.9998996231,738171.9999302069,751194.0001087758,759882.9999608616
711101.000138677,713018.0001916884,714594.9996540255,715088.0000525012,722594.9996867549,724852.0003113556,724951.9997165203,734227.9998996231,738171.9999302069,751194.0001087758,751228.9998795184
711101.000138677,713018.0001916884,714594.9996540255,719007.9996731327,721032.0000958889,722594.9996867549,724852.0003113556,734227.9998996231,738171.9999302069,751194.0001087758,751228.9998795184
711101.000138677,713018.0001916884,714594.9996540255,715006.9996041729,721032.0000958889,722594.9996867549,724852.0003113556,734227.9998996231,742172.9999991667,751194.0001087758,751228.9998795184
711101.000138677,713018.0001916884,713522.9996700479,714594.9996540255,721032.0000958889,722594.9996867549,724852.0003113556,734227.9998996231,743656.9999332917,751194.0001087758,751228.9998795184
711101.000138677,713018.0001916884,713522.9996700479,714594.9996540255,721032.0000958889,722594.9996867549,724852.0003113556,729339.0001034618,748545.999729453,751194.0001087758,751228.9998795184
709186.9997226296,713018.0001916884,713522.9996700479,716509.000070073,721032.0000958889,722594.9996867549,724852.0003113556,729339.0001034618,748545.999729453,751194.0001087758,751228.9998795184
709186.9997226296,713018.0001916884,713522.9996700479,716509.000070073,722594.9996867549,724258.0000334021,724852.0003113556,729339.0001034618,745319.9997919397,751194.0001087758,751228.9998795184
709186.9997226296,713018.0001916884,713522.9996700479,716509.000070073,717582.0002669643,724258.0000334021,729339.0001034618,729864.9997311461,745319.9997919397,751194.0001087758,751228.9998795184
709186.9997226296,713018.0001916884,713522.9996700479,717582.0002669643,724258.0000334021,729339.0001034618,729864.9997311461,733356.0001251607,734347.0000536881,745319.9997919397,751228.9998795184
709186.9997226296,712845.0000447049,713522.9996700479,717582.0002669643,724431.0001803857,729339.0001034618,729864.9997311461,733356.0001251607,734347.0000536881,745319.9997919397,751228.9998795184
709186.9997226296,712845.0000447049,714277.000091606,717582.0002669643,724431.0001803857,729339.0001034618,729864.9997311461,732601.9997036024,734347.0000536881,745319.9997919397,751228.9998795184
712845.0000447049,714277.000091606,716518.9996584128,717582.0002669643,724431.0001803857,727015.0001179049,729339.0001034618,729864.9997311461,732601.9997036024,745319.9997919397,751228.9998795184
712845.0000447049,714277.000091606,716518.9996584128,717582.0002669643,724431.0001803857,724461.9996718608,727015.0001179049,729339.0001034618,732601.9997036024,745319.9997919397,756631.9999388037
712845.0000447049,714277.000091606,716518.9996584128,717582.0002669643,724431.0001803857,727015.0001179049,729339.0001034618,729365.9998388615,732601.9997036024,745319.9997919397,751727.999771803
712845.0000447049,714277.000091606,716316.999562974,716518.9996584128,724431.0001803857,727015.0001179049,729339.0001034618,730631.0005428519,732601.9997036024,745319.9997919397,751727.999771803
712845.0000447049,716316.999562974,716518.9996584128,723155.9998289734,723722.999966235,724431.0001803857,727015.0001179049,729339.0001034618,730631.0005428519,745319.9997919397,751727.999771803
703211.9997934371,716316.999562974,716518.9996584128,723155.9998289734,723722.999966235,727015.0001179049,729339.0001034618,730631.0005428519,734064.0004316535,745319.9997919397,751727.999771803
703211.9997934371,716316.999562974,721172.9996791652,722361.0000971524,723155.9998289734,723722.999966235,729339.0001034618,730631.0005428519,734064.0004316535,745319.9997919397,751727.999771803
703211.9997934371,716316.999562974,721172.9996791652,722361.0000971524,723722.999966235,729339.0001034618,730631.0005428519,733486.9998224841,734064.0004316535,734988.9997984291,751727.999771803
703211.9997934371,721172.9996791652,722361.0000971524,723722.999966235,727091.9993906551,729339.0001034618,730631.0005428519,733486.9998224841,734064.0004316535,734988.9997984291,740952.9999441219
703211.9997934371,709330.0001560679,721172.9996791652,727091.9993906551,729339.0001034618,730631.0005428519,733486.9998224841,734064.0004316535,734988.9997984291,736753.9999073196,740952.9999441219
703211.9997934371,709330.0001560679,719980.0000991086,721172.9996791652,729339.0001034618,730631.0005428519,733486.9998224841,734064.0004316535,734988.9997984291,736753.9999073196,748064.9992356685
703211.9997934371,709330.0001560679,713568.0001675995,719980.0000991086,721172.9996791652,729339.0001034618,730631.0005428519,734064.0004316535,736753.9999073196,748064.9992356685,754907.9994533136
703211.9997934371,709330.0001560679,712945.00041535,713568.0001675995,719980.0000991086,721172.9996791652,729339.0001034618,730631.0005428519,748064.9992356685,754907.9994533136,757872.999923623
703211.9997934371,709330.0001560679,713568.0001675995,714375.0004048448,719980.0000991086,721172.9996791652,729339.0001034618,730631.0005428519,748064.9992356685,754907.9994533136,756442.9999341283
703211.9997934371,709330.0001560679,713568.0001675995,719980.0000991086,721172.9996791652,729339.0001034618,730631.0005428519,734072.0003647208,735210.9994934376,748064.9992356685,756442.9999341283
703211.9997934371,709330.0001560679,713568.0001675995,719980.0000991086,721172.9996791652,727078.9999180436,730631.0005428519,734072.0003647208,737470.9996788558,748064.9992356685,756442.9999341283
703211.9997934371,709330.0001560679,713568.0001675995,717202.999992385,719980.0000991086,727078.9999180436,730631.0005428519,734072.0003647208,737470.9996788558,748064.9992356685,760412.9996209084
703211.9997934371,709330.0001560679,717202.999992385,719009.9997997601,719980.0000991086,727078.9999180436,730631.0005428519,732029.0000466951,734072.0003647208,748064.9992356685,760412.9996209084
694556.9999704591,703211.9997934371,717202.999992385,719009.9997997601,719980.0000991086,730631.0005428519,732029.0000466951,734072.0003647208,741852.0001036525,748064.9992356685,760412.9996209084
694556.9999704591,703211.9997934371,717202.999992385,719980.0000991086,723660.9999931352,727377.99985332,730631.0005428519,734072.0003647208,741852.0001036525,748064.9992356685,760412.9996209084
694556.9999704591,703211.9997934371,717202.999992385,717470.0000941311,723660.9999931352,727377.99985332,730631.0005428519,734072.0003647208,744362.0001086299,748064.9992356685,760412.9996209084
694556.9999704591,703211.9997934371,713173.9998869615,717470.0000941311,723660.9999931352,730631.0005428519,731406.9999587435,734072.0003647208,744362.0001086299,748064.9992356685,760412.9996209084
694556.9999704591,713173.9998869615,715946.9999649106,717470.0000941311,721337.0001932473,723660.9999931352,730631.0005428519,731406.9999587435,744362.0001086299,748064.9992356685,760412.9996209084
711918.0000057414,713173.9998869615,714045.9999234612,715946.9999649106,717470.0000941311,721337.0001932473,723660.9999931352,730631.0005428519,744362.0001086299,748064.9992356685,760412.9996209084
701522.9998603852,711918.0000057414,715946.9999649106,717470.0000941311,721337.0001932473,723660.9999931352,725696.9999500376,730631.0005428519,744362.0001086299,748064.9992356685,760412.9996209084
701522.9998603852,715946.9999649106,717470.0000941311,721337.0001932473,722963.000078659,723660.9999931352,725696.9999500376,730631.0005428519,733317.0000357123,748064.9992356685,760412.9996209084
704887.0000285391,715946.9999649106,717470.0000941311,720296.9998249813,721337.0001932473,722963.000078659,725696.9999500376,730631.0005428519,733317.0000357123,748064.9992356685,760412.9996209084
704887.0000285391,715946.9999649106,717470.0000941311,720296.9998249813,721337.0001932473,721747.0000301806,722963.000078659,730631.0005428519,737266.9999555693,748064.9992356685,760412.9996209084
704887.0000285391,715946.9999649106,717470.0000941311,720296.9998249813,720864.9999693702,721337.0001932473,721747.0000301806,730631.0005428519,737266.9999555693,748064.9992356685,762510.9997301972
704887.0000285391,715946.9999649106,717470.0000941311,718594.9999785899,720296.9998249813,721337.0001932473,724017.0000209608,730631.0005428519,737266.9999555693,748064.9992356685,762510.9997301972
704887.0000285391,715946.9999649106,717470.0000941311,718594.9999785899,720223.0000109309,720296.9998249813,721337.0001932473,724017.0000209608,737266.9999555693,758472.9997675894,762510.9997301972
704887.0000285391,715946.9999649106,717470.0000941311,718594.9999785899,720296.9998249813,720651.9998000375,721337.0001932473,724017.0000209608,737266.9999555693,758043.9999784828,762510.9997301972
704887.0000285391,713978.9999455583,717470.0000941311,718594.9999785899,720651.9998000375,721337.0001932473,722264.9998443336,724017.0000209608,737266.9999555693,758043.9999784828,762510.9997301972
704887.0000285391,713978.9999455583,716765.9997799678,718594.9999785899,721337.0001932473,721356.0001142008,722264.9998443336,724017.0000209608,737266.9999555693,758043.9999784828,762510.9997301972
704887.0000285391,713978.9999455583,716765.9997799678,718594.9999785899,721337.0001932473,721356.0001142008,722264.9998443336,737266.9999555693,739206.9998675949,747320.9998835631,758043.9999784828
704887.0000285391,713978.9999455583,714747.9999889014,718594.9999785899,721337.0001932473,721356.0001142008,722264.9998443336,737266.9999555693,739206.9998675949,747320.9998835631,760061.9997695492
700789.999899941,714747.9999889014,718076.0000741563,718594.9999785899,721337.0001932473,721356.0001142008,722264.9998443336,737266.9999555693,739206.9998675949,747320.9998835631,760061.9997695492
697498.0002983501,700789.999899941,718076.0000741563,718594.9999785899,721337.0001932473,722264.9998443336,737266.9999555693,738605.9998047521,739206.9998675949,747320.9998835631,760061.9997695492
697498.0002983501,713523.9999195733,718076.0000741563,718594.9999785899,721337.0001932473,722264.9998443336,724532.999935937,738605.9998047521,739206.9998675949,747320.9998835631,760061.9997695492
697498.0002983501,713523.9999195733,718076.0000741563,718594.9999785899,718834.9999333902,724532.999935937,724767.0001041908,738605.9998047521,739206.9998675949,747320.9998835631,760061.9997695492
697498.0002983501,713523.9999195733,718076.0000741563,718834.9999333902,721115.9998710654,724532.999935937,724767.0001041908,736685.9999751195,738605.9998047521,747320.9998835631,760061.9997695492
713396.0000676967,713523.9999195733,718076.0000741563,718834.9999333902,721115.9998710654,722708.0000354054,724532.999935937,724767.0001041908,736685.9999751195,747320.9998835631,760061.9997695492
708387.9999735721,713396.0000676967,713523.9999195733,718834.9999333902,721115.9998710654,722708.0000354054,724767.0001041908,734221.0000365212,736685.9999751195,747320.9998835631,760061.9997695492
708387.9999735721,713396.0000676967,713523.9999195733,713890.9998662666,721115.9998710654,722708.0000354054,729711.0001713143,734221.0000365212,736685.9999751195,747320.9998835631,760061.9997695492
695435.0002814232,708387.9999735721,713523.9999195733,713890.9998662666,721115.9998710654,729711.0001713143,734221.0000365212,736685.9999751195,740668.9998216789,747320.9998835631,760061.9997695492
695435.0002814232,708809.9997787577,713102.0001143877,713890.9998662666,721115.9998710654,729711.0001713143,734221.0000365212,736685.9999751195,740668.9998216789,747320.9998835631,760061.9997695492
695435.0002814232,708809.9997787577,713102.0001143877,713890.9998662666,717662.9998337436,729711.0001713143,734221.0000365212,736685.9999751195,740668.9998216789,750773.999920885,760061.9997695492
695435.0002814232,708809.9997787577,713890.9998662666,714153.000261922,717662.9998337436,729711.0001713143,734221.0000365212,735634.9998275852,740668.9998216789,750773.999920885,760061.9997695492
695435.0002814232,708809.9997787577,714153.000261922,717662.9998337436,718870.9999385023,724731.0000990786,734221.0000365212,735634.9998275852,740668.9998216789,750773.999920885,760061.9997695492
708809.9997787577,714153.000261922,717662.9998337436,718870.9999385023,721922.0002399511,724731.0000990786,733574.9998110214,734221.0000365212,735634.9998275852,740668.9998216789,750773.999920885
708809.9997787577,714153.000261922,717662.9998337436,718870.9999385023,724731.0000990786,730734.0000234551,731857.0000381748,733574.9998110214,734221.0000365212,735634.9998275852,750773.999920885
708809.9997787577,714153.000261922,714252.9998218056,717662.9998337436,718870.9999385023,724731.0000990786,730734.0000234551,734221.0000365212,735634.9998275852,750773.999920885,751179.0000273905
708809.9997787577,714153.000261922,714252.9998218056,718870.9999385023,721122.9996846025,724731.0000990786,730734.0000234551,734221.0000365212,735634.9998275852,747314.000070026,751179.0000273905
708809.9997787577,710799.0001634845,714252.9998218056,718870.9999385023,721122.9996846025,724731.0000990786,730734.0000234551,734221.0000365212,738988.9999260227,747314.000070026,751179.0000273905
708809.9997787577,714252.9998218056,718870.9999385023,721122.9996846025,724731.0000990786,728054.0001131819,730059.0001203286,730734.0000234551,734221.0000365212,738988.9999260227,751179.0000273905
714252.9998218056,717762.9999147285,718870.9999385023,721105.9999843579,721122.9996846025,724731.0000990786,728054.0001131819,730734.0000234551,734221.0000365212,738988.9999260227,751179.0000273905
714252.9998218056,718870.9999385023,721105.9999843579,721122.9996846025,724731.0000990786,725561.0001697617,726422.999781488,728054.0001131819,730734.0000234551,738988.9999260227,751179.0000273905
705321.0002914044,714252.9998218056,721105.9999843579,721122.9996846025,725561.0001697617,726422.999781488,728054.0001131819,730734.0000234551,738280.9997461765,738988.9999260227,751179.0000273905
714252.9998218056,717444.0001182299,721105.9999843579,721122.9996846025,725561.0001697617,726157.9999193511,726422.999781488,728054.0001131819,730734.0000234551,738988.9999260227,751179.0000273905
714252.9998218056,718508.0000613007,721105.9999843579,721122.9996846025,725358.9998384172,725561.0001697617,726157.9999193511,728054.0001131819,730734.0000234551,738988.9999260227,751179.0000273905
714252.9998218056,717572.9998209428,718508.0000613007,721122.9996846025,725561.0001697617,726157.9999193511,728054.0001131819,728892.0000018321,730734.0000234551,738988.9999260227,751179.0000273905
717572.9998209428,718508.0000613007,721122.9996846025,725561.0001697617,726157.9999193511,727923.000089171,728054.0001131819,728892.0000018321,730734.0000234551,737508.9997600252,738988.9999260227
714127.9999613567,717572.9998209428,721122.9996846025,725561.0001697617,726157.9999193511,727923.000089171,728054.0001131819,730734.0000234551,733272.0001017761,737508.9997600252,738988.9999260227
714127.9999613567,717572.9998209428,721122.9996846025,726157.9999193511,727923.000089171,728054.0001131819,730734.0000234551,731198.9999166314,733272.0001017761,733351.000179153,737508.9997600252
713405.9999387625,714127.9999613567,721122.9996846025,726157.9999193511,727923.000089171,728054.0001131819,730734.0000234551,731198.9999166314,733272.0001017761,737508.9997600252,737518.0000613332
714127.9999613567,716765.0001692344,721122.9996846025,726157.9999193511,727923.000089171,728054.0001131819,730734.0000234551,731198.9999166314,733272.0001017761,734158.9998308613,737508.9997600252
716350.0000609105,716765.0001692344,721122.9996846025,726157.9999193511,727923.000089171,728054.0001131819,730734.0000234551,731050.0000022224,731198.9999166314,734158.9998308613,737508.9997600252
716765.0001692344,721122.9996846025,722344.0000990907,725055.9999640421,726157.9999193511,727923.000089171,728054.0001131819,730734.0000234551,731198.9999166314,734158.9998308613,737508.9997600252
716729.0001154614,716765.0001692344,721122.9996846025,722344.0000990907,725055.9999640421,726157.9999193511,727923.000089171,730734.0000234551,734158.9998308613,737508.9997600252,742523.9999143519
713508.0001801637,716729.0001154614,721122.9996846025,722344.0000990907,726157.9999193511,727923.000089171,728312.9999531128,730734.0000234551,734158.9998308613,737508.9997600252,742523.9999143519
716221.0003279046,716729.0001154614,721122.9996846025,722344.0000990907,725599.9998053719,726157.9999193511,727923.000089171,730734.0000234551,734158.9998308613,737508.9997600252,742523.9999143519
716221.0003279046,716729.0001154614,718669.0000510641,721122.9996846025,722344.0000990907,727923.000089171,730734.0000234551,733088.9996736589,734158.9998308613,737508.9997600252,742523.9999143519
716221.0003279046,716729.0001154614,718669.0000510641,721122.9996846025,725191.999877334,727923.000089171,730734.0000234551,731311.0000526181,733088.9996736589,737508.9997600252,742523.9999143519
713135.0000105131,716221.0003279046,716729.0001154614,718669.0000510641,721122.9996846025,727923.000089171,730734.0000234551,733088.9996736589,737508.9997600252,742523.9999143519,743367.999919439
713135.0000105131,715143.0002918396,716729.0001154614,718669.0000510641,721122.9996846025,727923.000089171,730734.0000234551,733088.9996736589,737508.9997600252,742523.9999143519,744445.999955504
702086.0003267893,716729.0001154614,718669.0000510641,721122.9996846025,726191.9999755634,727923.000089171,730734.0000234551,733088.9996736589,737508.9997600252,742523.9999143519,744445.999955504
714601.0001917869,716729.0001154614,718669.0000510641,721122.9996846025,726191.9999755634,727923.000089171,730734.0000234551,731931.0000905064,733088.9996736589,737508.9997600252,742523.9999143519
716729.0001154614,718669.0000510641,720388.0001721656,720404.9999951847,721122.9996846025,727923.000089171,730734.0000234551,731931.0000905064,733088.9996736589,737508.9997600252,742523.9999143519
716729.0001154614,718669.0000510641,720404.9999951847,721119.9997916664,721122.9996846025,727923.000089171,730734.0000234551,731931.0000905064,732357.000054158,737508.9997600252,742523.9999143519
711601.0000140792,716729.0001154614,718669.0000510641,721119.9997916664,721122.9996846025,727923.000089171,730734.0000234551,731931.0000905064,737508.9997600252,741161.0000352636,742523.9999143519
711601.0000140792,718669.0000510641,718817.9998380466,719033.9999620173,721119.9997916664,727923.000089171,730734.0000234551,731931.0000905064,737508.9997600252,741161.0000352636,742523.9999143519
711601.0000140792,713530.9999208319,718669.0000510641,718817.9998380466,719033.9999620173,727923.000089171,730734.0000234551,731931.0000905064,737508.9997600252,742523.9999143519,748749.9999060981
711601.0000140792,718171.999861719,718669.0000510641,718817.9998380466,719033.9999620173,727923.000089171,730734.0000234551,731931.0000905064,737508.9997600252,742523.9999143519,744108.999965211
709706.999988597,718669.0000510641,718817.9998380466,719033.9999620173,720065.9998872011,727923.000089171,730734.0000234551,731931.0000905064,737508.9997600252,742523.9999143519,744108.999965211
709706.999988597,713011.999503334,718669.0000510641,718817.9998380466,719033.9999620173,720065.9998872011,727923.000089171,731931.0000905064,742523.9999143519,744108.999965211,755231.0002801463
701912.0000005261,709706.999988597,713011.999503334,718669.0000510641,720065.9998872011,727923.000089171,731931.0000905064,735939.9997995378,742523.9999143519,744108.999965211,755231.0002801463
701912.0000005261,711598.0004443265,713011.999503334,716777.9995953345,720065.9998872011,727923.000089171,731931.0000905064,735939.9997995378,742523.9999143519,744108.999965211,755231.0002801463
701912.0000005261,711433.0003103337,713011.999503334,716942.9997293274,720065.9998872011,727923.000089171,731931.0000905064,735939.9997995378,742523.9999143519,744108.999965211,755231.0002801463
701912.0000005261,711433.0003103337,713011.999503334,714786.0000259235,716942.9997293274,727923.000089171,735939.9997995378,737210.999951784,742523.9999143519,744108.999965211,755231.0002801463
701912.0000005261,713011.999503334,714786.0000259235,716942.9997293274,720635.000325233,727923.000089171,734906.9999503117,735939.9997995378,737210.999951784,742523.9999143519,755231.0002801463
701912.0000005261,714286.9999483898,714786.0000259235,716942.9997293274,720635.000325233,727923.000089171,734906.9999503117,735939.9997995378,737210.999951784,742523.9999143519,753955.9998350905
701912.0000005261,714786.0000259235,716942.9997293274,718777.999991237,720635.000325233,723432.0000463239,734906.9999503117,735939.9997995378,737210.999951784,742523.9999143519,753955.9998350905
701912.0000005261,714786.0000259235,716942.9997293274,718777.999991237,721146.0002367456,723432.0000463239,734906.9999503117,735939.9997995378,736700.0000402713,742523.9999143519,753955.9998350905
701912.0000005261,716942.9997293274,718777.999991237,720490.9999022337,721146.0002367456,723432.0000463239,734906.9999503117,735939.9997995378,736700.0000402713,736819.0000380417,753955.9998350905
701912.0000005261,716942.9997293274,718777.999991237,720490.9999022337,721146.0002367456,723432.0000463239,729770.9999343904,736700.0000402713,736819.0000380417,741075.9998154591,753955.9998350905
701912.0000005261,716942.9997293274,718777.999991237,718826.9998694797,720490.9999022337,721146.0002367456,723432.0000463239,736700.0000402713,736819.0000380417,752019.9998803699,753955.9998350905
701912.0000005261,716942.9997293274,718675.0000582371,718777.999991237,718826.9998694797,720490.9999022337,721146.0002367456,736819.0000380417,741457.0000283581,752019.9998803699,753955.9998350905
701912.0000005261,716942.9997293274,718216.0000140461,718675.0000582371,718777.999991237,718826.9998694797,721146.0002367456,736819.0000380417,743731.9999165457,752019.9998803699,753955.9998350905
701912.0000005261,716942.9997293274,717896.9999642681,718216.0000140461,718675.0000582371,718777.999991237,721146.0002367456,736819.0000380417,743731.9999165457,752949.9997855815,753955.9998350905
701912.0000005261,716815.0000170667,717896.9999642681,718216.0000140461,718675.0000582371,718777.999991237,721273.9999490064,736819.0000380417,743731.9999165457,752949.9997855815,753955.9998350905
701912.0000005261,713108.9997751984,716815.0000170667,717896.9999642681,718675.0000582371,718777.999991237,721273.9999490064,736819.0000380417,748839.0001553934,752949.9997855815,753955.9998350905
701912.0000005261,713108.9997751984,716815.0000170667,717896.9999642681,718675.0000582371,721273.9999490064,734553.9998521529,736819.0000380417,738179.9999741745,748839.0001553934,752949.9997855815
701912.0000005261,713108.9997751984,716815.0000170667,717896.9999642681,721273.9999490064,728256.9997264704,728598.0003059412,734553.9998521529,736819.0000380417,748839.0001553934,752949.9997855815
701912.0000005261,713108.9997751984,714600.9997307028,716815.0000170667,717896.9999642681,721273.9999490064,728598.0003059412,736819.0000380417,748209.9998479205,748839.0001553934,752949.9997855815
701912.0000005261,714600.9997307028,716815.0000170667,717243.9999354437,717896.9999642681,721273.9999490064,728598.0003059412,736819.0000380417,744703.999995148,748209.9998479205,752949.9997855815
701912.0000005261,714600.9997307028,716815.0000170667,717243.9999354437,717896.9999642681,721273.9999490064,727767.0002445444,736819.0000380417,744703.999995148,749040.9999093174,752949.9997855815
701912.0000005261,704203.9999026813,714600.9997307028,716815.0000170667,717896.9999642681,727767.0002445444,734313.9999817688,736819.0000380417,744703.999995148,749040.9999093174,752949.9997855815
701912.0000005261,704203.9999026813,714600.9997307028,716815.0000170667,716976.0000196886,727767.0002445444,735234.9999263482,736819.0000380417,744703.999995148,749040.9999093174,752949.9997855815
701912.0000005261,704203.9999026813,714326.0001027124,714600.9997307028,716815.0000170667,716976.0000196886,736819.0000380417,744703.999995148,748676.0000681801,749040.9999093174,752949.9997855815
701912.0000005261,704203.9999026813,714326.0001027124,714600.9997307028,716815.0000170667,716976.0000196886,721886.9998622405,744703.999995148,749040.9999093174,752949.9997855815,763608.0002439814
701912.0000005261,704203.9999026813,714326.0001027124,716815.0000170667,716976.0000196886,721886.9998622405,730047.0002448399,733594.9993951803,744703.999995148,752949.9997855815,763608.0002439814
701912.0000005261,704203.9999026813,714326.0001027124,716815.0000170667,716976.0000196886,725565.0000762243,730047.0002448399,733594.9993951803,744703.999995148,752949.9997855815,759930.0000299974
701912.0000005261,701985.0006514898,714326.0001027124,716815.0000170667,719194.9992708801,725565.0000762243,730047.0002448399,733594.9993951803,744703.999995148,752949.9997855815,759930.0000299974
701912.0000005261,706818.0005989918,714326.0001027124,716815.0000170667,719194.9992708801,720732.0001287223,730047.0002448399,733594.9993951803,744703.999995148,752949.9997855815,759930.0000299974
701912.0000005261,712195.0003703437,713817.9994995282,714326.0001027124,716815.0000170667,720732.0001287223,730047.0002448399,733594.9993951803,744703.999995148,752949.9997855815,759930.0000299974
712195.0003703437,713817.9994995282,714326.0001027124,716443.9998741902,716815.0000170667,720732.0001287223,730047.0002448399,733594.9993951803,738417.9999119174,744703.999995148,759930.0000299974
712195.0003703437,713817.9994995282,714326.0001027124,716815.0000170667,720732.0001287223,724690.9998435971,730047.0002448399,730170.9999425105,733594.9993951803,744703.999995148,759930.0000299974
712195.0003703437,713817.9994995282,716815.0000170667,720732.0001287223,724690.9998435971,727546.00011759,730047.0002448399,730170.9999425105,731483.9999802705,733594.9993951803,759930.0000299974
712195.0003703437,714633.0001939903,716815.0000170667,719916.9994342602,724690.9998435971,727546.00011759,730047.0002448399,730170.9999425105,731483.9999802705,733594.9993951803,759930.0000299974
712195.0003703437,714633.0001939903,716815.0000170667,719832.9997486192,719916.9994342602,724690.9998435971,727546.00011759,730170.9999425105,731483.9999802705,743808.999891401,759930.0000299974
712195.0003703437,714633.0001939903,715796.9998584188,716815.0000170667,719832.9997486192,719916.9994342602,727546.00011759,731483.9999802705,739064.9999276887,743808.999891401,759930.0000299974
712195.0003703437,714633.0001939903,715796.9998584188,716815.0000170667,719832.9997486192,719916.9994342602,720981.9998114512,731483.9999802705,739064.9999276887,750373.0001975398,759930.0000299974
712195.0003703437,712967.0004182252,714633.0001939903,715796.9998584188,716815.0000170667,719916.9994342602,720981.9998114512,731483.9999802705,739064.9999276887,757238.9995279338,759930.0000299974
712195.0003703437,712967.0004182252,714633.0001939903,716815.0000170667,719916.9994342602,720981.9998114512,725945.9997924935,728915.999993614,731483.9999802705,757238.9995279338,759930.0000299974
703183.0004427396,712195.0003703437,712967.0004182252,716815.0000170667,720981.9998114512,725945.9997924935,728915.999993614,731366.9991855109,731483.9999802705,757238.9995279338,759930.0000299974
703183.0004427396,712967.0004182252,716815.0000170667,720981.9998114512,721581.9991994904,721980.0003563642,725945.9997924935,728915.999993614,731483.9999802705,757238.9995279338,759930.0000299974
703183.0004427396,705841.0001434888,712967.0004182252,716815.0000170667,720981.9998114512,725945.9997924935,728915.999993614,731483.9999802705,737720.9994123658,757238.9995279338,759930.0000299974
705841.0001434888,712967.0004182252,713384.9999261436,716815.0000170667,720981.9998114512,725945.9997924935,727518.9999289619,728915.999993614,731483.9999802705,757238.9995279338,759930.0000299974
705841.0001434888,712967.0004182252,713384.9999261436,716815.0000170667,718910.9999078348,725945.9997924935,727518.9999289619,728915.999993614,731483.9999802705,757238.9995279338,762000.9999336138
705841.0001434888,712967.0004182252,716815.0000170667,718126.9999445308,718910.9999078348,725945.9997924935,727518.9999289619,728915.999993614,731483.9999802705,757238.9995279338,757258.9999152266
705841.0001434888,716815.0000170667,718126.9999445308,718910.9999078348,725455.0005695517,725945.9997924935,727518.9999289619,728915.999993614,731483.9999802705,744750.9993766072,757258.9999152266
705841.0001434888,716815.0000170667,718126.9999445308,718910.9999078348,725455.0005695517,725945.9997924935,727518.9999289619,728915.999993614,734891.9995059532,741342.9998509246,757258.9999152266
705841.0001434888,716815.0000170667,717348.9997656469,718126.9999445308,718910.9999078348,725455.0005695517,727518.9999289619,734891.9995059532,737513.0000204607,741342.9998509246,757258.9999152266
705841.0001434888,716815.0000170667,718126.9999445308,718910.9999078348,720312.9997362315,725455.0005695517,727518.9999289619,734549.000049876,734891.9995059532,741342.9998509246,757258.9999152266
716815.0000170667,718126.9999445308,718283.0000941406,718910.9999078348,720312.9997362315,725455.0005695517,727518.9999289619,734549.000049876,734891.9995059532,741342.9998509246,744816.9999645746
716815.0000170667,718237.9999508556,718283.0000941406,718799.99990151,720312.9997362315,725455.0005695517,727518.9999289619,734549.000049876,734891.9995059532,741342.9998509246,744816.9999645746
716815.0000170667,717970.9998663601,718237.9999508556,718283.0000941406,718799.99990151,725455.0005695517,727518.9999289619,734891.9995059532,736890.9999197475,741342.9998509246,744816.9999645746
716815.0000170667,717970.9998663601,718283.0000941406,718799.99990151,725455.0005695517,727518.9999289619,730536.9999126034,732518.0000028268,734891.9995059532,736890.9999197475,741342.9998509246
716815.0000170667,717970.9998663601,718283.0000941406,721790.999252369,725455.0005695517,727518.9999289619,730536.9999126034,731901.0001550941,732518.0000028268,736890.9999197475,741342.9998509246
716815.0000170667,717571.0000913215,717970.9998663601,718283.0000941406,725455.0005695517,727518.9999289619,730536.9999126034,732518.0000028268,736120.9993161416,736890.9999197475,741342.9998509246
714347.000028468,716815.0000170667,717571.0000913215,717970.9998663601,718283.0000941406,725455.0005695517,727518.9999289619,736120.9993161416,736890.9999197475,741342.9998509246,748707.9998869622
714347.000028468,716815.0000170667,717970.9998663601,718283.0000941406,724170.9998916821,725455.0005695517,727518.9999289619,729520.9995157811,736890.9999197475,741342.9998509246,748707.9998869622
713461.999933802,714347.000028468,717970.9998663601,721636.0001774053,724170.9998916821,725455.0005695517,727518.9999289619,729520.9995157811,736890.9999197475,741342.9998509246,748707.9998869622
713461.999933802,714347.000028468,717970.9998663601,721636.0001774053,723810.9997304119,725455.0005695517,727518.9999289619,729520.9995157811,736890.9999197475,741703.0000121947,748707.9998869622
713461.999933802,713961.0000862369,714347.000028468,717970.9998663601,721636.0001774053,723810.9997304119,727518.9999289619,736890.9999197475,741014.9999990959,741703.0000121947,748707.9998869622
713461.999933802,713961.0000862369,714347.000028468,718879.9999984222,721636.0001774053,723810.9997304119,727518.9999289619,735981.9997876853,741014.9999990959,741703.0000121947,748707.9998869622
713461.999933802,713961.0000862369,715128.9998879535,718879.9999984222,721636.0001774053,723028.9998709264,727518.9999289619,735981.9997876853,741014.9999990959,741703.0000121947,748707.9998869622
713461.999933802,713961.0000862369,715128.9998879535,720947.9996167524,721636.0001774053,723028.9998709264,727518.9999289619,733914.0001693552,741014.9999990959,741703.0000121947,748707.9998869622
713461.999933802,713961.0000862369,720658.999498971,720947.9996167524,721636.0001774053,721989.0003179443,723028.9998709264,733914.0001693552,741014.9999990959,741703.0000121947,748707.9998869622
713461.999933802,713961.0000862369,720658.999498971,720947.9996167524,721989.0003179443,722161.0004582012,723028.9998709264,733914.0001693552,741014.9999990959,741703.0000121947,748182.9996061664
713461.999933802,713961.0000862369,720658.999498971,721989.0003179443,722161.0004582012,723028.9998709264,726410.9997968732,728450.9999892344,741014.9999990959,741703.0000121947,748182.9996061664
713461.999933802,713961.0000862369,720205.0002708205,720658.999498971,722161.0004582012,723028.9998709264,726410.9997968732,728450.9999892344,741014.9999990959,741703.0000121947,749966.9996532903
700727.9997254638,713461.999933802,713961.0000862369,722161.0004582012,723028.9998709264,726410.9997968732,728450.9999892344,740136.0000443277,741014.9999990959,741703.0000121947,749966.9996532903
700727.9997254638,713461.999933802,722161.0004582012,723028.9998709264,724120.9997733292,726410.9997968732,728450.9999892344,730855.0003120035,740136.0000443277,741703.0000121947,749966.9996532903
700727.9997254638,702864.0007668019,723028.9998709264,724120.9997733292,726410.9997968732,728450.9999892344,730855.0003120035,732758.9996252013,740136.0000443277,741703.0000121947,749966.9996532903
700727.9997254638,723028.9998709264,723459.9996924752,724120.9997733292,726410.9997968732,728450.9999892344,729371.000727617,730855.0003120035,732758.9996252013,740136.0000443277,741703.0000121947
700727.9997254638,723459.9996924752,724120.9997733292,726264.0000837516,726410.9997968732,728450.9999892344,729371.000727617,730855.0003120035,732758.9996252013,738467.9997993695,740136.0000443277
700727.9997254638,723459.9996924752,724120.9997733292,724626.0002576052,726264.0000837516,726410.9997968732,728450.9999892344,730855.0003120035,732758.9996252013,738467.9997993695,744881.0005143394
700727.9997254638,717082.0001780275,723459.9996924752,724120.9997733292,724626.0002576052,726410.9997968732,728450.9999892344,730855.0003120035,732758.9996252013,744881.0005143394,747649.9997050936
700727.9997254638,714054.999870198,717082.0001780275,723459.9996924752,724626.0002576052,726410.9997968732,728450.9999892344,732758.9996252013,740921.0002151348,744881.0005143394,747649.9997050936
700727.9997254638,714054.999870198,717082.0001780275,718132.9994866097,723459.9996924752,724626.0002576052,732758.9996252013,736729.0002994979,740921.0002151348,744881.0005143394,747649.9997050936
700727.9997254638,714054.999870198,718132.9994866097,723459.9996924752,723886.0002724614,724626.0002576052,729925.000205064,732758.9996252013,740921.0002151348,744881.0005143394,747649.9997050936
700727.9997254638,718132.9994866097,718180.9995437294,723459.9996924752,723886.0002724614,724626.0002576052,729925.000205064,732758.9996252013,736795.0005416034,744881.0005143394,747649.9997050936
700727.9997254638,718132.9994866097,718180.9995437294,723459.9996924752,724165.0003093043,724347.0002207623,729925.000205064,732758.9996252013,736795.0005416034,744881.0005143394,747649.9997050936
700727.9997254638,718056.999885097,718180.9995437294,723459.9996924752,724240.999910817,724347.0002207623,729925.000205064,732758.9996252013,736795.0005416034,744881.0005143394,747649.9997050936
700727.9997254638,718056.999885097,718180.9995437294,723459.9996924752,724240.999910817,724347.0002207623,729925.000205064,733869.9996611667,736795.0005416034,743770.0004783741,747649.9997050936
700727.9997254638,718056.999885097,718088.9993127977,723459.9996924752,724240.999910817,724347.0002207623,729925.000205064,733869.9996611667,736795.0005416034,743770.0004783741,747741.9999360252
700727.9997254638,710783.0001840368,718056.999885097,718088.9993127977,723459.9996924752,729925.000205064,733869.9996611667,736795.0005416034,737804.9999475426,743770.0004783741,747741.9999360252
700727.9997254638,710783.0001840368,718056.999885097,718088.9993127977,723459.9996924752,733869.9996611667,735810.0000942295,736795.0005416034,737804.9999475426,741857.0000468597,743770.0004783741
700727.9997254638,717335.999945194,718056.999885097,718088.9993127977,723459.9996924752,731252.0001863854,733869.9996611667,735810.0000942295,736795.0005416034,741857.0000468597,743770.0004783741
700727.9997254638,717335.999945194,718056.999885097,718088.9993127977,721820.9998786423,731252.0001863854,735508.9994749996,735810.0000942295,736795.0005416034,741857.0000468597,743770.0004783741
700727.9997254638,714873.9998814979,717335.999945194,718056.999885097,721820.9998786423,731252.0001863854,735508.9994749996,735810.0000942295,740009.9999729032,741857.0000468597,743770.0004783741
706885.9998446791,714873.9998814979,717335.999945194,718056.999885097,721820.9998786423,725094.00006717,735508.9994749996,735810.0000942295,740009.9999729032,741857.0000468597,743770.0004783741
714873.9998814979,717335.999945194,718056.999885097,720379.9998064643,721820.9998786423,725094.00006717,728363.0000850746,735508.9994749996,735810.0000942295,740009.9999729032,743770.0004783741
714873.9998814979,717335.999945194,718056.999885097,719162.9999798611,721820.9998786423,725094.00006717,728363.0000850746,735508.9994749996,737026.9999208327,740009.9999729032,743770.0004783741
714602.0001073206,717335.999945194,718056.999885097,719162.9999798611,721820.9998786423,725094.00006717,728363.0000850746,735508.9994749996,737298.99969501,740009.9999729032,743770.0004783741
714602.0001073206,717335.999945194,718056.999885097,719162.9999798611,721820.9998786423,723116.999830442,725094.00006717,728363.0000850746,737298.99969501,740009.9999729032,756162.0001229318
712945.000115229,717335.999945194,718056.999885097,720819.9999719526,721820.9998786423,723116.999830442,725094.00006717,728363.0000850746,737298.99969501,740009.9999729032,756162.0001229318
714100.9998829816,717335.999945194,718056.999885097,720819.9999719526,721820.9998786423,723116.999830442,725094.00006717,728363.0000850746,736142.9999272574,740009.9999729032,756162.0001229318
714100.9998829816,715242.9999751152,717335.999945194,718056.999885097,720819.9999719526,721820.9998786423,723116.999830442,725094.00006717,740009.9999729032,749263.0000372168,756162.0001229318
700084.0001443671,714100.9998829816,717335.999945194,718056.999885097,720819.9999719526,721820.9998786423,723116.999830442,740009.9999729032,740252.999897918,749263.0000372168,756162.0001229318
700084.0001443671,717260.9994601451,717335.999945194,718056.999885097,720819.9999719526,721820.9998786423,723116.999830442,736850.0003957397,740252.999897918,749263.0000372168,756162.0001229318
700084.0001443671,717335.999945194,718056.999885097,720819.9999719526,721820.9998786423,722569.9997715022,723116.999830442,731541.0000843826,740252.999897918,749263.0000372168,756162.0001229318
700084.0001443671,717335.999945194,718056.999885097,719071.0000211175,721820.9998786423,722569.9997715022,723116.999830442,731541.0000843826,742001.9998487531,749263.0000372168,756162.0001229318
706179.0000613306,717021.9999134785,717335.999945194,718056.999885097,719071.0000211175,721820.9998786423,722569.9997715022,731541.0000843826,742001.9998487531,749263.0000372168,756162.0001229318
717021.9999134785,717335.999945194,717739.9999671988,718056.999885097,719071.0000211175,721820.9998786423,722569.9997715022,730440.9999428849,731541.0000843826,749263.0000372168,756162.0001229318
709380.9999125306,717021.9999134785,717335.999945194,718056.999885097,719071.0000211175,721820.9998786423,722569.9997715022,731541.0000843826,738799.9999975531,749263.0000372168,756162.0001229318
709380.9999125306,717335.999945194,717982.9997295286,718056.999885097,719071.0000211175,721820.9998786423,722569.9997715022,731541.0000843826,738799.9999975531,749263.0000372168,755201.0003068817
709380.9999125306,714779.0002622552,717335.999945194,717982.9997295286,718056.999885097,719071.0000211175,721820.9998786423,738799.9999975531,739331.9995936296,749263.0000372168,755201.0003068817
709380.9999125306,714779.0002622552,717320.9999290192,717335.999945194,718056.999885097,719071.0000211175,722482.9996791516,738799.9999975531,739331.9995936296,749263.0000372168,755201.0003068817
699269.9997931874,709380.9999125306,714779.0002622552,717320.9999290192,719071.0000211175,722482.9996791516,736123.0000371037,738799.9999975531,739331.9995936296,749263.0000372168,755201.0003068817
702794.9999439465,709380.9999125306,714779.0002622552,717320.9999290192,719071.0000211175,722482.9996791516,732597.9998863447,738799.9999975531,739331.9995936296,749263.0000372168,755201.0003068817
702794.9999439465,714779.0002622552,716093.9999266824,717320.9999290192,719071.0000211175,722482.9996791516,732597.9998863447,738799.9999975531,739331.9995936296,748488.0002927299,749263.0000372168
702794.9999439465,714779.0002622552,717320.9999290192,719071.0000211175,721414.9998981577,722482.9996791516,727276.9999148694,738799.9999975531,739331.9995936296,748488.0002927299,749263.0000372168
702794.9999439465,713271.9999663171,714779.0002622552,717320.9999290192,719071.0000211175,722482.9996791516,727276.9999148694,739331.9995936296,746942.9999293936,748488.0002927299,749263.0000372168
702794.9999439465,713271.9999663171,714779.0002622552,716390.0001072723,717320.9999290192,719071.0000211175,727276.9999148694,739331.9995936296,746942.9999293936,749263.0000372168,754580.9998646092
694581.000019659,713271.9999663171,714779.0002622552,716390.0001072723,717320.9999290192,719071.0000211175,735490.9998391569,739331.9995936296,746942.9999293936,749263.0000372168,754580.9998646092
694581.000019659,697040.999712454,714779.0002622552,716390.0001072723,717320.9999290192,735302.0002749806,735490.9998391569,739331.9995936296,746942.9999293936,749263.0000372168,754580.9998646092
694581.000019659,697040.999712454,716390.0001072723,717320.9999290192,722002.9999364865,732107.9999193983,735302.0002749806,735490.9998391569,746942.9999293936,749263.0000372168,754580.9998646092
694581.000019659,697040.999712454,716390.0001072723,716730.9996624391,722002.9999364865,732107.9999193983,735302.0002749806,735490.9998391569,746942.9999293936,749263.0000372168,755171.0001311894
694581.000019659,697040.999712454,716390.0001072723,716730.9996624391,718076.000199994,735302.0002749806,735490.9998391569,736034.9996558909,746942.9999293936,749263.0000372168,755171.0001311894
694581.000019659,697040.999712454,716730.9996624391,718076.000199994,725527.0001959471,735302.0002749806,735490.9998391569,736034.9996558909,746034.0000425145,746942.9999293936,749263.0000372168
694581.000019659,716730.9996624391,718076.000199994,720451.9996309578,723532.0000108898,725527.0001959471,735302.0002749806,735490.9998391569,736034.9996558909,746034.0000425145,749263.0000372168
694581.000019659,716730.9996624391,717221.9999634717,718076.000199994,723532.0000108898,725527.0001959471,735490.9998391569,736034.9996558909,738531.9999424667,746034.0000425145,749263.0000372168
697137.0001722334,716730.9996624391,717221.9999634717,718076.000199994,723532.0000108898,725527.0001959471,732934.9996865826,736034.9996558909,738531.9999424667,746034.0000425145,749263.0000372168
712827.0000858993,716730.9996624391,717221.9999634717,718076.000199994,723532.0000108898,725527.0001959471,730344.0001288487,732934.9996865826,736034.9996558909,738531.9999424667,749263.0000372168
712827.0000858993,714727.9999608493,716730.9996624391,718076.000199994,725527.0001959471,726026.0000135122,730344.0001288487,732934.9996865826,736034.9996558909,738531.9999424667,749263.0000372168
712827.0000858993,714457.0000502744,716730.9996624391,718076.000199994,725527.0001959471,726026.0000135122,730344.0001288487,732934.9996865826,736034.9996558909,738802.9998530415,749263.0000372168
712827.0000858993,714457.0000502744,716730.9996624391,718076.000199994,720801.9998410095,725527.0001959471,726026.0000135122,736034.9996558909,738802.9998530415,742476.9999744218,749263.0000372168
712827.0000858993,714773.9999442225,716730.9996624391,718076.000199994,720801.9998410095,725527.0001959471,726026.0000135122,736034.9996558909,738802.9998530415,742160.0000804737,749263.0000372168
714773.9999442225,715251.999992932,716730.9996624391,718076.000199994,720801.9998410095,723601.0001064793,725527.0001959471,736034.9996558909,738802.9998530415,742160.0000804737,749263.0000372168
714773.9999442225,715251.999992932,716947.9998148506,718076.000199994,720801.9998410095,723383.9999540678,725527.0001959471,736034.9996558909,738802.9998530415,742160.0000804737,749263.0000372168
715251.999992932,716947.9998148506,718076.000199994,719877.9999366723,720801.9998410095,723383.9999540678,725527.0001959471,733698.9998605917,736034.9996558909,742160.0000804737,749263.0000372168
710714.0001237838,718076.000199994,719877.9999366723,720801.9998410095,721485.9996839988,723383.9999540678,725527.0001959471,733698.9998605917,736034.9996558909,742160.0000804737,749263.0000372168
709170.9996798642,710714.0001237838,718076.000199994,719877.9999366723,720801.9998410095,725527.0001959471,733698.9998605917,735698.9999582024,736034.9996558909,742160.0000804737,749263.0000372168
709170.9996798642,718076.000199994,719877.9999366723,720801.9998410095,725527.0001959471,725679.000153496,727195.0000507615,733698.9998605917,735698.9999582024,736034.9996558909,749263.0000372168
706046.9999990569,718076.000199994,719877.9999366723,720801.9998410095,725527.0001959471,725679.000153496,727195.0000507615,733698.9998605917,736034.9996558909,738822.9996390096,749263.0000372168
711040.9994710429,718076.000199994,719877.9999366723,720801.9998410095,725527.0001959471,725679.000153496,727195.0000507615,733698.9998605917,733829.0001670236,736034.9996558909,749263.0000372168
711040.9994710429,714788.0000747272,718076.000199994,719877.9999366723,720801.9998410095,725527.0001959471,725679.000153496,733829.0001670236,736034.9996558909,746105.999836626,749263.0000372168
711040.9994710429,713412.9997716525,714788.0000747272,718076.000199994,719877.9999366723,725527.0001959471,725679.000153496,733829.0001670236,736034.9996558909,749263.0000372168,753494.999905983
700339.9996086045,713412.9997716525,714788.0000747272,718076.000199994,719877.9999366723,725527.0001959471,733829.0001670236,736034.9996558909,736380.0000159345,749263.0000372168,753494.999905983
698160.0000093542,713412.9997716525,714788.0000747272,718076.000199994,719877.9999366723,725527.0001959471,736008.9997662739,736034.9996558909,736380.0000159345,749263.0000372168,753494.999905983
713412.9997716525,714788.0000747272,716688.0000633072,717851.9999619814,718076.000199994,719877.9999366723,725527.0001959471,736008.9997662739,736034.9996558909,749263.0000372168,753494.999905983
713412.9997716525,713481.9997982315,714788.0000747272,716688.0000633072,718076.000199994,719877.9999366723,725527.0001959471,736034.9996558909,740378.9999300237,749263.0000372168,753494.999905983
713412.9997716525,713481.9997982315,714788.0000747272,716688.0000633072,718076.000199994,724102.9997668023,725527.0001959471,736034.9996558909,740378.9999300237,749263.0000372168,749270.000075853
713412.9997716525,713481.9997982315,714788.0000747272,716688.0000633072,723380.0001060717,724102.9997668023,725527.0001959471,730730.9997498131,740378.9999300237,749263.0000372168,749270.000075853
713481.9997982315,714788.0000747272,716688.0000633072,723380.0001060717,724102.9997668023,725527.0001959471,730730.9997498131,731334.000085149,731348.9997623565,740378.9999300237,749263.0000372168
709182.0001261983,713481.9997982315,716688.0000633072,723380.0001060717,724102.9997668023,725527.0001959471,730730.9997498131,731348.9997623565,736940.0000336779,740378.9999300237,749263.0000372168
709182.0001261983,713109.0000321113,713481.9997982315,723380.0001060717,724102.9997668023,725527.0001959471,730730.9997498131,731348.9997623565,740378.9999300237,740519.0000648738,749263.0000372168
713109.0000321113,713481.9997982315,717072.0000238499,723380.0001060717,723458.9998647049,724102.9997668023,725527.0001959471,730730.9997498131,740378.9999300237,740519.0000648738,749263.0000372168
713109.0000321113,713481.9997982315,719210.9997128609,721320.000175694,723380.0001060717,724102.9997668023,725527.0001959471,730730.9997498131,740378.9999300237,740519.0000648738,749263.0000372168
713109.0000321113,713481.9997982315,719210.9997128609,721320.000175694,723380.0001060717,724034.9996768928,724102.9997668023,725527.0001959471,740378.9999300237,740519.0000648738,755959.0001101372
701105.9997087088,713109.0000321113,713481.9997982315,723380.0001060717,724034.9996768928,724102.9997668023,725527.0001959471,739425.0001798461,740378.9999300237,740519.0000648738,755959.0001101372
701105.9997087088,713481.9997982315,720792.9999681101,723380.0001060717,724034.9996768928,724102.9997668023,725527.0001959471,732835.000128875,739425.0001798461,740378.9999300237,755959.0001101372
701105.9997087088,716052.9996963349,720792.9999681101,723380.0001060717,724034.9996768928,724102.9997668023,725527.0001959471,732835.000128875,737808.0000319203,739425.0001798461,755959.0001101372
701105.9997087088,716052.9996963349,717209.0000941671,723380.0001060717,724034.9996768928,724102.9997668023,725527.0001959471,736419.0000028181,737808.0000319203,739425.0001798461,755959.0001101372
701105.9997087088,717209.0000941671,723380.0001060717,724034.9996768928,724102.9997668023,725527.0001959471,725656.0001886794,728204.9995395758,736419.0000028181,739425.0001798461,755959.0001101372
701105.9997087088,717395.9998863587,723380.0001060717,723915.9999746106,724034.9996768928,725527.0001959471,725656.0001886794,728204.9995395758,736419.0000028181,739425.0001798461,755959.0001101372
701105.9997087088,718867.0000860675,722444.9997749019,723380.0001060717,724034.9996768928,725527.0001959471,725656.0001886794,728204.9995395758,736419.0000028181,739425.0001798461,755959.0001101372
701105.9997087088,716546.9998286689,718867.0000860675,722444.9997749019,723380.0001060717,724034.9996768928,725527.0001959471,736419.0000028181,737313.9998995863,739425.0001798461,755959.0001101372
701105.9997087088,713889.9999944562,718867.0000860675,722444.9997749019,723380.0001060717,724034.9996768928,728184.0000301598,736419.0000028181,737313.9998995863,739425.0001798461,755959.0001101372
701105.9997087088,713889.9999944562,722444.9997749019,723380.0001060717,724034.9996768928,728184.0000301598,729119.0000116897,736419.0000028181,737313.9998995863,739425.0001798461,745707.0001845149
713889.9999944562,716025.9997632846,722444.9997749019,723380.0001060717,724034.9996768928,724505.0001252703,728184.0000301598,729119.0000116897,736419.0000028181,737313.9998995863,745707.0001845149
713730.9999134075,713889.9999944562,716025.9997632846,722444.9997749019,723380.0001060717,724034.9996768928,724505.0001252703,728184.0000301598,736419.0000028181,745707.0001845149,752701.9999978687
713728.0000338103,713730.9999134075,713889.9999944562,716025.9997632846,722444.9997749019,723380.0001060717,724034.9996768928,728184.0000301598,745707.0001845149,747196.0000942781,752701.9999978687
713728.0000338103,713730.9999134075,713889.9999944562,722444.9997749019,723380.0001060717,724034.9996768928,728184.0000301598,730479.9998424634,732742.0000150993,745707.0001845149,752701.9999978687
713298.9999622715,713730.9999134075,713889.9999944562,722873.9998464406,723380.0001060717,724034.9996768928,728184.0000301598,730479.9998424634,732742.0000150993,745707.0001845149,752701.9999978687
713298.9999622715,713730.9999134075,713889.9999944562,718149.9998073686,722873.9998464406,728184.0000301598,729264.9999755959,730479.9998424634,732742.0000150993,745707.0001845149,752701.9999978687
713298.9999622715,713730.9999134075,713889.9999944562,718149.9998073686,722873.9998464406,728184.0000301598,729001.999802778,729264.9999755959,734220.0000547847,745707.0001845149,752701.9999978687
706937.9999763538,713298.9999622715,713730.9999134075,718149.9998073686,722873.9998464406,729001.999802778,729264.9999755959,734220.0000547847,735136.0000482622,745707.0001845149,752701.9999978687
706937.9999763538,713298.9999622715,718149.9998073686,722873.9998464406,723841.9999682803,729001.999802778,729264.9999755959,734220.0000547847,735136.0000482622,735596.0001296421,752701.9999978687
706689.0000748697,713298.9999622715,718149.9998073686,722873.9998464406,723841.9999682803,729001.999802778,729264.9999755959,734220.0000547847,735384.9999497463,735596.0001296421,752701.9999978687
706689.0000748697,713298.9999622715,716005.9997547035,718149.9998073686,722873.9998464406,723841.9999682803,729264.9999755959,735384.9999497463,735596.0001296421,747216.0001028592,752701.9999978687
706689.0000748697,713298.9999622715,716005.9997547035,717436.9995091618,722873.9998464406,723841.9999682803,729978.0002738028,735384.9999497463,735596.0001296421,747216.0001028592,752701.9999978687
706689.0000748697,713298.9999622715,717436.9995091618,718344.9998275581,722873.9998464406,723841.9999682803,729978.0002738028,735384.9999497463,735596.0001296421,744877.0000300047,752701.9999978687
706689.0000748697,713298.9999622715,714863.9999479281,717436.9995091618,718344.9998275581,723841.9999682803,729978.0002738028,735384.9999497463,735596.0001296421,752701.9999978687,752886.9999285172
706689.0000748697,712080.9999014182,716082.0000087814,717436.9995091618,718344.9998275581,723841.9999682803,729978.0002738028,735384.9999497463,735596.0001296421,752701.9999978687,752886.9999285172
706689.0000748697,716082.0000087814,717436.9995091618,718344.9998275581,722990.0001591258,723841.9999682803,724686.9998719345,729978.0002738028,735384.9999497463,752701.9999978687,752886.9999285172
706689.0000748697,714432.9997041234,716082.0000087814,717436.9995091618,718344.9998275581,722990.0001591258,723841.9999682803,729978.0002738028,735384.9999497463,752701.9999978687,763141.0000963283
706689.0000748697,714432.9997041234,717436.9995091618,718344.9998275581,718700.999843968,721223.0001330938,722990.0001591258,729978.0002738028,735384.9999497463,752701.9999978687,763141.0000963283
706689.0000748697,712196.0000450364,714432.9997041234,717436.9995091618,718344.9998275581,722990.0001591258,727727.9999320254,729978.0002738028,735384.9999497463,752701.9999978687,763141.0000963283
706689.0000748697,712196.0000450364,717436.9995091618,718344.9998275581,721509.9997017329,722990.0001591258,727727.9999320254,729978.0002738028,735384.9999497463,745625.0000002591,763141.0000963283
706689.0000748697,712196.0000450364,718344.9998275581,721106.9996339824,721509.9997017329,722990.0001591258,726308.000148982,727727.9999320254,735384.9999497463,745625.0000002591,763141.0000963283
706689.0000748697,717317.0000246312,717869.000179531,718344.9998275581,721106.9996339824,721509.9997017329,726308.000148982,727727.9999320254,735384.9999497463,745625.0000002591,763141.0000963283
706689.0000748697,717317.0000246312,718344.9998275581,721106.9996339824,721509.9997017329,726308.000148982,727727.9999320254,735384.9999497463,736228.0001635216,744782.0001123378,745625.0000002591
706689.0000748697,713471.999691574,718344.9998275581,721106.9996339824,725355.00003479,726308.000148982,727727.9999320254,735384.9999497463,736228.0001635216,744782.0001123378,745625.0000002591
706689.0000748697,713471.999691574,713785.0001036342,718344.9998275581,721106.9996339824,726308.000148982,727727.9999320254,735384.9999497463,736228.0001635216,745625.0000002591,756352.0000434936
706689.0000748697,713785.0001036342,717741.9998788941,718344.9998275581,721106.9996339824,726308.000148982,727727.9999320254,731957.9999762016,735384.9999497463,745625.0000002591,756352.0000434936
706689.0000748697,715027.9997867687,717741.9998788941,718344.9998275581,719863.9999508479,726308.000148982,727727.9999320254,731957.9999762016,735384.9999497463,745625.0000002591,756352.0000434936
706689.0000748697,715027.9997867687,717741.9998788941,718344.9998275581,719863.9999508479,726308.000148982,727727.9999320254,731957.9999762016,739137.0000184089,741872.9999315966,756352.0000434936
706689.0000748697,713160.9998394055,715027.9997867687,717741.9998788941,718344.9998275581,726308.000148982,727727.9999320254,738661.000087644,739137.0000184089,741872.9999315966,756352.0000434936
697605.9997051063,706689.0000748697,717741.9998788941,718344.9998275581,726308.000148982,727727.9999320254,730582.999921068,738661.000087644,739137.0000184089,741872.9999315966,756352.0000434936
697605.9997051063,706689.0000748697,718344.9998275581,721986.9999156698,726308.000148982,727727.9999320254,730582.999921068,737627.9998948209,738661.000087644,739137.0000184089,756352.0000434936
697605.9997051063,706689.0000748697,713956.0000062654,718344.9998275581,721986.9999156698,726308.000148982,727727.9999320254,730582.999921068,739137.0000184089,756352.0000434936,762332.9999761995
697605.9997051063,713956.0000062654,718344.9998275581,721986.9999156698,722106.9999501428,723719.0001431358,726308.000148982,727727.9999320254,730582.999921068,756352.0000434936,762332.9999761995
697605.9997051063,713956.0000062654,718344.9998275581,718928.9999592863,721986.9999156698,726308.000148982,726897.0001339923,727727.9999320254,730582.999921068,756352.0000434936,762332.9999761995
697605.9997051063,717022.000150147,718344.9998275581,718928.9999592863,721986.9999156698,726308.000148982,726897.0001339923,727727.9999320254,730582.999921068,753285.9998996119,762332.9999761995
697605.9997051063,715688.9998170579,718344.9998275581,718928.9999592863,721986.9999156698,726308.000148982,726897.0001339923,727727.9999320254,730582.999921068,754619.0002327011,762332.9999761995
697605.9997051063,715688.9998170579,718344.9998275581,718928.9999592863,719585.9999429137,721986.9999156698,726897.0001339923,727727.9999320254,737305.0001271364,754619.0002327011,762332.9999761995
697605.9997051063,715688.9998170579,718928.9999592863,719585.9999429137,721986.9999156698,726897.0001339923,727727.9999320254,734125.9998250613,737305.0001271364,746551.9999786962,754619.0002327011
697605.9997051063,715279.9996501782,715688.9998170579,718928.9999592863,719585.9999429137,726897.0001339923,734125.9998250613,734435.000197517,737305.0001271364,746551.9999786962,754619.0002327011
697605.9997051063,711850.9996911406,715688.9998170579,718928.9999592863,719585.9999429137,730326.0000930299,734125.9998250613,734435.000197517,737305.0001271364,746551.9999786962,754619.0002327011
697605.9997051063,715688.9998170579,718928.9999592863,719585.9999429137,722673.9999351572,723611.9999535003,730326.0000930299,734125.9998250613,737305.0001271364,746551.9999786962,754619.0002327011
697605.9997051063,718699.9997973331,718928.9999592863,719585.9999429137,719662.999954882,723611.9999535003,730326.0000930299,734125.9998250613,737305.0001271364,746551.9999786962,754619.0002327011
697605.9997051063,718699.9997973331,718928.9999592863,719585.9999429137,723611.9999535003,726352.9999648194,730326.0000930299,734125.9998250613,737305.0001271364,746551.9999786962,747929.0002227636
714722.0000902753,718699.9997973331,718928.9999592863,719585.9999429137,720188.9997419673,723611.9999535003,726352.9999648194,730326.0000930299,734125.9998250613,746551.9999786962,747929.0002227636
704047.0000314637,718699.9997973331,718928.9999592863,719585.9999429137,720188.9997419673,723611.9999535003,730326.0000930299,734125.9998250613,737028.000023631,746551.9999786962,747929.0002227636
704047.0000314637,717605.9997884729,718699.9997973331,719585.9999429137,720188.9997419673,723611.9999535003,731649.0002638433,734125.9998250613,737028.000023631,746551.9999786962,747929.0002227636
704047.0000314637,717605.9997884729,719585.9999429137,720188.9997419673,723611.9999535003,724252.0005658125,726096.999495364,734125.9998250613,737028.000023631,746551.9999786962,747929.0002227636
704047.0000314637,717605.9997884729,719585.9999429137,720188.9997419673,723542.9994925763,723611.9999535003,726806.0005686001,734125.9998250613,737028.000023631,746551.9999786962,747929.0002227636
704047.0000314637,717543.9999634906,717605.9997884729,719585.9999429137,720188.9997419673,726806.0005686001,729610.999482586,734125.9998250613,737028.000023631,746551.9999786962,747929.0002227636
704047.0000314637,713026.0001850658,717543.9999634906,717605.9997884729,719585.9999429137,720188.9997419673,734125.9998250613,737028.000023631,743390.9998661204,746551.9999786962,747929.0002227636
704047.0000314637,717543.9999634906,717605.9997884729,719585.9999429137,720188.9997419673,723419.000602754,732997.9994484322,734125.9998250613,737028.000023631,746551.9999786962,747929.0002227636
704047.0000314637,710271.0000114922,717605.9997884729,719585.9999429137,720188.9997419673,723419.000602754,734125.9998250613,737028.000023631,740270.9994004307,746551.9999786962,747929.0002227636
699201.0001270566,710271.0000114922,717605.9997884729,719585.9999429137,723419.000602754,725034.9996463744,734125.9998250613,737028.000023631,740270.9994004307,746551.9999786962,747929.0002227636
699201.0001270566,717605.9997884729,719585.9999429137,723419.000602754,723697.9996227018,725034.9996463744,726843.9997892211,734125.9998250613,737028.000023631,746551.9999786962,747929.0002227636
699201.0001270566,717605.9997884729,719585.9999429137,722058.0000328219,723419.000602754,725034.9996463744,726843.9997892211,734125.9998250613,738667.9996135109,746551.9999786962,747929.0002227636
699201.0001270566,716246.9995990247,719585.9999429137,722058.0000328219,724778.0007922022,725034.9996463744,726843.9997892211,734125.9998250613,738667.9996135109,746551.9999786962,747929.0002227636
699201.0001270566,716246.9995990247,719585.9999429137,722058.0000328219,724778.0007922022,725034.9996463744,730862.9993449082,734125.9998250613,734649.0000578238,746551.9999786962,747929.0002227636
699201.0001270566,716246.9995990247,719585.9999429137,722058.0000328219,724778.0007922022,725034.9996463744,730862.9993449082,734125.9998250613,741062.0002908903,741515.9999896971,746551.9999786962
699201.0001270566,716246.9995990247,718275.0000051346,719585.9999429137,722058.0000328219,724778.0007922022,725034.9996463744,730862.9993449082,741062.0002908903,741515.9999896971,762402.9997986229
699201.0001270566,716246.9995990247,718275.0000051346,719585.9999429137,722058.0000328219,725034.9996463744,726853.99964172,728787.0004953904,741062.0002908903,741515.9999896971,762402.9997986229
703765.999653249,716246.9995990247,718275.0000051346,719585.9999429137,720470.0001201819,722058.0000328219,726853.99964172,728787.0004953904,741062.0002908903,741515.9999896971,762402.9997986229
703765.999653249,716246.9995990247,718275.0000051346,719003.0000321751,721053.0000309205,722058.0000328219,726853.99964172,728787.0004953904,741062.0002908903,741515.9999896971,762402.9997986229
703765.999653249,716246.9995990247,718275.0000051346,718866.0003337285,719003.0000321751,721053.0000309205,722058.0000328219,728787.0004953904,741515.9999896971,749049.9995988819,762402.9997986229
703765.999653249,713394.9997155715,718275.0000051346,718866.0003337285,719003.0000321751,721053.0000309205,722058.0000328219,731639.0003788435,741515.9999896971,749049.9995988819,762402.9997986229
703765.999653249,707190.9997838498,718275.0000051346,718866.0003337285,719003.0000321751,721053.0000309205,722058.0000328219,737843.0003105653,741515.9999896971,749049.9995988819,762402.9997986229
703765.999653249,707190.9997838498,716880.0000314431,718275.0000051346,719003.0000321751,721053.0000309205,722058.0000328219,737843.0003105653,743502.0002919827,749049.9995988819,762402.9997986229
703765.999653249,707190.9997838498,715737.0002506013,716880.0000314431,718275.0000051346,722058.0000328219,724318.9998124943,737843.0003105653,743502.0002919827,749049.9995988819,762402.9997986229
703765.999653249,707190.9997838498,715737.0002506013,716880.0000314431,721538.0002871032,722058.0000328219,724318.9998124943,737843.0003105653,740239.000010014,749049.9995988819,762402.9997986229
703765.999653249,707190.9997838498,715737.0002506013,716012.0000106319,721538.0002871032,722926.0000536331,724318.9998124943,737843.0003105653,740239.000010014,749049.9995988819,762402.9997986229
703765.999653249,707190.9997838498,715737.0002506013,716644.0000466924,721538.0002871032,722294.0000175725,724318.9998124943,737843.0003105653,740239.000010014,749049.9995988819,762402.9997986229
699856.9999750528,707190.9997838498,716644.0000466924,719645.9999287976,721538.0002871032,722294.0000175725,724318.9998124943,737843.0003105653,740239.000010014,749049.9995988819,762402.9997986229
699856.9999750528,707190.9997838498,716644.0000466924,719645.9999287976,722294.0000175725,724318.9998124943,724606.0000154165,737171.0002817007,737843.0003105653,749049.9995988819,762402.9997986229
697209.9999624947,707190.9997838498,716644.0000466924,722292.9999413557,722294.0000175725,724318.9998124943,724606.0000154165,737171.0002817007,737843.0003105653,749049.9995988819,762402.9997986229
697209.9999624947,707190.9997838498,712840.0000111924,722292.9999413557,722294.0000175725,724318.9998124943,724606.0000154165,737843.0003105653,740975.0003172008,749049.9995988819,762402.9997986229
697209.9999624947,707190.9997838498,712840.0000111924,716574.0003087341,722292.9999413557,722294.0000175725,724318.9998124943,737843.0003105653,749007.0000238832,749049.9995988819,762402.9997986229
697209.9999624947,712840.0000111924,716291.0000308533,716574.0003087341,722292.9999413557,722294.0000175725,724318.9998124943,728743.0000635618,749007.0000238832,749049.9995988819,762402.9997986229
697209.9999624947,712840.0000111924,716291.0000308533,722292.9999413557,722294.0000175725,724318.9998124943,728743.0000635618,731258.9998089029,734365.0000987132,749007.0000238832,762402.9997986229
697209.9999624947,712840.0000111924,716291.0000308533,722292.9999413557,722294.0000175725,724318.9998124943,725484.9997629478,728743.0000635618,740139.0001446682,749007.0000238832,762402.9997986229
697209.9999624947,712840.0000111924,714475.0002646138,716291.0000308533,722294.0000175725,725484.9997629478,728743.0000635618,732136.9994892362,740139.0001446682,749007.0000238832,762402.9997986229
697209.9999624947,712840.0000111924,714475.0002646138,716291.0000308533,718688.9998435915,722294.0000175725,732136.9994892362,735538.9999829181,740139.0001446682,749007.0000238832,762402.9997986229
697209.9999624947,712840.0000111924,714475.0002646138,716291.0000308533,719106.9999821057,722294.0000175725,732136.9994892362,735538.9999829181,739721.000006154,749007.0000238832,762402.9997986229
697209.9999624947,710512.9999373469,712840.0000111924,716291.0000308533,719106.9999821057,722294.0000175725,735538.9999829181,736098.9998165029,739721.000006154,749007.0000238832,762402.9997986229
697209.9999624947,710512.9999373469,716291.0000308533,718414.0000245752,719106.9999821057,722294.0000175725,734146.9999927712,735538.9999829181,736098.9998165029,749007.0000238832,762402.9997986229
697209.9999624947,710512.9999373469,716291.0000308533,717175.9998873486,718414.0000245752,722294.0000175725,735538.9999829181,736078.0000875283,736098.9998165029,749007.0000238832,762402.9997986229
697209.9999624947,710512.9999373469,711730.0000292035,716291.0000308533,718414.0000245752,722294.0000175725,736078.0000875283,736098.9998165029,740984.9998410633,749007.0000238832,762402.9997986229
697209.9999624947,710512.9999373469,711730.0000292035,714516.0002695699,716291.0000308533,718414.0000245752,722294.0000175725,736098.9998165029,749007.0000238832,762402.9997986229,762546.9996590216
697209.9999624947,710512.9999373469,711730.0000292035,716291.0000308533,718414.0000245752,722294.0000175725,724203.9998673671,736098.9998165029,749007.0000238832,752859.0000612244,762402.9997986229
697209.9999624947,710512.9999373469,711730.0000292035,716291.0000308533,718414.0000245752,723539.9998288967,724203.9998673671,736098.9998165029,749007.0000238832,752859.0000612244,761156.9999872987
697209.9999624947,710512.9999373469,715465.0001551597,716291.0000308533,718414.0000245752,720468.9997414108,723539.9998288967,736098.9998165029,749007.0000238832,752859.0000612244,761156.9999872987
697209.9999624947,710512.9999373469,713984.0000332941,715465.0001551597,716291.0000308533,718414.0000245752,723539.9998288967,736098.9998165029,752859.0000612244,755491.9997319999,761156.9999872987
697209.9999624947,706455.9997113023,710512.9999373469,715465.0001551597,716291.0000308533,718414.0000245752,731068.0001508885,736098.9998165029,752859.0000612244,755491.9997319999,761156.9999872987
697209.9999624947,706455.9997113023,715465.0001551597,716291.0000308533,718414.0000245752,721148.9996733919,725463.000080458,731068.0001508885,752859.0000612244,755491.9997319999,761156.9999872987
697209.9999624947,706455.9997113023,713749.9997645442,715465.0001551597,716291.0000308533,718414.0000245752,731068.0001508885,732861.9999893057,752859.0000612244,755491.9997319999,761156.9999872987
697209.9999624947,706455.9997113023,709898.0000564791,713749.9997645442,716291.0000308533,723981.0001232558,731068.0001508885,732861.9999893057,752859.0000612244,755491.9997319999,761156.9999872987
697209.9999624947,709202.0000946849,709898.0000564791,713749.9997645442,716291.0000308533,723981.0001232558,728321.9997675059,732861.9999893057,752859.0000612244,755491.9997319999,761156.9999872987
697209.9999624947,709202.0000946849,709898.0000564791,713749.9997645442,716291.0000308533,723176.9998665287,728321.9997675059,732861.9999893057,752859.0000612244,756295.999988727,761156.9999872987
697209.9999624947,699513.9996233069,709202.0000946849,709898.0000564791,713749.9997645442,728321.9997675059,732861.9999893057,739954.0002740751,752859.0000612244,756295.999988727,761156.9999872987
693785.9998919877,699513.9996233069,709202.0000946849,713322.0001269862,713749.9997645442,728321.9997675059,732861.9999893057,739954.0002740751,752859.0000612244,756295.999988727,761156.9999872987
693785.9998919877,699513.9996233069,709202.0000946849,713749.9997645442,723976.9998558615,728321.9997675059,732861.9999893057,739954.0002740751,750502.0002584235,752859.0000612244,756295.999988727
699513.9996233069,709202.0000946849,713749.9997645442,714821.000052745,723976.9998558615,728321.9997675059,729467.0000976662,732861.9999893057,739954.0002740751,752859.0000612244,756295.999988727
699513.9996233069,709202.0000946849,711047.9996545583,714821.000052745,723976.9998558615,728321.9997675059,729467.0000976662,735564.0000992917,739954.0002740751,752859.0000612244,756295.999988727
699513.9996233069,700067.0000743743,709202.0000946849,714821.000052745,723976.9998558615,728321.9997675059,735564.0000992917,739954.0002740751,740447.9996778502,752859.0000612244,756295.999988727
699513.9996233069,709202.0000946849,714821.000052745,723976.9998558615,724970.000171516,728321.9997675059,731392.9998915853,735564.0000992917,739954.0002740751,740447.9996778502,752859.0000612244
699513.9996233069,709202.0000946849,714821.000052745,723589.9995855732,723976.9998558615,724970.000171516,728321.9997675059,731392.9998915853,739954.0002740751,752422.0001915686,752859.0000612244
699513.9996233069,704727.9999767877,714821.000052745,723589.9995855732,724970.000171516,728321.9997675059,728450.9999737587,731392.9998915853,739954.0002740751,752422.0001915686,752859.0000612244
699513.9996233069,704727.9999767877,714821.000052745,722174.0000880723,723589.9995855732,724970.000171516,731392.9998915853,734598.9996531924,739954.0002740751,752422.0001915686,752859.0000612244
699513.9996233069,704727.9999767877,712700.0000409395,723589.9995855732,724295.0000998777,724970.000171516,731392.9998915853,734598.9996531924,739954.0002740751,752422.0001915686,752859.0000612244
699513.9996233069,704727.9999767877,712700.0000409395,724295.0000998777,724970.000171516,729272.9994315095,731392.9998915853,734598.9996531924,739954.0002740751,746739.0003456324,752859.0000612244
699513.9996233069,704727.9999767877,712700.0000409395,724295.0000998777,724970.000171516,729272.9994315095,732732.0002473734,734598.9996531924,738614.999918287,746739.0003456324,752859.0000612244
699513.9996233069,704727.9999767877,712700.0000409395,724966.9998369194,724970.000171516,729272.9994315095,732732.0002473734,733926.9999161507,738614.999918287,746739.0003456324,752859.0000612244
699513.9996233069,712700.0000409395,718876.9998081173,719778.0000848211,724966.9998369194,724970.000171516,729272.9994315095,732732.0002473734,738614.999918287,746739.0003456324,752859.0000612244
699513.9996233069,712700.0000409395,716458.999772805,722196.0001201334,724966.9998369194,724970.000171516,729272.9994315095,732732.0002473734,738614.999918287,746739.0003456324,752859.0000612244
699513.9996233069,712700.0000409395,716458.999772805,720429.0000962911,722196.0001201334,724966.9998369194,729272.9994315095,732732.0002473734,738614.999918287,746739.0003456324,757400.0001364494
699513.9996233069,712700.0000409395,716458.999772805,718495.0000407986,722196.0001201334,724966.9998369194,729272.9994315095,734666.0003028659,738614.999918287,746739.0003456324,757400.0001364494
699513.9996233069,712700.0000409395,716458.999772805,716482.000304069,722196.0001201334,724966.9998369194,729272.9994315095,736679.0000395954,738614.999918287,746739.0003456324,757400.0001364494
699513.9996233069,712700.0000409395,716458.999772805,716482.000304069,722196.0001201334,724966.9998369194,725646.9997017137,736679.0000395954,738614.999918287,750365.0000754283,757400.0001364494
699513.9996233069,716458.999772805,716482.000304069,718536.0001356027,722196.0001201334,724966.9998369194,725646.9997017137,730842.9999449323,738614.999918287,750365.0000754283,757400.0001364494
699513.9996233069,713438.0007801275,716458.999772805,718536.0001356027,722196.0001201334,724966.9998369194,725646.9997017137,730842.9999449323,741658.9994422286,750365.0000754283,757400.0001364494
699513.9996233069,713438.0007801275,714752.9998054234,716458.999772805,718536.0001356027,722196.0001201334,724966.9998369194,741658.9994422286,741736.9998412225,750365.0000754283,757400.0001364494
699513.9996233069,713438.0007801275,714752.9998054234,716458.999772805,718536.0001356027,722196.0001201334,724966.9998369194,735815.0001791707,741658.9994422286,756286.9997374802,757400.0001364494
699513.9996233069,709338.9999107434,713438.0007801275,714752.9998054234,718536.0001356027,722196.0001201334,732086.999698981,735815.0001791707,741658.9994422286,756286.9997374802,757400.0001364494
699513.9996233069,709338.9999107434,713438.0007801275,714752.9998054234,719334.0002411482,721398.0000145879,732086.999698981,735815.0001791707,741658.9994422286,756286.9997374802,757400.0001364494
699513.9996233069,709338.9999107434,713438.0007801275,714752.9998054234,718113.9998851839,719334.0002411482,732086.999698981,735815.0001791707,741658.9994422286,757400.0001364494,759570.9998668842
699513.9996233069,709338.9999107434,713438.0007801275,718113.9998851839,719334.0002411482,732086.999698981,735815.0001791707,736750.9998202131,737572.9998520946,741658.9994422286,757400.0001364494
699513.9996233069,709338.9999107434,713438.0007801275,715767.0002298763,718113.9998851839,732086.999698981,735815.0001791707,736750.9998202131,737572.9998520946,741658.9994422286,760967.0001477213
699513.9996233069,709338.9999107434,713438.0007801275,718113.9998851839,725646.9999017599,727693.0001802109,732086.999698981,735815.0001791707,736750.9998202131,741658.9994422286,760967.0001477213
699513.9996233069,709338.9999107434,713289.0003143357,718113.9998851839,725646.9999017599,727693.0001802109,732086.999698981,735815.0001791707,736750.9998202131,741807.9999080203,760967.0001477213
699513.9996233069,709338.9999107434,718113.9998851839,724822.9998795971,725646.9999017599,727693.0001802109,730274.0003427588,732086.999698981,735815.0001791707,736750.9998202131,760967.0001477213
699513.9996233069,709338.9999107434,718113.9998851839,724708.0001869798,724822.9998795971,728631.999894991,730274.0003427588,732086.999698981,735815.0001791707,736750.9998202131,760967.0001477213
698454.0000624473,699513.9996233069,718113.9998851839,724822.9998795971,728631.999894991,730274.0003427588,732086.999698981,735593.0000352759,735815.0001791707,736750.9998202131,760967.0001477213
698454.0000624473,699513.9996233069,718113.9998851839,722571.9998699308,724822.9998795971,728631.999894991,730274.0003427588,732086.999698981,735815.0001791707,749771.9999855582,760967.0001477213
698454.0000624473,699513.9996233069,718113.9998851839,722571.9998699308,724778.9998994702,728675.9998751179,730274.0003427588,732086.999698981,735815.0001791707,749771.9999855582,760967.0001477213
699513.9996233069,715802.0001044549,718113.9998851839,722571.9998699308,724778.9998994702,728675.9998751179,730274.0003427588,732086.999698981,732423.9999435506,735815.0001791707,760967.0001477213
699513.9996233069,715802.0001044549,718113.9998851839,721081.9998243217,724778.9998994702,728675.9998751179,730274.0003427588,732086.999698981,733913.9999891596,735815.0001791707,760967.0001477213
699513.9996233069,715802.0001044549,718113.9998851839,721081.9998243217,724778.9998994702,730274.0003427588,732086.999698981,733913.9999891596,735815.0001791707,738287.9998554587,751355.0001673804
699513.9996233069,718113.9998851839,721081.9998243217,722335.9997345533,724778.9998994702,725553.0000688826,730274.0003427588,733913.9999891596,735815.0001791707,738287.9998554587,751355.0001673804
699513.9996233069,718113.9998851839,721081.9998243217,722335.9997345533,723769.0000976796,724778.9998994702,730274.0003427588,735697.9999603627,735815.0001791707,738287.9998554587,751355.0001673804
699513.9996233069,718113.9998851839,721081.9998243217,722335.9997345533,723769.0000976796,724778.9998994702,730274.0003427588,735815.0001791707,737791.0001640533,738287.9998554587,749261.9999636898
699513.9996233069,715356.9998235995,718113.9998851839,722335.9997345533,724778.9998994702,729494.0000984018,730274.0003427588,735815.0001791707,737791.0001640533,738287.9998554587,749261.9999636898
699513.9996233069,715356.9998235995,718113.9998851839,722335.9997345533,724778.9998994702,730274.0003427588,735815.0001791707,737791.0001640533,737854.9998407934,738287.9998554587,740901.0002212982
699513.9996233069,715356.9998235995,718113.9998851839,722335.9997345533,723666.9998212206,730274.0003427588,735815.0001791707,737791.0001640533,737854.9998407934,738287.9998554587,742013.0002995478
699513.9996233069,715356.9998235995,721649.9998644248,722335.9997345533,723666.9998212206,730274.0003427588,734751.9998762178,735815.0001791707,737791.0001640533,737854.9998407934,742013.0002995478
693295.999940169,715356.9998235995,721649.9998644248,722335.9997345533,723666.9998212206,734751.9998762178,735815.0001791707,736492.0000258967,737791.0001640533,737854.9998407934,742013.0002995478
693295.999940169,715356.9998235995,720644.9999984566,721649.9998644248,722335.9997345533,723666.9998212206,734751.9998762178,735815.0001791707,736492.0000258967,737791.0001640533,759223.0001418847
693295.999940169,715356.9998235995,717276.9994832037,720644.9999984566,722335.9997345533,723666.9998212206,735815.0001791707,736492.0000258967,737791.0001640533,739125.0002574389,759223.0001418847
693295.999940169,716364.0001946287,717276.9994832037,720644.9999984566,722335.9997345533,723666.9998212206,734807.9998081415,736492.0000258967,737791.0001640533,739125.0002574389,759223.0001418847
693295.999940169,716364.0001946287,717276.9994832037,722335.9997345533,723666.9998212206,728685.9999911528,729750.0001713571,734807.9998081415,736492.0000258967,739125.0002574389,759223.0001418847
706143.9998172848,716364.0001946287,717276.9994832037,722335.9997345533,723644.000148781,723666.9998212206,728685.9999911528,729750.0001713571,734807.9998081415,739125.0002574389,759223.0001418847
706143.9998172848,716364.0001946287,717276.9994832037,722335.9997345533,723644.000148781,723666.9998212206,729750.0001713571,729823.0000711131,734807.9998081415,739125.0002574389,758086.0000619243
706143.9998172848,716364.0001946287,717276.9994832037,722335.9997345533,723644.000148781,723666.9998212206,729750.0001713571,729823.0000711131,737947.9998242339,739125.0002574389,754946.0000458319
706143.9998172848,713630.9999747664,716364.0001946287,722335.9997345533,723644.000148781,723666.9998212206,729750.0001713571,729823.0000711131,739125.0002574389,741593.9993326713,754946.0000458319
706143.9998172848,713630.9999747664,715381.0002661333,722335.9997345533,723644.000148781,723666.9998212206,729750.0001713571,729823.0000711131,740108.0001859342,741593.9993326713,754946.0000458319
706143.9998172848,713630.9999747664,715381.0002661333,722335.9997345533,723621.9998785408,723644.000148781,723666.9998212206,729750.0001713571,740108.0001859342,741593.9993326713,761147.0002384043
696560.9999130389,713630.9999747664,715381.0002661333,722335.9997345533,723621.9998785408,723666.9998212206,729750.0001713571,733227.0000530268,740108.0001859342,741593.9993326713,761147.0002384043
710409.0001710753,713630.9999747664,715381.0002661333,719378.9997949904,722335.9997345533,723621.9998785408,723666.9998212206,729750.0001713571,740108.0001859342,741593.9993326713,761147.0002384043
710409.0001710753,713630.9999747664,715414.0004954216,719378.9997949904,722335.9997345533,723621.9998785408,723666.9998212206,729750.0001713571,740074.999956646,741593.9993326713,761147.0002384043
710409.0001710753,713630.9999747664,715414.0004954216,719378.9997949904,722335.9997345533,723621.9998785408,725339.9993550241,729750.0001713571,739920.9997988679,740074.999956646,761147.0002384043
710409.0001710753,713630.9999747664,715414.0004954216,718264.0000677995,722335.9997345533,723621.9998785408,725339.9993550241,729750.0001713571,740074.999956646,741035.9995260588,761147.0002384043
710409.0001710753,710881.0000686869,713630.9999747664,715414.0004954216,722335.9997345533,723621.9998785408,729750.0001713571,732722.9993541366,740074.999956646,741035.9995260588,761147.0002384043
710409.0001710753,710881.0000686869,713630.9999747664,715414.0004954216,720923.0001753774,723621.9998785408,729750.0001713571,732722.9993541366,740074.999956646,741035.9995260588,762559.9997975802
707182.9997586932,713630.9999747664,714107.0004810691,715414.0004954216,720923.0001753774,723621.9998785408,729750.0001713571,732722.9993541366,740074.999956646,741035.9995260588,762559.9997975802
707182.9997586932,713630.9999747664,715414.0004954216,715661.0002994034,720923.0001753774,723621.9998785408,729750.0001713571,732722.9993541366,739481.9997077244,740074.999956646,762559.9997975802
707182.9997586932,715414.0004954216,715661.0002994034,720923.0001753774,723621.9998785408,726200.0001244836,727505.9998069288,729750.0001713571,732722.9993541366,739481.9997077244,762559.9997975802
707182.9997586932,715414.0004954216,715661.0002994034,720923.0001753774,726200.0001244836,726594.9998244332,727505.9998069288,729750.0001713571,732722.9993541366,739481.9997077244,759586.9998516877
707182.9997586932,710803.999554648,715661.0002994034,720923.0001753774,726200.0001244836,726594.9998244332,729750.0001713571,732116.0007477024,732722.9993541366,739481.9997077244,759586.9998516877
707182.9997586932,710803.999554648,715661.0002994034,718243.0001830838,726594.9998244332,728880.0001167771,729750.0001713571,732116.0007477024,732722.9993541366,739481.9997077244,759586.9998516877
708015.0001151374,710803.999554648,714828.9999429592,718243.0001830838,726594.9998244332,728880.0001167771,729750.0001713571,732116.0007477024,732722.9993541366,739481.9997077244,759586.9998516877
708015.0001151374,710803.999554648,714828.9999429592,719487.0002116342,726594.9998244332,727636.0000882267,729750.0001713571,732116.0007477024,732722.9993541366,739481.9997077244,759586.9998516877
710803.999554648,714828.9999429592,716184.000114036,719487.0002116342,726594.9998244332,727636.0000882267,729750.0001713571,731312.9997088257,732116.0007477024,732722.9993541366,759586.9998516877
710803.999554648,714828.9999429592,716184.000114036,719487.0002116342,725839.9995573028,726594.9998244332,727636.0000882267,729750.0001713571,731312.9997088257,738999.0005445363,759586.9998516877
699310.9996074545,714828.9999429592,716184.000114036,719487.0002116342,725839.9995573028,726594.9998244332,729750.0001713571,731312.9997088257,738999.0005445363,739129.0000354202,759586.9998516877
699310.9996074545,714828.9999429592,716184.000114036,719487.0002116342,726576.9999820872,726594.9998244332,729750.0001713571,731312.9997088257,738262.0001197519,739129.0000354202,759586.9998516877
699310.9996074545,714828.9999429592,716184.000114036,719487.0002116342,719903.0003415749,726576.9999820872,726594.9998244332,729750.0001713571,731312.9997088257,757487.9998135972,759586.9998516877
714828.9999429592,716184.000114036,719487.0002116342,719903.0003415749,726576.9999820872,726594.9998244332,727075.0001970681,729723.9992239836,729750.0001713571,731312.9997088257,759586.9998516877
714828.9999429592,716184.000114036,719210.0002016536,719903.0003415749,726576.9999820872,726594.9998244332,727352.0002070487,729723.9992239836,729750.0001713571,731312.9997088257,759586.9998516877
714224.9997833237,714828.9999429592,719210.0002016536,719903.0003415749,726576.9999820872,726594.9998244332,727352.0002070487,729723.9992239836,729750.0001713571,731312.9997088257,761546.0001824
714224.9997833237,717765.9997703991,719210.0002016536,719903.0003415749,726576.9999820872,726594.9998244332,727352.0002070487,729723.9992239836,729750.0001713571,731312.9997088257,758609.0003549601
714224.9997833237,715549.0001798611,717765.9997703991,719210.0002016536,719903.0003415749,726594.9998244332,729723.9992239836,729750.0001713571,731312.9997088257,738380.0000092748,758609.0003549601
714224.9997833237,715549.0001798611,715616.9995463437,717765.9997703991,719210.0002016536,726594.9998244332,729750.0001713571,731312.9997088257,734010.0000192147,738380.0000092748,758609.0003549601
691563.0000930863,715616.9995463437,717765.9997703991,719210.0002016536,726594.9998244332,729750.0001713571,731312.9997088257,734010.0000192147,738210.9998700985,738380.0000092748,758609.0003549601
691563.0000930863,715616.9995463437,716646.9999275269,717765.9997703991,719210.0002016536,729750.0001713571,731312.9997088257,734010.0000192147,738380.0000092748,748158.9997670049,758609.0003549601
691563.0000930863,715616.9995463437,716646.9999275269,719210.0002016536,719883.9997604071,729750.0001713571,731312.9997088257,734010.0000192147,738380.0000092748,748158.9997670049,756491.000364952
713317.000063359,715616.9995463437,716646.9999275269,719210.0002016536,719883.9997604071,726404.9997967321,729750.0001713571,731312.9997088257,734010.0000192147,738380.0000092748,756491.000364952
713110.9999547814,715616.9995463437,716646.9999275269,719210.0002016536,719883.9997604071,726404.9997967321,729750.0001713571,731312.9997088257,734010.0000192147,738586.0001178525,756491.000364952
713110.9999547814,713952.0001072705,715616.9995463437,716646.9999275269,719210.0002016536,719883.9997604071,729750.0001713571,731312.9997088257,734010.0000192147,751038.999807314,756491.000364952
713110.9999547814,713952.0001072705,715616.9995463437,716646.9999275269,719210.0002016536,719883.9997604071,723047.0002922171,731312.9997088257,734010.0000192147,751038.999807314,763194.000244092
713110.9999547814,713952.0001072705,715350.9997184947,716646.9999275269,719210.0002016536,719883.9997604071,723047.0002922171,731312.9997088257,734275.9998470637,751038.999807314,763194.000244092
713110.9999547814,713952.0001072705,715350.9997184947,715637.9998828192,716646.9999275269,719883.9997604071,723047.0002922171,731312.9997088257,737848.000165898,751038.999807314,763194.000244092
713110.9999547814,715350.9997184947,715637.9998828192,716646.9999275269,719883.9997604071,721286.9997827177,723047.0002922171,731312.9997088257,737848.000165898,743704.0001318669,763194.000244092
701555.0000870358,715637.9998828192,716646.9999275269,719883.9997604071,721286.9997827177,723047.0002922171,726906.9995862403,731312.9997088257,737848.000165898,743704.0001318669,763194.000244092
715637.9998828192,716168.9997055597,716646.9999275269,716699.0000903019,719883.9997604071,721286.9997827177,723047.0002922171,726906.9995862403,737848.000165898,743704.0001318669,763194.000244092
712482.9997271999,715637.9998828192,716646.9999275269,716699.0000903019,721286.9997827177,723047.0002922171,723569.999738767,726906.9995862403,737848.000165898,743704.0001318669,763194.000244092
712482.9997271999,716092.0000642983,716646.9999275269,716699.0000903019,721286.9997827177,723047.0002922171,723569.999738767,726906.9995862403,737393.999984419,743704.0001318669,763194.000244092
712482.9997271999,716092.0000642983,716699.0000903019,721286.9997827177,723047.0002922171,723569.999738767,725864.0002535433,726906.9995862403,737393.999984419,743704.0001318669,753976.9999180756
712482.9997271999,716092.0000642983,716699.0000903019,721286.9997827177,723569.999738767,724334.0004057763,724577.0001399841,726906.9995862403,737393.999984419,743704.0001318669,753976.9999180756
712482.9997271999,714457.999888001,716092.0000642983,716699.0000903019,723569.999738767,724334.0004057763,724577.0001399841,726906.9995862403,737393.999984419,743704.0001318669,760805.9998127924
712482.9997271999,716092.0000642983,716699.0000903019,723569.999738767,724334.0004057763,724577.0001399841,726906.9995862403,727565.9999439439,730596.000075924,737393.999984419,760805.9998127924
712482.9997271999,716092.0000642983,716699.0000903019,719252.0000116669,723569.999738767,724334.0004057763,724577.0001399841,726906.9995862403,737393.999984419,738910.000008201,760805.9998127924
712482.9997271999,713364.0000890453,716092.0000642983,719252.0000116669,723569.999738767,724334.0004057763,726906.9995862403,727912.0001412407,737393.999984419,738910.000008201,760805.9998127924
712482.9997271999,713364.0000890453,714126.9996456546,719252.0000116669,723569.999738767,724334.0004057763,727912.0001412407,728872.0000048839,737393.999984419,738910.000008201,760805.9998127924
712482.9997271999,713364.0000890453,714126.9996456546,719252.0000116669,723569.999738767,724334.0004057785,727912.0001412384,728872.0000048839,737393.999984419,738910.000008201,760805.9998127924
710350.0007008341,712482.9997271999,714126.9996456546,719252.0000116669,723569.999738767,727347.9997939897,727912.0001412384,728872.0000048839,737393.999984419,738910.000008201,760805.9998127924
710350.0007008341,712482.9997271999,715759.9990428712,719252.0000116669,723569.999738767,727239.0006076673,727347.9997939897,727912.0001412384,737393.999984419,738910.000008201,760805.9998127924
710218.0002015257,712482.9997271999,715759.9990428712,719252.0000116669,723569.999738767,727239.0006076673,727480.000293298,727912.0001412384,737393.999984419,738910.000008201,760805.9998127924
710218.0002015257,712482.9997271999,715759.9990428712,719252.0000116669,723569.999738767,726302.0001801469,727480.000293298,727912.0001412384,738331.0004119393,738910.000008201,760805.9998127924
712482.9997271999,715749.0000406029,715759.9990428712,719252.0000116669,721949.0004542209,723569.999738767,726302.0001801469,727912.0001412384,738331.0004119393,738910.000008201,760805.9998127924
712482.9997271999,713778.9998276687,715759.9990428712,719252.0000116669,723569.999738767,723919.0006671551,726302.0001801469,727912.0001412384,738331.0004119393,738910.000008201,760805.9998127924
713778.9998276687,715759.9990428712,716335.000138098,719252.0000116669,719717.9993278689,723919.0006671551,726302.0001801469,727912.0001412384,738331.0004119393,738910.000008201,760805.9998127924
715759.9990428712,716335.000138098,717087.0004324247,719252.0000116669,719717.9993278689,720611.0000623991,726302.0001801469,727912.0001412384,738331.0004119393,738910.000008201,760805.9998127924
714399.9996961823,716335.000138098,717087.0004324247,719252.0000116669,719717.9993278689,720611.0000623991,726302.0001801469,727912.0001412384,738910.000008201,739690.9997586282,760805.9998127924
716335.000138098,717087.0004324247,717632.9999525768,719252.0000116669,719717.9993278689,720611.0000623991,723068.9999237524,727912.0001412384,738910.000008201,739690.9997586282,760805.9998127924
715156.0001548273,716335.000138098,717087.0004324247,719252.0000116669,719717.9993278689,720611.0000623991,725545.999721502,727912.0001412384,738910.000008201,739690.9997586282,760805.9998127924
705634.9996921156,715156.0001548273,716335.000138098,719252.0000116669,720611.0000623991,725545.999721502,727912.0001412384,731170.000068178,738910.000008201,739690.9997586282,760805.9998127924
705634.9996921156,715156.0001548273,716335.000138098,719252.0000116669,720611.0000623991,722396.9997251822,731061.0001375582,731170.000068178,738910.000008201,739690.9997586282,760805.9998127924
705482.9999254176,715156.0001548273,716335.000138098,719252.0000116669,720611.0000623991,722396.9997251822,731061.0001375582,731321.999834876,738910.000008201,739690.9997586282,760805.9998127924
704643.0000566205,705482.9999254176,715156.0001548273,716335.000138098,722396.9997251822,731061.0001375582,731321.999834876,735220.0000174455,738910.000008201,739690.9997586282,760805.9998127924
701240.000055213,705482.9999254176,715156.0001548273,716335.000138098,722396.9997251822,731061.0001375582,734724.9998362835,735220.0000174455,738910.000008201,739690.9997586282,760805.9998127924
701240.000055213,705482.9999254176,715156.0001548273,716335.000138098,722396.9997251822,723712.9999807846,734724.9998362835,735220.0000174455,739690.9997586282,746258.0001649746,760805.9998127924
698206.0000350886,705482.9999254176,715156.0001548273,716335.000138098,722396.9997251822,723712.9999807846,735220.0000174455,737758.9998564079,739690.9997586282,746258.0001649746,760805.9998127924
692736.9995089825,698206.0000350886,715156.0001548273,722396.9997251822,723712.9999807846,729081.0005545331,735220.0000174455,737758.9998564079,739690.9997586282,746258.0001649746,760805.9998127924
692736.9995089825,698206.0000350886,715008.9999346196,722396.9997251822,723712.9999807846,729081.0005545331,735220.0000174455,737758.9998564079,739837.9999788358,746258.0001649746,760805.9998127924
692736.9995089825,698206.0000350886,715008.9999346196,719013.9999754899,727095.9997304769,729081.0005545331,735220.0000174455,737758.9998564079,739837.9999788358,746258.0001649746,760805.9998127924
698206.0000350886,699422.9999917521,715008.9999346196,719013.9999754899,727095.9997304769,729081.0005545331,731072.9993736383,735220.0000174455,739837.9999788358,746258.0001649746,760805.9998127924
699422.9999917521,712251.0001473936,715008.9999346196,717027.9992613334,719013.9999754899,727095.9997304769,729081.0005545331,735220.0000174455,739837.9999788358,746258.0001649746,760805.9998127924
699422.9999917521,711022.0001594181,712251.0001473936,715008.9999346196,717027.9992613334,729081.0005545331,735087.9995465487,735220.0000174455,739837.9999788358,746258.0001649746,760805.9998127924
699422.9999917521,711022.0001594181,712251.0001473936,715008.9999346196,717027.9992613334,729081.0005545331,735220.0000174455,735614.9996624003,739310.999862984,746258.0001649746,760805.9998127924
699422.9999917521,711022.0001594181,712251.0001473936,715526.0002374463,717027.9992613334,729081.0005545331,735097.9993595737,735220.0000174455,739310.999862984,746258.0001649746,760805.9998127924
699422.9999917521,712251.0001473936,713892.0000860648,715526.0002374463,717027.9992613334,729081.0005545331,735097.9993595737,735220.0000174455,736440.9999363373,746258.0001649746,760805.9998127924
712251.0001473936,713844.000239068,713892.0000860648,714660.0003072172,715526.0002374463,717027.9992613334,735097.9993595737,735220.0000174455,736440.9999363373,746258.0001649746,760805.9998127924
704102.0002508342,712251.0001473936,713892.0000860648,715526.0002374463,717027.9992613334,724402.000295451,735097.9993595737,735220.0000174455,736440.9999363373,746258.0001649746,760805.9998127924
704102.0002508342,712251.0001473936,713892.0000860648,717027.9992613334,720726.0001187867,724402.000295451,729897.9994782333,735220.0000174455,736440.9999363373,746258.0001649746,760805.9998127924
696820.0006515244,712251.0001473936,713892.0000860648,717027.9992613334,720726.0001187867,729897.9994782333,731683.9998947608,735220.0000174455,736440.9999363373,746258.0001649746,760805.9998127924
696820.0006515244,709547.9995075052,713892.0000860648,719730.9999012217,720726.0001187867,729897.9994782333,731683.9998947608,735220.0000174455,736440.9999363373,746258.0001649746,760805.9998127924
696820.0006515244,709547.9995075052,711587.9997395237,720726.0001187867,722035.0002477628,729897.9994782333,731683.9998947608,735220.0000174455,736440.9999363373,746258.0001649746,760805.9998127924
696820.0006515244,709547.9995075052,711587.9997395237,715731.9998463609,722035.0002477628,729897.9994782333,731683.9998947608,735220.0000174455,741435.0002087632,746258.0001649746,760805.9998127924
706143.000735683,709547.9995075052,711587.9997395237,715731.9998463609,722035.0002477628,722360.9998106022,729897.9994782333,735220.0000174455,741435.0002087632,746258.0001649746,760805.9998127924
706143.000735683,709547.9995075052,715731.9998463609,720687.999719165,722035.0002477628,722360.9998106022,726120.0000378042,729897.9994782333,741435.0002087632,746258.0001649746,760805.9998127924
706143.000735683,709547.9995075052,716408.0001262553,720687.999719165,721358.9999678683,722360.9998106022,726120.0000378042,729897.9994782333,741435.0002087632,746258.0001649746,760805.9998127924
706143.000735683,714414.9995544717,716408.0001262553,720687.999719165,721252.9999908378,721358.9999678683,722360.9998106022,729897.9994782333,741435.0002087632,746258.0001649746,760805.9998127924
695482.9996728436,706143.000735683,716408.0001262553,720687.999719165,721252.9999908378,721358.9999678683,729897.9994782333,741292.9996922303,741435.0002087632,746258.0001649746,760805.9998127924
695482.9996728436,716408.0001262553,720687.999719165,721252.9999908378,721358.9999678683,723061.9997816316,724374.0006462818,729897.9994782333,741435.0002087632,746258.0001649746,760805.9998127924
695482.9996728436,716408.0001262553,718445.9996216251,720687.999719165,721252.9999908378,723061.9997816316,724374.0006462818,729897.9994782333,744348.0005550064,746258.0001649746,760805.9998127924
695482.9996728436,716408.0001262553,718445.9996216251,720687.999719165,721252.9999908378,721849.9997269583,723061.9997816316,724374.0006462818,746258.0001649746,752396.0003062813,760805.9998127924
695482.9996728436,716408.0001262553,718445.9996216251,720687.999719165,721252.9999908378,722378.0001709773,723061.9997816316,724374.0006462818,746258.0001649746,751867.9998622623,760805.9998127924
700072.0000427858,716408.0001262553,718445.9996216251,719785.0002763396,720687.999719165,721252.9999908378,722378.0001709773,723061.9997816316,746258.0001649746,751867.9998622623,760805.9998127924
700072.0000427858,716408.0001262553,719785.0002763396,720687.999719165,721252.9999908378,722378.0001709773,723061.9997816316,733144.9997256713,737168.9997582161,746258.0001649746,760805.9998127924
700072.0000427858,716408.0001262553,718030.9997160964,720687.999719165,721252.9999908378,722378.0001709773,724816.0003418748,733144.9997256713,737168.9997582161,746258.0001649746,760805.9998127924
700072.0000427858,716408.0001262553,718030.9997160964,720687.999719165,721252.9999908378,724816.0003418748,729361.000249331,733144.9997256713,737168.9997582161,739275.0000866209,760805.9998127924
700072.0000427858,715895.9998111886,716408.0001262553,720687.999719165,721252.9999908378,726951.0002467827,729361.000249331,733144.9997256713,737168.9997582161,739275.0000866209,760805.9998127924
700072.0000427858,701025.0001612367,715895.9998111886,720687.999719165,726951.0002467827,729361.000249331,733144.9997256713,736635.9999558564,737168.9997582161,739275.0000866209,760805.9998127924
700072.0000427858,712389.0001521535,715895.9998111886,720687.999719165,725271.9999649395,726951.0002467827,729361.000249331,733144.9997256713,737168.9997582161,739275.0000866209,760805.9998127924
700444.9999371913,712389.0001521535,715895.9998111886,720314.9998247596,725271.9999649395,726951.0002467827,729361.000249331,733144.9997256713,737168.9997582161,739275.0000866209,760805.9998127924
700444.9999371913,714138.0002062587,715895.9998111886,720314.9998247596,723522.9999108344,726951.0002467827,729361.000249331,733144.9997256713,737168.9997582161,739275.0000866209,760805.9998127924
700444.9999371913,714138.0002062587,715895.9998111886,720314.9998247596,722817.999771474,726951.0002467827,729361.000249331,733144.9997256713,737168.9997582161,739275.0000866209,761510.9999521527
700444.9999371913,714138.0002062587,715895.9998111886,720314.9998247596,722817.999771474,726951.0002467827,729361.000249331,732559.0003089539,733144.9997256713,743884.9995358831,761510.9999521527
700444.9999371913,714138.0002062587,715895.9998111886,717611.999833291,722817.999771474,726951.0002467827,732064.0002407995,732559.0003089539,733144.9997256713,743884.9995358831,761510.9999521527
701776.999751259,714138.0002062587,715895.9998111886,717611.999833291,721485.9999574063,726951.0002467827,732064.0002407995,732559.0003089539,733144.9997256713,743884.9995358831,761510.9999521527
701776.999751259,713902.0000550392,714138.0002062587,715895.9998111886,717611.999833291,732064.0002407995,732559.0003089539,733144.9997256713,734535.0001491498,743884.9995358831,761510.9999521527
698494.000053912,714138.0002062587,715895.9998111886,717184.9997523861,717611.999833291,732064.0002407995,732559.0003089539,733144.9997256713,734535.0001491498,743884.9995358831,761510.9999521527
698494.000053912,715895.9998111886,717184.9997523861,717611.999833291,718737.9997133216,728545.0002186084,732064.0002407995,732559.0003089539,734535.0001491498,743884.9995358831,761510.9999521527
697772.9999126738,715895.9998111886,717184.9997523861,718332.9999745293,718737.9997133216,728545.0002186084,732064.0002407995,732559.0003089539,734535.0001491498,743884.9995358831,761510.9999521527
697772.9999126738,715895.9998111886,717184.9997523861,718737.9997133216,719375.9999797556,728545.0002186084,731021.0002355732,732559.0003089539,734535.0001491498,743884.9995358831,761510.9999521527
703300.9995848981,713848.0003075313,715895.9998111886,717184.9997523861,718737.9997133216,728545.0002186084,731021.0002355732,732559.0003089539,734535.0001491498,743884.9995358831,761510.9999521527
703300.9995848981,713848.0003075313,716496.9999503111,717184.9997523861,718737.9997133216,728545.0002186084,731021.0002355732,732559.0003089539,733934.0000100271,743884.9995358831,761510.9999521527
703300.9995848981,711265.9997006132,713848.0003075313,716496.9999503111,718737.9997133216,731021.0002355732,732559.0003089539,733934.0000100271,734464.0002703813,743884.9995358831,761510.9999521527
703300.9995848981,711265.9997006132,713848.0003075313,716496.9999503111,719136.9993029126,731021.0002355732,732559.0003089539,733934.0000100271,734464.0002703813,743485.999946292,761510.9999521527
703300.9995848981,711265.9997006132,713848.0003075313,716496.9999503111,719136.9993029126,721705.0001420765,732559.0003089539,733934.0000100271,734464.0002703813,752802.0000397887,761510.9999521527
703300.9995848981,711265.9997006132,713848.0003075313,715596.9994784545,716496.9999503111,721705.0001420765,733934.0000100271,734464.0002703813,736099.0001334121,752802.0000397887,761510.9999521527
703300.9995848981,711265.9997006132,712834.000330463,713848.0003075313,716496.9999503111,721705.0001420765,733934.0000100271,734464.0002703813,738861.9992814035,752802.0000397887,761510.9999521527
703300.9995848981,712834.000330463,713848.0003075313,716496.9999503111,716618.9997490813,721705.0001420765,733934.0000100271,734464.0002703813,738861.9992814035,752802.0000397887,756157.9999036846
703300.9995848981,712834.000330463,713848.0003075313,716496.9999503111,716618.9997490813,721705.0001420765,733934.0000100271,735341.0001121334,738861.9992814035,751925.0001980365,756157.9999036846
703300.9995848981,712834.000330463,713848.0003075313,716618.9997490813,719100.9998125979,721705.0001420765,731330.0001477404,735341.0001121334,738861.9992814035,751925.0001980365,756157.9999036846
703300.9995848981,713848.0003075313,716618.9997490813,719100.9998125979,721705.0001420765,722576.9998362559,729118.9997756106,731330.0001477404,735341.0001121334,751925.0001980365,756157.9999036846
704273.9997642932,712875.0001281362,716618.9997490813,719100.9998125979,721705.0001420765,722576.9998362559,729118.9997756106,731330.0001477404,735341.0001121334,751925.0001980365,756157.9999036846
704273.9997642932,710217.9998246032,712875.0001281362,716618.9997490813,721705.0001420765,722576.9998362559,729118.9997756106,735341.0001121334,740213.000135735,751925.0001980365,756157.9999036846
704273.9997642932,710217.9998246032,712875.0001281362,716486.9996002631,716618.9997490813,721705.0001420765,735209.0000116035,735341.0001121334,740213.000135735,751925.0001980365,756157.9999036846
704273.9997642932,707537.9996908678,715555.0002618716,716486.9996002631,716618.9997490813,721705.0001420765,735209.0000116035,735341.0001121334,740213.000135735,751925.0001980365,756157.9999036846
704086.0001479202,704273.9997642932,716486.9996002631,716618.9997490813,719006.9998048192,721705.0001420765,735209.0000116035,735341.0001121334,740213.000135735,751925.0001980365,756157.9999036846
704273.9997642932,716486.9996002631,716618.9997490813,719006.9998048192,721705.0001420765,723188.9999000226,735209.0000116035,735341.0001121334,737055.0001515822,740213.000135735,751925.0001980365
702396.0000638543,716486.9996002631,716618.9997490813,719006.9998048192,721705.0001420765,723188.9999000226,735209.0000116035,735341.0001121334,738932.9998520211,740213.000135735,751925.0001980365
702396.0000638543,705482.9997857588,716486.9996002631,719006.9998048192,721705.0001420765,734324.9998633452,735209.0000116035,735341.0001121334,738932.9998520211,740213.000135735,751925.0001980365
705482.9997857588,716486.9996002631,718112.0000018827,719006.9998048192,721705.0001420765,723216.9999139926,734324.9998633452,735209.0000116035,735341.0001121334,740213.000135735,751925.0001980365
705482.9997857588,716486.9996002631,718112.0000018827,721004.0002549466,721705.0001420765,723216.9999139926,734324.9998633452,735209.0000116035,735341.0001121334,738215.9996856076,751925.0001980365
716486.9996002631,718112.0000018827,721004.0002549466,721705.0001420765,722301.0000937923,723216.9999139926,734324.9998633452,735106.999890003,735209.0000116035,735341.0001121334,738215.9996856076
716122.9998736444,716486.9996002631,718112.0000018827,721705.0001420765,722301.0000937923,723216.9999139926,734324.9998633452,735106.999890003,735209.0000116035,735341.0001121334,743097.0000669098
716486.9996002631,718112.0000018827,721705.0001420765,722301.0000937923,723216.9999139926,727367.9999314973,731852.000009057,734324.9998633452,735106.999890003,735209.0000116035,735341.0001121334
713128.999838935,716486.9996002631,718112.0000018827,721705.0001420765,722301.0000937923,723216.9999139926,727367.9999314973,731852.000009057,735209.0000116035,735341.0001121334,756302.9999144131
713128.999838935,713553.0001299541,716486.9996002631,718112.0000018827,722301.0000937923,723216.9999139926,727367.9999314973,731852.000009057,735341.0001121334,743361.0000237259,756302.9999144131
713128.999838935,713553.0001299541,718112.0000018827,719316.9993122016,722301.0000937923,723216.9999139926,727367.9999314973,731852.000009057,735341.0001121334,740531.0003117874,756302.9999144131
713128.999838935,713553.0001299541,718112.0000018827,719593.999789509,722301.0000937923,723216.9999139926,727367.9999314973,731852.000009057,735341.0001121334,740253.99983448,756302.9999144131
713128.999838935,713553.0001299541,718112.0000018827,718732.9999916368,719593.999789509,726785.0000161481,727367.9999314973,731852.000009057,735341.0001121334,740253.99983448,756302.9999144131
713128.999838935,718112.0000018827,718732.9999916368,719593.999789509,720969.0002609176,726785.0000161481,727367.9999314973,727924.9999811699,731852.000009057,740253.99983448,756302.9999144131
713128.999838935,717043.9996278873,718732.9999916368,719593.999789509,720969.0002609176,727367.9999314973,727853.0003901436,727924.9999811699,731852.000009057,740253.99983448,756302.9999144131
713128.999838935,717043.9996278873,719593.999789509,720969.0002609176,721760.9999346387,727367.9999314973,727853.0003901436,727924.9999811699,731852.000009057,740253.99983448,753274.9999714112
713128.999838935,719539.9999926947,719593.999789509,720969.0002609176,721760.9999346387,725357.0000253362,727367.9999314973,727924.9999811699,731852.000009057,740253.99983448,753274.9999714112
719539.9999926947,719593.999789509,720969.0002609176,721760.9999346387,725357.0000253362,727367.9999314973,727924.9999811699,730953.9998626101,731852.000009057,735449.999947736,740253.99983448
719593.999789509,720969.0002609176,721760.9999346387,723504.000107376,723960.9998664886,725357.0000253362,727367.9999314973,730953.9998626101,731852.000009057,735449.999947736,740253.99983448
719593.999789509,721760.9999346387,721843.0001004086,722630.000267885,723960.9998664886,725357.0000253362,727367.9999314973,730953.9998626101,731852.000009057,735449.999947736,740253.99983448
719581.9997366422,719593.999789509,721760.9999346387,721843.0001004086,722630.000267885,727367.9999314973,729736.0001551826,730953.9998626101,731852.000009057,735449.999947736,740253.99983448
717158.0003737649,719581.9997366422,721760.9999346387,721843.0001004086,722630.000267885,727367.9999314973,729736.0001551826,730953.9998626101,731852.000009057,735449.999947736,742689.9992502241
717158.0003737649,719247.9998509695,719581.9997366422,721760.9999346387,721843.0001004086,722630.000267885,727367.9999314973,729736.0001551826,731852.000009057,742689.9992502241,747155.9999593766
717158.0003737649,719247.9998509695,720520.0000589221,721760.9999346387,721843.0001004086,722630.000267885,727367.9999314973,728797.9998329026,731852.000009057,742689.9992502241,747155.9999593766
711130.0006584808,719247.9998509695,720520.0000589221,721760.9999346387,722630.000267885,727367.9999314973,727870.9998156927,728797.9998329026,731852.000009057,742689.9992502241,747155.9999593766
699076.0005730955,719247.9998509695,720520.0000589221,721760.9999346387,722630.000267885,727367.9999314973,728797.9998329026,731852.000009057,739924.999901078,742689.9992502241,747155.9999593766
699076.0005730955,717963.0000749278,719247.9998509695,721760.9999346387,722630.000267885,727367.9999314973,731354.9998168969,731852.000009057,739924.999901078,742689.9992502241,747155.9999593766
699076.0005730955,717963.0000749278,719247.9998509695,719653.9998195616,721760.9999346387,722630.000267885,727367.9999314973,739924.999901078,742689.9992502241,743553.0000063922,747155.9999593766
699076.0005730955,704534.9999735716,717963.0000749278,719653.9998195616,722630.000267885,727367.9999314973,736473.9998120365,739924.999901078,742689.9992502241,743553.0000063922,747155.9999593766
699076.0005730955,715901.0001320316,717963.0000749278,719653.9998195616,722630.000267885,727367.9999314973,735789.9998009166,736473.9998120365,739924.999901078,742689.9992502241,743553.0000063922
699076.0005730955,715901.0001320316,717963.0000749278,719569.9998321318,719653.9998195616,722630.000267885,727367.9999314973,739924.999901078,742689.9992502241,743553.0000063922,752693.9997808214
706858.999364822,715901.0001320316,717963.0000749278,719569.9998321318,719653.9998195616,722630.000267885,727367.9999314973,734907.0004584976,739924.999901078,743553.0000063922,752693.9997808214
706858.999364822,715901.0001320316,717318.0000563671,719569.9998321318,720298.9998381223,722630.000267885,727367.9999314973,734907.0004584976,739924.999901078,743553.0000063922,752693.9997808214
706858.999364822,715901.0001320316,717318.0000563671,719569.9998321318,720298.9998381223,726293.99974883,727367.9999314973,734907.0004584976,736261.000420133,743553.0000063922,752693.9997808214
715901.0001320316,717318.0000563671,719052.9994123877,719569.9998321318,720298.9998381223,724067.0003725673,726293.99974883,727367.9999314973,734907.0004584976,743553.0000063922,752693.9997808214
706480.0000148858,715901.0001320316,719052.9994123877,719569.9998321318,724067.0003725673,726293.99974883,727367.9999314973,731136.9998796035,734907.0004584976,743553.0000063922,752693.9997808214
706480.0000148858,713349.9997350475,719052.9994123877,719569.9998321318,724067.0003725673,727367.9999314973,728845.0001458141,731136.9998796035,734907.0004584976,743553.0000063922,752693.9997808214
713188.9999498925,713349.9997350475,719052.9994123877,719569.9998321318,724067.0003725673,727367.9999314973,728845.0001458141,731136.9998796035,734907.0004584976,736844.0000713855,752693.9997808214
713188.9999498925,713349.9997350475,714104.9998305604,719052.9994123877,724067.0003725673,727367.9999314973,728845.0001458141,731136.9998796035,734907.0004584976,736844.0000713855,758158.9997823928
713188.9999498925,713349.9997350475,718206.9998112592,719052.9994123877,724067.0003725673,727367.9999314973,728845.0001458141,731136.9998796035,734907.0004584976,736844.0000713855,754056.999801694
713188.9999498925,713349.9997350475,713716.9997145402,719052.9994123877,724067.0003725673,727367.9999314973,728845.0001458141,731136.9998796035,734907.0004584976,736844.0000713855,758546.999898413
713349.9997350475,713716.9997145402,713923.9999028561,719052.9994123877,724067.0003725673,727367.9999314973,728845.0001458141,731136.9998796035,734907.0004584976,736844.0000713855,757811.9999454494
707163.0001103781,713349.9997350475,713716.9997145402,719052.9994123877,724067.0003725673,727367.9999314973,728845.0001458141,734907.0004584976,736844.0000713855,737897.9996720814,757811.9999454494
707163.0001103781,713349.9997350475,713716.9997145402,719052.9994123877,724067.0003725673,725065.0000233296,728845.0001458141,734907.0004584976,737897.9996720814,739146.9999795533,757811.9999454494
707163.0001103781,713716.9997145402,719052.9994123877,720158.0000999675,722036.9997808941,724067.0003725673,725065.0000233296,734907.0004584976,737897.9996720814,739146.9999795533,757811.9999454494
707163.0001103781,713716.9997145402,716159.0003781661,719052.9994123877,720158.0000999675,725065.0000233296,729944.9997752954,734907.0004584976,737897.9996720814,739146.9999795533,757811.9999454494
707163.0001103781,713716.9997145402,716159.0003781661,718847.9998844696,720158.0000999675,725065.0000233296,729944.9997752954,735111.9999864157,737897.9996720814,739146.9999795533,757811.9999454494
707163.0001103781,713716.9997145402,718847.9998844696,720158.0000999675,722316.0004109349,723787.9997425266,725065.0000233296,735111.9999864157,737897.9996720814,739146.9999795533,757811.9999454494
707163.0001103781,713716.9997145402,718847.9998844696,720158.0000999675,720391.0003428352,725065.0000233296,725712.9998106263,735111.9999864157,737897.9996720814,739146.9999795533,757811.9999454494
713716.9997145402,714494.9998186356,718847.9998844696,720158.0000999675,720391.0003428352,725065.0000233296,725712.9998106263,730565.9999638239,735111.9999864157,739146.9999795533,757811.9999454494
713716.9997145402,714494.9998186356,720158.0000999675,720391.0003428352,723161.999891096,725065.0000233296,725712.9998106263,730565.9999638239,730797.9999797893,739146.9999795533,757811.9999454494
713716.9997145402,714760.0001126574,720158.0000999675,720391.0003428352,723161.999891096,725065.0000233296,725712.9998106263,730300.9996698021,730797.9999797893,739146.9999795533,757811.9999454494
713716.9997145402,720158.0000999675,720391.0003428352,721641.9999551122,723161.999891096,723418.9998273473,725065.0000233296,725712.9998106263,730797.9999797893,739146.9999795533,757811.9999454494
713716.9997145402,716432.0003298748,720158.0000999675,723161.999891096,723418.9998273473,725065.0000233296,725600.9999680726,725712.9998106263,730797.9999797893,739146.9999795533,757811.9999454494
713716.9997145402,716432.0003298748,720158.0000999675,722181.9997850601,723161.999891096,723418.9998273473,725600.9999680726,725712.9998106263,730797.9999797893,742030.0002178228,757811.9999454494
705066.0000423401,713716.9997145402,720158.0000999675,722181.9997850601,723161.999891096,725600.9999680726,725712.9998106263,730797.9999797893,734785.000114882,742030.0002178228,757811.9999454494
705066.0000423401,713716.9997145402,720158.0000999675,723161.999891096,725600.9999680726,725712.9998106263,727028.9997134646,730797.9999797893,734785.000114882,737183.0002894183,757811.9999454494
705066.0000423401,705905.9997177484,723161.999891096,725600.9999680726,725712.9998106263,727028.9997134646,727969.0000967593,730797.9999797893,734785.000114882,737183.0002894183,757811.9999454494
705066.0000423401,713061.999882163,723161.999891096,725600.9999680726,725712.9998106263,727028.9997134646,727969.0000967593,730797.9999797893,734785.000114882,737183.0002894183,750655.9997810348
705066.0000423401,714261.9998715011,723161.999891096,725600.9999680726,725712.9998106263,726769.0001074212,727028.9997134646,730797.9999797893,734785.000114882,737183.0002894183,750655.9997810348
705066.0000423401,714261.9998715011,718874.9999113787,725600.9999680726,725712.9998106263,726769.0001074212,727028.9997134646,734785.000114882,735084.9999595066,737183.0002894183,750655.9997810348
705066.0000423401,714261.9998715011,718874.9999113787,725619.9999894281,725712.9998106263,726750.0000860657,727028.9997134646,734785.000114882,735084.9999595066,737183.0002894183,750655.9997810348
705066.0000423401,714261.9998715011,717109.0000801085,725619.9999894281,725712.9998106263,726750.0000860657,727028.9997134646,734785.000114882,736850.9997907768,737183.0002894183,750655.9997810348
705066.0000423401,714261.9998715011,717109.0000801085,720792.000136369,725712.9998106263,726750.0000860657,727028.9997134646,736850.9997907768,737183.0002894183,739612.9999679411,750655.9997810348
705066.0000423401,714094.0001927,714261.9998715011,717109.0000801085,726750.0000860657,727028.9997134646,732410.9997542953,736850.9997907768,737183.0002894183,739612.9999679411,750655.9997810348
705066.0000423401,714261.9998715011,717109.0000801085,723079.0000200376,726750.0000860657,727028.9997134646,727865.9999634391,732410.9997542953,737183.0002894183,739612.9999679411,750655.9997810348
705066.0000423401,714261.9998715011,717109.0000801085,723079.0000200376,726750.0000860657,727028.9997134646,727865.9999634391,731818.9997942671,732410.9997542953,744977.0004630922,750655.9997810348
705066.0000423401,714261.9998715011,714863.0000880049,725325.0000121413,726750.0000860657,727028.9997134646,727865.9999634391,731818.9997942671,732410.9997542953,744977.0004630922,750655.9997810348
713537.0000355742,714261.9998715011,714863.0000880049,718279.0000928317,725325.0000121413,727028.9997134646,727865.9999634391,731818.9997942671,732410.9997542953,744977.0004630922,750655.9997810348
713537.0000355742,714261.9998715011,714863.0000880049,718279.0000928317,724095.0004496254,725325.0000121413,727028.9997134646,727865.9999634391,732410.9997542953,750655.9997810348,752700.9998077338
714261.9998715011,714863.0000880049,718279.0000928317,722930.9997319911,724095.0004496254,725325.0000121413,727028.9997134646,727865.9999634391,732410.9997542953,743307.0001113169,750655.9997810348
714863.0000880049,718279.0000928317,718774.9995840301,722930.9997319911,724095.0004496254,725325.0000121413,727028.9997134646,727865.9999634391,727898.0000417663,743307.0001113169,750655.9997810348
713600.9998129153,714863.0000880049,718279.0000928317,718774.9995840301,724095.0004496254,725325.0000121413,727028.9997134646,727865.9999634391,727898.0000417663,750655.9997810348,752637.0000303927
714863.0000880049,715991.9999247702,718279.0000928317,718774.9995840301,724095.0004496254,725325.0000121413,727028.9997134646,727865.9999634391,727898.0000417663,750245.9999185378,750655.9997810348
714863.0000880049,718279.0000928317,718774.9995840301,724095.0004496254,724147.0001187678,725325.0000121413,727028.9997134646,727865.9999634391,727898.0000417663,742090.9997245402,750655.9997810348
714863.0000880049,718279.0000928317,718774.9995840301,724095.0004496254,725325.0000121413,727028.9997134646,727865.9999634391,727898.0000417663,728308.9997909609,737929.0000523471,750655.9997810348
714863.0000880049,715389.0000045517,718774.9995840301,724095.0004496254,725325.0000121413,727028.9997134646,727865.9999634391,728308.9997909609,730788.0001300463,737929.0000523471,750655.9997810348
714863.0000880049,715389.0000045517,715650.99998527,718774.9995840301,724095.0004496254,725325.0000121413,727028.9997134646,730788.0001300463,737929.0000523471,740523.99976913,750655.9997810348
714863.0000880049,715389.0000045517,715650.99998527,718774.9995840301,724095.0004496254,725325.0000121413,727028.9997134646,730788.0001300463,731537.9998408754,746914.9999806018,750655.9997810348
709709.9999711094,714863.0000880049,715650.99998527,718774.9995840301,724095.0004496254,725325.0000121413,727028.9997134646,731537.9998408754,736467.0001634886,746914.9999806018,750655.9997810348
709709.9999711094,714863.0000880049,715650.99998527,718774.9995840301,724898.999900806,725325.0000121413,726225.000262284,731537.9998408754,736467.0001634886,746914.9999806018,750655.9997810348
709709.9999711094,714863.0000880049,718774.9995840301,722061.0000304618,724898.999900806,725325.0000121413,726225.000262284,730057.0001182967,731537.9998408754,746914.9999806018,750655.9997810348
709709.9999711094,714863.0000880049,716553.000199922,718774.9995840301,722061.0000304618,725325.0000121413,730057.0001182967,731537.9998408754,734570.9999631679,746914.9999806018,750655.9997810348
709709.9999711094,715697.0001111117,716553.000199922,718774.9995840301,722061.0000304618,724490.9999890345,730057.0001182967,731537.9998408754,734570.9999631679,746914.9999806018,750655.9997810348
709709.9999711094,715697.0001111117,716553.000199922,718774.9995840301,722061.0000304618,723596.0003491867,730951.9997581445,731537.9998408754,734570.9999631679,746914.9999806018,750655.9997810348
709709.9999711094,715697.0001111117,718774.9995840301,722061.0000304618,722389.0002041566,723596.0003491867,725701.9998366408,730951.9997581445,734570.9999631679,746914.9999806018,750655.9997810348
709709.9999711094,713587.999834654,715697.0001111117,718774.9995840301,722389.0002041566,723596.0003491867,725701.9998366408,730951.9997581445,734570.9999631679,750655.9997810348,755388.0001764096
709709.9999711094,713587.999834654,715697.0001111117,718774.9995840301,722091.0001380004,723596.0003491867,725701.9998366408,730951.9997581445,734570.9999631679,750655.9997810348,755686.0002425659
713587.999834654,715697.0001111117,718774.9995840301,722091.0001380004,723596.0003491867,723669.9998523189,725701.9998366408,730951.9997581445,734570.9999631679,736695.9998998253,755686.0002425659
713587.999834654,715697.0001111117,718774.9995840301,720948.9998436647,722091.0001380004,723669.9998523189,728349.0003421628,730951.9997581445,734570.9999631679,736695.9998998253,755686.0002425659
713587.999834654,718774.9995840301,720948.9998436647,721367.9999267877,722091.0001380004,723669.9998523189,725280.9999424685,728349.0003421628,734570.9999631679,736695.9998998253,755686.0002425659
713587.999834654,718774.9995840301,721367.9999267877,722091.0001380004,723669.9998523189,725280.9999424685,728349.0003421628,734570.9999631679,736695.9998998253,737713.0003779662,738921.9997082644
713587.999834654,718774.9995840301,721367.9999267877,722091.0001380004,723669.9998523189,725280.9999424685,728349.0003421628,731367.0000545179,736695.9998998253,738921.9997082644,740917.0002866163
713587.999834654,718774.9995840301,721367.9999267877,721997.9999816731,722091.0001380004,725280.9999424685,728349.0003421628,731367.0000545179,738367.9997704711,738921.9997082644,740917.0002866163
718774.9995840301,721367.9999267877,721477.9994710501,721997.9999816731,722091.0001380004,725280.9999424685,728349.0003421628,731032.0000718683,731367.0000545179,738367.9997704711,740917.0002866163
715279.0004225173,718774.9995840301,721477.9994710501,721997.9999816731,722091.0001380004,728349.0003421628,731032.0000718683,731367.0000545179,731369.999446739,738367.9997704711,740917.0002866163
715279.0004225173,718774.9995840301,721477.9994710501,721997.9999816731,722091.0001380004,726827.9996208237,731032.0000718683,731367.0000545179,732891.0001680781,738367.9997704711,740917.0002866163
715279.0004225173,718774.9995840301,721477.9994710501,721997.9999816731,722091.0001380004,723904.0001770658,726827.9996208237,731367.0000545179,738367.9997704711,740019.0000628806,740917.0002866163
718774.9995840301,719839.0001149764,721477.9994710501,721997.9999816731,722091.0001380004,722267.9999283645,723904.0001770658,731367.0000545179,738367.9997704711,740019.0000628806,740917.0002866163
713388.9999942231,718774.9995840301,719839.0001149764,721477.9994710501,722267.9999283645,723904.0001770658,730700.0001254503,731367.0000545179,738367.9997704711,740019.0000628806,740917.0002866163
713388.9999942231,718774.9995840301,719344.9993590172,719839.0001149764,722267.9999283645,723904.0001770658,731367.0000545179,732833.0002374832,738367.9997704711,740019.0000628806,740917.0002866163
713108.9995863839,713388.9999942231,718774.9995840301,719344.9993590172,719839.0001149764,722267.9999283645,723904.0001770658,731367.0000545179,740019.0000628806,740917.0002866163,758092.0004215704
710124.0000040544,713108.9995863839,713388.9999942231,719344.9993590172,719839.0001149764,723904.0001770658,730918.9995083403,731367.0000545179,740019.0000628806,740917.0002866163,758092.0004215704
710124.0000040544,713388.9999942231,714102.000195691,719344.9993590172,719839.0001149764,723904.0001770658,730918.9995083403,731367.0000545179,740019.0000628806,740917.0002866163,757098.9998122633
710124.0000040544,713388.9999942231,714102.000195691,717122.9998156036,719839.0001149764,723904.0001770658,730918.9995083403,731367.0000545179,740019.0000628806,743138.9998300299,757098.9998122633
710124.0000040544,713388.9999942231,714102.000195691,714453.0001231277,717122.9998156036,719839.0001149764,723904.0001770658,730918.9995083403,740019.0000628806,757098.9998122633,760052.9997614201
710124.0000040544,713388.9999942231,714102.000195691,714453.0001231277,717122.9998156036,719839.0001149764,722440.9997803045,732381.9999051016,740019.0000628806,757098.9998122633,760052.9997614201
693250.9999441903,710124.0000040544,713388.9999942231,714453.0001231277,719839.0001149764,722440.9997803045,732381.9999051016,737974.0000671044,740019.0000628806,757098.9998122633,760052.9997614201
693250.9999441903,713388.9999942231,714453.0001231277,719839.0001149764,721196.9997584736,721309.0001506824,722440.9997803045,737974.0000671044,740019.0000628806,757098.9998122633,760052.9997614201
694178.000710187,713388.9999942231,713525.999357131,719839.0001149764,721196.9997584736,721309.0001506824,722440.9997803045,737974.0000671044,740019.0000628806,757098.9998122633,760052.9997614201
694178.000710187,705973.9999452643,713388.9999942231,713525.999357131,719839.0001149764,721309.0001506824,737663.9995935138,737974.0000671044,740019.0000628806,757098.9998122633,760052.9997614201
705973.9999452643,713388.9999942231,713525.999357131,719839.0001149764,720005.9999537002,721309.0001506824,734225.0005179069,737663.9995935138,737974.0000671044,740019.0000628806,757098.9998122633
705973.9999452643,712640.999466332,713388.9999942231,719839.0001149764,720005.9999537002,721309.0001506824,734225.0005179069,737663.9995935138,737974.0000671044,740903.9999536795,757098.9998122633
705973.9999452643,713388.9999942231,719839.0001149764,720005.9999537002,721309.0001506824,726116.9994633944,727427.9999566171,734225.0005179069,737663.9995935138,737974.0000671044,757098.9998122633
705973.9999452643,713388.9999942231,717056.0000055941,719839.0001149764,720005.9999537002,721309.0001506824,726116.9994633944,734225.0005179069,737663.9995935138,748346.0000181274,757098.9998122633
705973.9999452643,713388.9999942231,715926.9999797876,719839.0001149764,720005.9999537002,721309.0001506824,727245.9994892009,734225.0005179069,737663.9995935138,748346.0000181274,757098.9998122633
705973.9999452643,713388.9999942231,715926.9999797876,717615.000189987,719839.0001149764,720005.9999537002,721309.0001506824,734225.0005179069,737663.9995935138,757098.9998122633,757976.9993173413
705973.9999452643,713388.9999942231,715926.9999797876,719839.0001149764,720005.9999537002,721309.0001506824,723836.9996023837,734225.0005179069,737663.9995935138,751754.9999049446,757098.9998122633
705973.9999452643,707584.9999715996,713388.9999942231,719839.0001149764,720005.9999537002,721309.0001506824,732178.9996105718,734225.0005179069,737663.9995935138,751754.9999049446,757098.9998122633
705973.9999452643,707584.9999715996,713388.9999942231,719839.0001149764,720005.9999537002,721309.0001506824,731814.0000662544,734590.0000622242,737663.9995935138,751754.9999049446,757098.9998122633
699135.0001476782,707584.9999715996,713388.9999942231,719839.0001149764,720005.9999537002,728147.9999482686,731814.0000662544,734590.0000622242,737663.9995935138,751754.9999049446,757098.9998122633
699135.0001476782,707584.9999715996,719839.0001149764,720005.9999537002,725748.9998144623,728147.9999482686,731814.0000662544,734590.0000622242,737663.9995935138,744738.9999920242,751754.9999049446
698801.0003185873,707584.9999715996,720005.9999537002,720172.9999440673,725748.9998144623,728147.9999482686,731814.0000662544,734590.0000622242,737663.9995935138,744738.9999920242,751754.9999049446
698801.0003185873,707584.9999715996,715556.0000213847,720005.9999537002,720172.9999440673,725748.9998144623,728147.9999482686,737663.9995935138,744738.9999920242,750848.000107094,751754.9999049446
698801.0003185873,715556.0000213847,715820.999896613,720005.9999537002,720172.9999440673,725748.9998144623,728147.9999482686,736503.0000670108,737663.9995935138,750848.000107094,751754.9999049446
698801.0003185873,713913.0002404905,715820.999896613,720172.9999440673,721648.9997345944,725748.9998144623,728147.9999482686,736503.0000670108,737663.9995935138,750848.000107094,751754.9999049446
703686.0000704057,713913.0002404905,715820.999896613,720172.9999440673,721648.9997345944,723263.0001964503,725748.9998144623,736503.0000670108,737663.9995935138,750848.000107094,751754.9999049446
692396.0003245506,713913.0002404905,715820.999896613,720172.9999440673,721648.9997345944,725748.9998144623,734552.9999423054,736503.0000670108,737663.9995935138,750848.000107094,751754.9999049446
696037.0001110914,713913.0002404905,715820.999896613,716532.0001575265,721648.9997345944,725748.9998144623,734552.9999423054,736503.0000670108,737663.9995935138,750848.000107094,751754.9999049446
696037.0001110914,706351.999823652,713913.0002404905,716532.0001575265,721648.9997345944,734552.9999423054,735217.9998874232,736503.0000670108,737663.9995935138,750848.000107094,751754.9999049446
696037.0001110914,706351.999823652,713913.0002404905,715458.9998821316,716532.0001575265,721648.9997345944,734552.9999423054,737663.9995935138,750848.000107094,751754.9999049446,756262.0000723024
695874.9999777307,706351.999823652,713913.0002404905,715458.9998821316,716694.0002908872,721648.9997345944,734552.9999423054,737663.9995935138,750848.000107094,751754.9999049446,756262.0000723024
698520.0001174614,706351.999823652,713913.0002404905,714049.0001511564,715458.9998821316,721648.9997345944,734552.9999423054,737663.9995935138,750848.000107094,751754.9999049446,756262.0000723024
698520.0001174614,706351.999823652,713913.0002404905,714049.0001511564,714308.0000285156,715458.9998821316,721648.9997345944,750848.000107094,751754.9999049446,756262.0000723024,757908.9995073036
698520.0001174614,706351.999823652,713913.0002404905,714308.0000285156,715458.9998821316,721648.9997345944,726099.9998334626,745857.9998249974,750848.000107094,751754.9999049446,756262.0000723024
698520.0001174614,706351.999823652,713913.0002404905,715458.9998821316,721648.9997345944,726099.9998334626,730319.0000283768,734837.0001072327,745857.9998249974,751754.9999049446,756262.0000723024
698520.0001174614,706351.999823652,713913.0002404905,721530.999945792,721648.9997345944,726099.9998334626,730319.0000283768,734837.0001072327,745857.9998249974,750190.000008642,751754.9999049446
698520.0001174614,706351.999823652,713913.0002404905,721530.999945792,721648.9997345944,726099.9998334626,730619.0000624801,734537.0000731294,745857.9998249974,750190.000008642,751754.9999049446
698520.0001174614,706351.999823652,713913.0002404905,721530.999945792,721648.9997345944,726099.9998334626,727600.999777963,734537.0000731294,748876.0001095145,750190.000008642,751754.9999049446
698520.0001174614,706351.999823652,709433.0003000774,721530.999945792,726099.9998334626,726128.9996750075,727600.999777963,734537.0000731294,748876.0001095145,750190.000008642,751754.9999049446
698520.0001174614,709433.0003000774,710413.9998095899,717468.999959854,726099.9998334626,726128.9996750075,727600.999777963,734537.0000731294,748876.0001095145,750190.000008642,751754.9999049446
698520.0001174614,709433.0003000774,710413.9998095899,721533.9999844529,726099.9998334626,726128.9996750075,727600.999777963,734537.0000731294,746124.9999840431,748876.0001095145,751754.9999049446
698520.0001174614,709433.0003000774,710413.9998095899,724044.9999610366,725089.9998013793,726099.9998334626,726128.9996750075,734537.0000731294,746124.9999840431,748876.0001095145,751754.9999049446
698520.0001174614,710413.9998095899,715681.0000137017,724044.9999610366,725089.9998013793,726099.9998334626,726128.9996750075,734537.0000731294,739877.0002704187,748876.0001095145,751754.9999049446
698520.0001174614,710413.9998095899,715190.9995650919,715681.0000137017,724044.9999610366,725089.9998013793,726128.9996750075,734537.0000731294,739877.0002704187,751754.9999049446,759785.0003778852
698520.0001174614,702889.9998964446,715190.9995650919,723204.999926847,724044.9999610366,725089.9998013793,726128.9996750075,734537.0000731294,739877.0002704187,751754.9999049446,759785.0003778852
698520.0001174614,702889.9998964446,715190.9995650919,719654.0000596686,723204.999926847,724044.9999610366,725089.9998013793,726128.9996750075,751754.9999049446,754760.0002838796,759785.0003778852
698520.0001174614,702889.9998964446,715190.9995650919,719654.0000596686,724044.9999610366,725089.9998013793,725304.0002750535,726128.9996750075,751754.9999049446,752660.9999356732,759785.0003778852
698520.0001174614,702889.9998964446,715190.9995650919,719654.0000596686,724044.9999610366,725089.9998013793,725677.0000031911,726128.9996750075,751754.9999049446,752288.0002075357,759785.0003778852
698520.0001174614,702889.9998964446,715190.9995650919,724044.9999610366,725089.9998013793,725677.0000031911,726128.9996750075,732036.9998447737,739905.0004224306,751754.9999049446,759785.0003778852
698520.0001174614,702889.9998964446,715190.9995650919,724044.9999610366,725089.9998013793,725677.0000031911,726128.9996750075,732725.9997745017,739216.0004927027,751754.9999049446,759785.0003778852
698520.0001174614,702889.9998964446,715190.9995650919,716279.0000064434,724044.9999610366,725089.9998013793,726128.9996750075,732725.9997745017,739216.0004927027,759785.0003778852,761152.9999016923
698520.0001174614,702889.9998964446,715190.9995650919,716279.0000064434,724044.9999610366,725089.9998013793,727140.9995658767,732725.9997745017,738204.0006018336,759785.0003778852,761152.9999016923
698520.0001174614,702889.9998964446,714943.9998273221,715190.9995650919,716279.0000064434,724044.9999610366,725089.9998013793,738204.0006018336,744922.9995130562,759785.0003778852,761152.9999016923
698520.0001174614,714943.9998273221,715190.9995650919,716279.0000064434,719503.9998030277,724044.9999610366,725089.9998013793,738204.0006018336,744538.9999951092,744922.9995130562,759785.0003778852
698520.0001174614,714943.9998273221,715190.9995650919,716279.0000064434,722110.9996980549,724044.9999610366,725089.9998013793,738204.0006018336,741932.000100082,744922.9995130562,759785.0003778852
698520.0001174614,714943.9998273221,715190.9995650919,716279.0000064434,716629.9997704105,722110.9996980549,732504.9999920054,738204.0006018336,741932.000100082,744922.9995130562,759785.0003778852
698520.0001174614,714943.9998273221,715190.9995650919,716279.0000064434,716629.9997704105,719754.0000985815,722110.9996980549,738204.0006018336,744922.9995130562,754682.9999935059,759785.0003778852
698520.0001174614,713630.9998651244,714943.9998273221,715190.9995650919,716279.0000064434,716629.9997704105,728233.999931512,738204.0006018336,744922.9995130562,754682.9999935059,759785.0003778852
698520.0001174614,714434.0000498194,714943.9998273221,715190.9995650919,716279.0000064434,716629.9997704105,727430.999746817,738204.0006018336,744922.9995130562,754682.9999935059,759785.0003778852
698520.0001174614,714434.0000498194,714943.9998273221,715190.9995650919,716279.0000064434,718947.9997530179,727430.999746817,735886.0006192261,744922.9995130562,754682.9999935059,759785.0003778852
698520.0001174614,714434.0000498194,714943.9998273221,716279.0000064434,718947.9997530179,727430.999746817,727994.0002490917,735886.0006192261,744922.9995130562,746981.9996938854,754682.9999935059
698520.0001174614,714434.0000498194,714943.9998273221,716279.0000064434,726623.9998289157,727430.999746817,727994.0002490917,728210.0005433284,744922.9995130562,746981.9996938854,754682.9999935059
698520.0001174614,714434.0000498194,714943.9998273221,716279.0000064434,726623.9998289157,727430.999746817,727994.0002490917,732233.9997699076,740899.0002864769,746981.9996938854,754682.9999935059
698520.0001174614,711342.0000636847,714943.9998273221,719370.999992578,726623.9998289157,727430.999746817,727994.0002490917,732233.9997699076,740899.0002864769,746981.9996938854,754682.9999935059
698520.0001174614,714943.9998273221,716670.0000547078,719370.999992578,726623.9998289157,727430.999746817,727994.0002490917,732233.9997699076,740899.0002864769,746981.9996938854,749355.0000024827
698520.0001174614,715719.0000292314,716670.0000547078,719370.999992578,726623.9998289157,727430.999746817,727994.0002490917,732233.9997699076,740124.0000845676,746981.9996938854,749355.0000024827
698520.0001174614,715649.9999633157,715719.0000292314,719370.999992578,726623.9998289157,727430.999746817,727994.0002490917,732233.9997699076,740124.0000845676,746981.9996938854,750375.0000938748
698520.0001174614,715649.9999633157,715719.0000292314,719029.9999135102,726964.9999079836,727430.999746817,727994.0002490917,732233.9997699076,740124.0000845676,746981.9996938854,750375.0000938748
698520.0001174614,713123.9999812436,715719.0000292314,719029.9999135102,726964.9999079836,727430.999746817,727994.0002490917,732233.9997699076,740124.0000845676,746981.9996938854,752901.0000759468
698520.0001174614,714548.9999848537,715719.0000292314,717604.9999099001,726964.9999079836,727430.999746817,727994.0002490917,732233.9997699076,740124.0000845676,746981.9996938854,752901.0000759468
698520.0001174614,714548.9999848537,715719.0000292314,717604.9999099001,719428.0002625141,726964.9999079836,727430.999746817,732233.9997699076,740124.0000845676,752901.0000759468,755547.999680463
698520.0001174614,714548.9999848537,715719.0000292314,716312.9995812838,717604.9999099001,726964.9999079836,727430.999746817,732233.9997699076,740124.0000845676,752901.0000759468,758663.0003616933
698520.0001174614,714548.9999848537,715719.0000292314,716312.9995812838,723050.9998549954,726787.9998248123,726964.9999079836,727430.999746817,740124.0000845676,752901.0000759468,758663.0003616933
698520.0001174614,714548.9999848537,715719.0000292314,716312.9995812838,723797.9999656102,726217.9997973688,726787.9998248123,727430.999746817,740124.0000845676,752901.0000759468,758663.0003616933
698520.0001174614,714109.0002044103,715719.0000292314,716312.9995812838,723797.9999656102,726657.9995778122,726787.9998248123,727430.999746817,740124.0000845676,752901.0000759468,758663.0003616933
698520.0001174614,701452.9998294287,715719.0000292314,716312.9995812838,723797.9999656102,726657.9995778122,727430.999746817,739444.0001997938,740124.0000845676,752901.0000759468,758663.0003616933
698520.0001174614,701452.9998294287,715719.0000292314,716306.9998504422,723797.9999656102,726663.9993086536,727430.999746817,739444.0001997938,740124.0000845676,752901.0000759468,758663.0003616933
698387.0000096543,698520.0001174614,715719.0000292314,716306.9998504422,726663.9993086536,726863.9997853846,727430.999746817,739444.0001997938,740124.0000845676,752901.0000759468,758663.0003616933
698387.0000096543,698520.0001174614,715719.0000292314,716306.9998504422,719537.0000747282,726663.9993086536,726863.9997853846,739444.0001997938,740124.0000845676,758663.0003616933,760794.9997480357
698387.0000096543,698520.0001174614,715719.0000292314,716306.9998504422,719537.0000747282,724631.9995101609,726863.9997853846,739444.0001997938,740124.0000845676,760695.0001601861,760794.9997480357
698387.0000096543,698520.0001174614,714048.0002259375,715719.0000292314,716306.9998504422,724631.9995101609,726863.9997853846,740124.0000845676,744933.0000485844,760695.0001601861,760794.9997480357
698387.0000096543,698520.0001174614,714579.9997918837,715719.0000292314,716306.9998504422,724631.9995101609,726863.9997853846,740124.0000845676,744933.0000485844,760263.0001820894,760695.0001601861
698520.0001174614,700361.9999816434,714331.9998784531,714579.9997918837,715719.0000292314,724631.9995101609,726863.9997853846,740124.0000845676,744933.0000485844,760263.0001820894,760695.0001601861
698520.0001174614,700361.9999816434,714579.9997918837,715719.0000292314,724631.9995101609,726856.000259594,726863.9997853846,732408.9996674436,740124.0000845676,760263.0001820894,760695.0001601861
698520.0001174614,714579.9997918837,715430.9998913736,715719.0000292314,724631.9995101609,725055.0001748374,726856.000259594,726863.9997853846,732408.9996674436,760263.0001820894,760695.0001601861
698520.0001174614,714579.9997918837,715430.9998913736,715719.0000292314,724631.9995101609,725055.0001748374,726856.000259594,726863.9997853846,737514.9999218863,755156.9999276467,760695.0001601861
698520.0001174614,714579.9997918837,715719.0000292314,724631.9995101609,725055.0001748374,725997.9999428482,726856.000259594,726863.9997853846,737514.9999218863,744589.999876172,760695.0001601861
698520.0001174614,714579.9997918837,715719.0000292314,718753.9999996976,724631.9995101609,725997.9999428482,726856.000259594,726863.9997853846,737514.9999218863,750891.0000513119,760695.0001601861
698520.0001174614,714579.9997918837,715719.0000292314,717932.9998173681,718753.9999996976,724631.9995101609,726856.000259594,734928.9999108647,737514.9999218863,750891.0000513119,760695.0001601861
698520.0001174614,713437.0000347366,714579.9997918837,715719.0000292314,723249.9997823291,724631.9995101609,726856.000259594,734928.9999108647,737514.9999218863,750891.0000513119,760695.0001601861
698520.0001174614,713437.0000347366,713995.00010152,715719.0000292314,723249.9997823291,724631.9995101609,726856.000259594,734928.9999108647,738099.99961225,750891.0000513119,760695.0001601861
698520.0001174614,713437.0000347366,713995.00010152,715719.0000292314,723249.9997823291,726856.000259594,734928.9999108647,735469.000028544,738099.99961225,749857.999641803,750891.0000513119
698520.0001174614,713437.0000347366,713995.00010152,715719.0000292314,721404.9996764854,726856.000259594,735469.000028544,736774.0000167084,738099.99961225,749857.999641803,750891.0000513119
698520.0001174614,713201.9998765584,713437.0000347366,713995.00010152,715719.0000292314,726856.000259594,735469.000028544,738099.99961225,744976.9998166354,749857.999641803,750891.0000513119
698520.0001174614,713201.9998765584,713437.0000347366,713995.00010152,724481.9996055905,726856.000259594,735469.000028544,738099.99961225,742128.0004749529,744976.9998166354,749857.999641803
698520.0001174614,713201.9998765584,713437.0000347366,716886.999802785,724481.9996055905,726856.000259594,735207.999910985,735469.000028544,742128.0004749529,744976.9998166354,749857.999641803
698520.0001174614,707874.9998529584,716886.999802785,718764.0000583366,724481.9996055905,726856.000259594,735207.999910985,735469.000028544,742128.0004749529,744976.9998166354,749857.999641803
698520.0001174614,707874.9998529584,716886.999802785,718764.0000583366,719539.9997436267,724481.9996055905,726856.000259594,735469.000028544,742128.0004749529,749857.999641803,760644.9999839937
698520.0001174614,707874.9998529584,714966.0000925646,716886.999802785,718764.0000583366,719539.9997436267,724481.9996055905,742128.0004749529,747359.0001955733,749857.999641803,760644.9999839937
698520.0001174614,707874.9998529584,715137.999935652,716886.999802785,718764.0000583366,719539.9997436267,724481.9996055905,742128.0004749529,747187.0003524859,749857.999641803,760644.9999839937
698520.0001174614,707443.0002692551,715137.999935652,716886.999802785,719195.9996420399,719539.9997436267,724481.9996055905,742128.0004749529,747187.0003524859,749857.999641803,760644.9999839937
698520.0001174614,707443.0002692551,715137.999935652,716886.999802785,719195.9996420399,720033.0003314744,724481.9996055905,742128.0004749529,746693.9997646383,749857.999641803,760644.9999839937
698520.0001174614,707443.0002692551,715137.999935652,716886.999802785,719195.9996420399,724481.9996055905,727153.9995162216,742128.0004749529,742737.0004570558,746693.9997646383,760644.9999839937
698520.0001174614,707443.0002692551,715137.999935652,716886.999802785,724481.9996055905,727153.9995162216,727435.9996663114,733888.0004506813,742737.0004570558,746693.9997646383,760644.9999839937
698520.0001174614,707443.0002692551,715137.999935652,716886.999802785,719422.99942905,724481.9996055905,727153.9995162216,733888.0004506813,742737.0004570558,754707.0000018997,760644.9999839937
698520.0001174614,707443.0002692551,715137.999935652,719422.99942905,724481.9996055905,727153.9995162216,727340.9997619241,733888.0004506813,742737.0004570558,750191.0000248546,754707.0000018997
698520.0001174614,707443.0002692551,715137.999935652,719422.99942905,727153.9995162216,727258.0001018299,727340.9997619241,731111.9999544418,742737.0004570558,750191.0000248546,754707.0000018997
698520.0001174614,715137.999935652,718447.0004211116,719422.99942905,727153.9995162216,727258.0001018299,727340.9997619241,731111.9999544418,731733.0003051993,750191.0000248546,754707.0000018997
696371.9999932125,715137.999935652,718447.0004211116,719422.99942905,727258.0001018299,727340.9997619241,729301.9996404705,731111.9999544418,731733.0003051993,750191.0000248546,754707.0000018997
696371.9999932125,715137.999935652,717500.9998758227,719422.99942905,727258.0001018299,727340.9997619241,730248.0001857594,731111.9999544418,731733.0003051993,750191.0000248546,754707.0000018997
696371.9999932125,712877.9999372014,715137.999935652,717500.9998758227,727258.0001018299,727340.9997619241,730248.0001857594,731733.0003051993,737656.9994462904,750191.0000248546,754707.0000018997
696371.9999932125,712877.9999372014,715137.999935652,717500.9998758227,720627.9998551538,727258.0001018299,727340.9997619241,730248.0001857594,748761.9998963359,750191.0000248546,754707.0000018997
696371.9999932125,712877.9999372014,713474.0000358436,719164.9997756311,720627.9998551538,727258.0001018299,727340.9997619241,730248.0001857594,748761.9998963359,750191.0000248546,754707.0000018997
696371.9999932125,712877.9999372014,713474.0000358436,717581.9999739621,719164.9997756311,727258.0001018299,727340.9997619241,730248.0001857594,750191.0000248546,751807.9997775276,754707.0000018997
696371.9999932125,708622.9999493168,712877.9999372014,713474.0000358436,719164.9997756311,727340.9997619241,730248.0001857594,736217.0001264751,750191.0000248546,751807.9997775276,754707.0000018997
696371.9999932125,705794.0000227789,712877.9999372014,713474.0000358436,719164.9997756311,727340.9997619241,730248.0001857594,739046.0000530131,750191.0000248546,751807.9997775276,754707.0000018997
696371.9999932125,708225.0000486404,712877.9999372014,713474.0000358436,719164.9997756311,727340.9997619241,730248.0001857594,736615.0000271515,750191.0000248546,751807.9997775276,754707.0000018997
696371.9999932125,702902.0001505312,708225.0000486404,712877.9999372014,719164.9997756311,727340.9997619241,736615.0000271515,740820.0000710718,750191.0000248546,751807.9997775276,754707.0000018997
702902.0001505312,708225.0000486404,712877.9999372014,714088.0002975524,719164.9997756311,723103.9997667319,727340.9997619241,736615.0000271515,750191.0000248546,751807.9997775276,754707.0000018997
702902.0001505312,712877.9999372014,714088.0002975524,715869.9998652493,719164.9997756311,723103.9997667319,727340.9997619241,736615.0000271515,744162.9999609188,750191.0000248546,754707.0000018997
702902.0001505312,712877.9999372014,715848.000009828,715869.9998652493,717405.0000633554,723103.9997667319,727340.9997619241,736615.0000271515,744162.9999609188,750191.0000248546,754707.0000018997
700086.9998385228,712877.9999372014,715869.9998652493,717405.0000633554,718663.0003218364,723103.9997667319,727340.9997619241,736615.0000271515,744162.9999609188,750191.0000248546,754707.0000018997
700086.9998385228,712877.9999372014,717405.0000633554,718663.0003218364,719499.9999380279,723103.9997667319,727340.9997619241,736615.0000271515,740532.9998881401,750191.0000248546,754707.0000018997
700086.9998385228,712877.9999372014,716821.9999955911,717405.0000633554,718663.0003218364,719499.9999380279,723103.9997667319,736615.0000271515,740532.9998881401,754707.0000018997,760709.9997911876
700086.9998385228,716821.9999955911,717405.0000633554,718663.0003218364,719499.9999380279,723091.0001764651,723103.9997667319,726401.9997878878,740532.9998881401,754707.0000018997,760709.9997911876
700086.9998385228,701004.999749463,716821.9999955911,718663.0003218364,719499.9999380279,723091.0001764651,726401.9997878878,739504.0000806242,740532.9998881401,754707.0000018997,760709.9997911876
701004.999749463,707603.0000246959,716821.9999955911,718663.0003218364,719499.9999380279,723091.0001764651,726401.9997878878,731987.9998944511,740532.9998881401,754707.0000018997,760709.9997911876
701004.999749463,707603.0000246959,716821.9999955911,718663.0003218364,719499.9999380279,723091.0001764651,726401.9997878878,731987.9998944511,735660.9998587348,759579.000031305,760709.9997911876
701004.999749463,702485.9998328696,707603.0000246959,716821.9999955911,718663.0003218364,726401.9997878878,731987.9998944511,735660.9998587348,740105.0002816234,759579.000031305,760709.9997911876
701004.999749463,702485.9998328696,707603.0000246959,715131.9999805868,718663.0003218364,726401.9997878878,731987.9998944511,737350.9998737391,740105.0002816234,759579.000031305,760709.9997911876
701004.999749463,702485.9998328696,714053.0000301708,715131.9999805868,718663.0003218364,726401.9997878878,730900.9998682642,731987.9998944511,740105.0002816234,759579.000031305,760709.9997911876
701004.999749463,702485.9998328696,714053.0000301708,718663.0003218364,725609.9997869787,726401.9997878878,730900.9998682642,731987.9998944511,740105.0002816234,750231.9999847957,759579.000031305
701004.999749463,702485.9998328696,713569.000141887,714053.0000301708,718663.0003218364,725609.9997869787,730900.9998682642,731987.9998944511,750231.9999847957,752937.9999276242,759579.000031305
701004.999749463,702485.9998328696,713569.000141887,713572.9999742003,714053.0000301708,725609.9997869787,730900.9998682642,737078.0002420873,750231.9999847957,752937.9999276242,759579.000031305
701004.999749463,713569.000141887,713572.9999742003,714053.0000301708,725609.9997869787,730369.9996896293,730900.9998682642,731695.0001745453,737078.0002420873,750231.9999847957,752937.9999276242
701004.999749463,713569.000141887,713572.9999742003,720611.9998100816,724342.0000883534,725609.9997869787,730369.9996896293,731695.0001745453,737078.0002420873,750231.9999847957,752937.9999276242
701004.999749463,713569.000141887,713572.9999742003,720611.9998100816,724342.0000883534,725092.999710236,725609.9997869787,731695.0001745453,737078.0002420873,752937.9999276242,755508.999964189
701004.999749463,712438.0000897782,713569.000141887,713572.9999742003,720611.9998100816,725092.999710236,731695.0001745453,737078.0002420873,737513.9997855539,752937.9999276242,755508.999964189
699275.9995063383,712438.0000897782,713569.000141887,713572.9999742003,722341.0000532063,725092.999710236,731695.0001745453,737078.0002420873,737513.9997855539,752937.9999276242,755508.999964189
699275.9995063383,713569.000141887,713572.9999742003,717186.9997919726,722341.0000532063,725092.999710236,731695.0001745453,732765.0000833595,737078.0002420873,752937.9999276242,755508.999964189
702619.0002014977,713569.000141887,713572.9999742003,717186.9997919726,718997.9993580469,725092.999710236,731695.0001745453,732765.0000833595,737078.0002420873,752937.9999276242,755508.999964189
702619.0002014977,713569.000141887,713572.9999742003,717186.9997919726,718997.9993580469,725092.999710236,725896.9999900126,732765.0000833595,737078.0002420873,752937.9999276242,761307.0001487217
702619.0002014977,713282.999733048,713569.000141887,717186.9997919726,718997.9993580469,725092.999710236,725896.9999900126,732765.0000833595,737368.0004832395,752937.9999276242,761307.0001487217
702619.0002014977,713282.999733048,713569.000141887,717186.9997919726,718997.9993580469,721828.0001587279,725092.999710236,736833.9999146443,737368.0004832395,752937.9999276242,761307.0001487217
704210.0000689585,713282.999733048,713569.000141887,717186.9997919726,717406.9994905861,721828.0001587279,725092.999710236,736833.9999146443,737368.0004832395,752937.9999276242,761307.0001487217
713282.999733048,713344.0006487225,713569.000141887,717186.9997919726,717406.9994905861,721828.0001587279,725092.999710236,728233.9999034754,736833.9999146443,752937.9999276242,761307.0001487217
713282.999733048,713344.0006487225,716382.9999654818,717186.9997919726,717406.9994905861,721828.0001587279,725092.999710236,728233.9999034754,736833.9999146443,750124.0001040294,761307.0001487217
713048.0000710633,713282.999733048,713344.0006487225,716382.9999654818,717186.9997919726,717406.9994905861,725092.999710236,728233.9999034754,745614.0000023089,750124.0001040294,761307.0001487217
713048.0000710633,713282.999733048,713344.0006487225,716382.9999654818,716586.9997379521,717186.9997919726,717406.9994905861,736739.9998757592,745614.0000023089,750124.0001040294,761307.0001487217
713048.0000710633,713282.999733048,713344.0006487225,716382.9999654818,716586.9997379521,717406.9994905861,729203.9997899999,733597.0000042815,736739.9998757592,750124.0001040294,761307.0001487217
713282.999733048,713344.0006487225,716382.9999654818,716586.9997379521,717406.9994905861,721417.9999696496,728369.9999771729,729203.9997899999,733597.0000042815,750124.0001040294,761307.0001487217
713282.999733048,713344.0006487225,716382.9999654818,716541.999992672,716586.9997379521,717406.9994905861,728369.9999771729,729203.9997899999,738472.9999812591,750124.0001040294,761307.0001487217
704904.9999953884,713282.999733048,713344.0006487225,716382.9999654818,716541.999992672,717406.9994905861,729203.9997899999,738472.9999812591,740051.9997197366,750124.0001040294,761307.0001487217
704904.9999953884,713282.999733048,713344.0006487225,716382.9999654818,717406.9994905861,719202.9999900832,729203.9997899999,735811.9999838481,740051.9997197366,750124.0001040294,761307.0001487217
704904.9999953884,713282.999733048,713344.0006487225,714604.9999634298,716382.9999654818,717406.9994905861,719202.9999900832,740051.9997197366,750124.0001040294,750410.9998104182,761307.0001487217
704904.9999953884,713282.999733048,713344.0006487225,716382.9999654818,717406.9994905861,719202.9999900832,719745.000039184,740051.9997197366,745270.999734664,750124.0001040294,761307.0001487217
704904.9999953884,713344.0006487225,714276.9997459876,716382.9999654818,716412.9994776465,719202.9999900832,719745.000039184,740051.9997197366,745270.999734664,750124.0001040294,761307.0001487217
704904.9999953884,713344.0006487225,713750.0000031627,714276.9997459876,716382.9999654818,716412.9994776465,725198.0000261045,740051.9997197366,745270.999734664,750124.0001040294,761307.0001487217
704904.9999953884,713344.0006487225,714276.9997459876,716382.9999654818,716412.9994776465,717305.9999272889,721642.0001019783,740051.9997197366,745270.999734664,750124.0001040294,761307.0001487217
698576.0001924818,714276.9997459876,716382.9999654818,716412.9994776465,717305.9999272889,719673.0004516292,721642.0001019783,740051.9997197366,745270.999734664,750124.0001040294,761307.0001487217
698576.0001924818,714276.9997459876,716382.9999654818,716412.9994776465,717305.9999272889,719673.0004516292,723131.0001858278,740051.9997197366,745270.999734664,750124.0001040294,759818.0000648722
698576.0001924818,714276.9997459876,716382.9999654818,716412.9994776465,717305.9999272889,719673.0004516292,723131.0001858278,740155.9998882132,745270.999734664,750019.9999355528,759818.0000648722
698576.0001924818,714276.9997459876,714795.0000076988,716382.9999654818,716412.9994776465,719673.0004516292,723131.0001858278,740155.9998882132,745270.999734664,750019.9999355528,762328.9999844623
698576.0001924818,714276.9997459876,716382.9999654818,716412.9994776465,719673.0004516292,723131.0001858278,735466.0000230321,740155.9998882132,741657.999969129,745270.999734664,750019.9999355528
698576.0001924818,714227.9998351508,714276.9997459876,716412.9994776465,719673.0004516292,723131.0001858278,735466.0000230321,740155.9998882132,741657.999969129,745270.999734664,752175.0000658839
698576.0001924818,714227.9998351508,714276.9997459876,716412.9994776465,719673.0004516292,723131.0001858278,723409.0000231657,740155.9998882132,745270.999734664,752175.0000658839,753714.9999689953
698576.0001924818,714227.9998351508,714276.9997459876,716056.999996294,716412.9994776465,719673.0004516292,723131.0001858278,740155.9998882132,745270.999734664,752175.0000658839,761066.999995867
698576.0001924818,713124.0000612929,714227.9998351508,714276.9997459876,716056.999996294,722961.9998679829,723131.0001858278,740155.9998882132,745270.999734664,752175.0000658839,761066.999995867
697770.9999185704,713124.0000612929,714227.9998351508,714276.9997459876,716056.999996294,723131.0001858278,723767.0001418942,740155.9998882132,745270.999734664,752175.0000658839,761066.999995867
697770.9999185704,713124.0000612929,714227.9998351508,714276.9997459876,716056.999996294,723767.0001418942,726732.0000475243,740155.9998882132,745270.999734664,748574.0002041874,761066.999995867
697770.9999185704,713124.0000612929,714227.9998351508,714276.9997459876,716056.999996294,723767.0001418942,731562.0002432559,735325.9996924817,745270.999734664,748574.0002041874,761066.999995867
697770.9999185704,713124.0000612929,714227.9998351508,714276.9997459876,716056.999996294,723767.0001418942,731562.0002432559,739050.0002062345,744849.9996904345,745270.999734664,761066.999995867
697770.9999185704,713124.0000612929,714104.9999681697,714227.9998351508,714276.9997459876,716056.999996294,723767.0001418942,739050.0002062345,745270.999734664,761066.999995867,762306.9999655207
697770.9999185704,713124.0000612929,714065.0000138489,714227.9998351508,714276.9997459876,716096.9999506149,723767.0001418942,739050.0002062345,745270.999734664,761066.999995867,762306.9999655207
697770.9999185704,714065.0000138489,714227.9998351508,714276.9997459876,715623.0000531569,716096.9999506149,721268.0001500302,739050.0002062345,745270.999734664,761066.999995867,762306.9999655207
697770.9999185704,714065.0000138489,714227.9998351508,715623.0000531569,715821.9998731662,716096.9999506149,719723.0000228516,739050.0002062345,745270.999734664,761066.999995867,762306.9999655207
697770.9999185704,714065.0000138489,715623.0000531569,715821.9998731662,716096.9999506149,719723.0000228516,721652.9998660714,731625.0001753139,745270.999734664,761066.999995867,762306.9999655207
697770.9999185704,712786.9999354085,714065.0000138489,716096.9999506149,718657.9999909145,719723.0000228516,721652.9998660714,731625.0001753139,745270.999734664,761066.999995867,762306.9999655207
697770.9999185704,714065.0000138489,714636.9999278609,716096.9999506149,716807.999998462,719723.0000228516,721652.9998660714,731625.0001753139,745270.999734664,761066.999995867,762306.9999655207
697770.9999185704,707885.9998027966,714065.0000138489,714636.9999278609,716096.9999506149,721652.9998660714,728645.0002185169,731625.0001753139,745270.999734664,761066.999995867,762306.9999655207
692045.0000883165,707885.9998027966,714065.0000138489,716096.9999506149,720362.9997581148,721652.9998660714,728645.0002185169,731625.0001753139,745270.999734664,761066.999995867,762306.9999655207
692045.0000883165,707885.9998027966,712498.0002306824,714065.0000138489,716096.9999506149,720362.9997581148,728645.0002185169,740779.9998107029,745270.999734664,761066.999995867,762306.9999655207
692045.0000883165,705712.0000570654,712498.0002306824,714065.0000138489,716096.9999506149,720362.9997581148,730818.9999642482,740779.9998107029,745270.999734664,761066.999995867,762306.9999655207
692045.0000883165,705712.0000570654,714065.0000138489,715079.0001525918,716096.9999506149,720362.9997581148,730818.9999642482,738198.9998887933,745270.999734664,761066.999995867,762306.9999655207
692045.0000883165,705712.0000570654,710920.0000734343,714065.0000138489,720256.0000297723,720362.9997581148,730818.9999642482,738198.9998887933,745270.999734664,761066.999995867,762306.9999655207
692045.0000883165,705712.0000570654,714065.0000138489,714442.0001255927,720256.0000297723,720362.9997581148,730818.9999642482,738198.9998887933,745270.999734664,758784.9999133623,761066.999995867
692045.0000883165,705712.0000570654,713615.0001201343,714892.0000193072,720256.0000297723,720362.9997581148,730818.9999642482,738198.9998887933,745270.999734664,758784.9999133623,761066.999995867
692045.0000883165,713615.0001201343,714892.0000193072,716738.0000434736,720256.0000297723,720362.9997581148,730818.9999642482,738198.9998887933,745270.999734664,750041.0000094589,758784.9999133623
692045.0000883165,713615.0001201343,714892.0000193072,716086.0000302219,720256.0000297723,720362.9997581148,730818.9999642482,738198.9998887933,745270.999734664,750693.0000227105,758784.9999133623
692045.0000883165,712298.0001324301,713615.0001201343,714892.0000193072,720256.0000297723,720362.9997581148,734606.9998620399,738198.9998887933,745270.999734664,750693.0000227105,758784.9999133623
697480.0000209297,712298.0001324301,713615.0001201343,714892.0000193072,720256.0000297723,720362.9997581148,729171.9999294267,738198.9998887933,745270.999734664,750693.0000227105,758784.9999133623
697480.0000209297,712298.0001324301,714141.0001169058,714892.0000193072,719730.0000330008,720362.9997581148,729171.9999294267,738198.9998887933,745270.999734664,750693.0000227105,758784.9999133623
697480.0000209297,712298.0001324301,714892.0000193072,715706.0001585498,718164.9999913569,720362.9997581148,729171.9999294267,738198.9998887933,745270.999734664,750693.0000227105,758784.9999133623
697480.0000209297,712298.0001324301,715706.0001585498,718164.9999913569,720362.9997581148,725607.9999740557,729171.9999294267,734554.9997799156,738198.9998887933,750693.0000227105,758784.9999133623
703903.000023055,712298.0001324301,715706.0001585498,718164.9999913569,720362.9997581148,722748.9999273014,725607.9999740557,734554.9997799156,738198.9998887933,750693.0000227105,758784.9999133623
703903.000023055,712298.0001324301,716011.9997275497,718164.9999913569,720362.9997581148,722748.9999273014,725607.9999740557,734554.9997799156,737893.0003197934,750693.0000227105,758784.9999133623
703903.000023055,712298.0001324301,716011.9997275497,720083.0000687785,720362.9997581148,722748.9999273014,725607.9999740557,734554.9997799156,735975.0002423717,750693.0000227105,758784.9999133623
693167.0000822815,703903.000023055,716011.9997275497,720362.9997581148,722748.9999273014,725607.9999740557,734554.9997799156,735975.0002423717,739214.0001189271,750693.0000227105,758784.9999133623
693167.0000822815,703903.000023055,717592.9999258582,720362.9997581148,722748.9999273014,725607.9999740557,734394.0000440632,734554.9997799156,739214.0001189271,750693.0000227105,758784.9999133623
693167.0000822815,703903.000023055,717592.9999258582,720362.9997581148,722748.9999273014,725607.9999740557,728888.9999752564,734394.0000440632,734554.9997799156,758784.9999133623,761018.0001663812
691484.999980832,703903.000023055,717592.9999258582,720362.9997581148,722748.9999273014,725607.9999740557,728888.9999752564,734554.9997799156,736076.0001455127,758784.9999133623,761018.0001663812
691484.999980832,703903.000023055,714967.9999914941,720362.9997581148,722748.9999273014,725607.9999740557,728888.9999752564,734554.9997799156,738701.0000798769,758784.9999133623,761018.0001663812
691484.999980832,714967.9999914941,717541.0000902056,720362.9997581148,722748.9999273014,725607.9999740557,728888.9999752564,734554.9997799156,738701.0000798769,747380.0000992307,758784.9999133623
702537.0000312803,714967.9999914941,717541.0000902056,720362.9997581148,722748.9999273014,725607.9999740557,727649.0000294285,728888.9999752564,734554.9997799156,747380.0000992307,758784.9999133623
702537.0000312803,713353.9999423503,714967.9999914941,717541.0000902056,720362.9997581148,725607.9999740557,727649.0000294285,728888.9999752564,734554.9997799156,756775.0000841818,758784.9999133623
702537.0000312803,713353.9999423503,714892.999866465,714967.9999914941,723010.9999818554,725607.9999740557,727649.0000294285,728888.9999752564,734554.9997799156,756775.0000841818,758784.9999133623
702537.0000312803,713353.9999423503,714892.999866465,714967.9999914941,717446.0000069395,725607.9999740557,727649.0000294285,728888.9999752564,734554.9997799156,758784.9999133623,762340.0000590977
702537.0000312803,713353.9999423503,714892.999866465,714967.9999914941,717446.0000069395,725587.0001480486,727649.0000294285,728909.9998012634,734554.9997799156,758784.9999133623,762340.0000590977
702537.0000312803,714404.0001515775,714892.999866465,714967.9999914941,716395.9997977123,725587.0001480486,727649.0000294285,728909.9998012634,734554.9997799156,758784.9999133623,762340.0000590977
714404.0001515775,714892.999866465,714967.9999914941,716395.9997977123,718370.0000631295,725587.0001480486,727649.0000294285,728909.9998012634,734554.9997799156,746507.0000272485,758784.9999133623
714404.0001515775,714892.999866465,716395.9997977123,716693.9995312355,718370.0000631295,725587.0001480486,725923.0004896871,728909.9998012634,734554.9997799156,746507.0000272485,758784.9999133623
714404.0001515775,714848.0001850046,714892.999866465,716395.9997977123,716693.9995312355,725923.0004896871,728909.9998012634,729109.0000261735,734554.9997799156,746507.0000272485,758784.9999133623
701278.000090168,714404.0001515775,714848.0001850046,714892.999866465,716395.9997977123,728909.9998012634,729109.0000261735,734554.9997799156,741338.9999307547,746507.0000272485,758784.9999133623
701278.000090168,714404.0001515775,714746.0000418791,714848.0001850046,716395.9997977123,728909.9998012634,729255.9998507594,734554.9997799156,741338.9999307547,746507.0000272485,758784.9999133623
701278.000090168,714404.0001515775,714746.0000418791,716395.9997977123,719981.0000145994,723776.9999716687,729255.9998507594,734554.9997799156,741338.9999307547,746507.0000272485,758784.9999133623
701278.000090168,706941.9999824192,714746.0000418791,719981.0000145994,723776.9999716687,723857.9999668705,729255.9998507594,734554.9997799156,741338.9999307547,746507.0000272485,758784.9999133623
706941.9999824192,712991.0004433827,714746.0000418791,719981.0000145994,723776.9999716687,723857.9999668705,729255.9998507594,734554.9997799156,734793.9996740338,741338.9999307547,758784.9999133623
706941.9999824192,707615.000023262,712991.0004433827,714746.0000418791,719981.0000145994,729255.9998507594,734554.9997799156,734793.9996740338,740019.9999152772,741338.9999307547,758784.9999133623
707615.000023262,712991.0004433827,714746.0000418791,714756.0001247447,719981.0000145994,729255.9998507594,732205.9997729517,734554.9997799156,734793.9996740338,741338.9999307547,758784.9999133623
706510.9998263362,712991.0004433827,714746.0000418791,714756.0001247447,719981.0000145994,729255.9998507594,732205.9997729517,734793.9996740338,735658.9999768414,741338.9999307547,758784.9999133623
706510.9998263362,712991.0004433827,714746.0000418791,718405.9993252032,719981.0000145994,725606.0006503009,732205.9997729517,734793.9996740338,735658.9999768414,741338.9999307547,758784.9999133623
706510.9998263362,712991.0004433827,714746.0000418791,719887.000008918,719981.0000145994,724124.9999665861,732205.9997729517,734793.9996740338,735658.9999768414,741338.9999307547,758784.9999133623
706510.9998263362,712991.0004433827,713367.99994419,719887.000008918,719981.0000145994,724124.9999665861,732205.9997729517,734793.9996740338,737037.0000745305,741338.9999307547,758784.9999133623
706510.9998263362,712991.0004433827,713367.99994419,714424.0000254312,719981.0000145994,729587.999950073,732205.9997729517,734793.9996740338,737037.0000745305,741338.9999307547,758784.9999133623
706510.9998263362,712991.0004433827,713367.99994419,714424.0000254312,719981.0000145994,729587.999950073,732205.9997729517,737037.0000745305,737249.9995159683,738883.0000888202,758784.9999133623
706510.9998263362,712991.0004433827,713367.99994419,714424.0000254312,719981.0000145994,721275.0000155478,729587.999950073,732205.9997729517,737037.0000745305,754857.9995892406,758784.9999133623
706510.9998263362,712991.0004433827,713367.99994419,713469.9998440063,714424.0000254312,719981.0000145994,729587.999950073,732205.9997729517,737037.0000745305,758784.9999133623,762662.9997607822
706510.9998263362,712991.0004433827,713367.99994419,713469.9998440063,714721.9999662125,719981.0000145994,729587.999950073,731907.9998321703,737037.0000745305,758784.9999133623,762662.9997607822
695126.9998890777,706510.9998263362,712991.0004433827,713469.9998440063,714721.9999662125,729587.999950073,731907.9998321703,737037.0000745305,738222.0000697117,758784.9999133623,762662.9997607822
698884.0000628432,706510.9998263362,712991.0004433827,713469.9998440063,714721.9999662125,729587.999950073,731907.9998321703,734464.9998959462,737037.0000745305,758784.9999133623,762662.9997607822
698884.0000628432,706510.9998263362,712991.0004433827,714721.9999662125,715762.999648242,729587.999950073,731907.9998321703,734464.9998959462,737037.0000745305,758784.9999133623,760369.9999565465
703985.0002054428,706510.9998263362,712991.0004433827,714721.9999662125,715762.999648242,729587.999950073,731907.9998321703,731935.9999319309,734464.9998959462,758784.9999133623,760369.9999565465
703985.0002054428,706510.9998263362,707769.0004606096,714721.9999662125,720984.9996310151,729587.999950073,731907.9998321703,731935.9999319309,734464.9998959462,758784.9999133623,760369.9999565465
703985.0002054428,707769.0004606096,714721.9999662125,718343.9997931283,720984.9996310151,722631.9999291541,729587.999950073,731907.9998321703,731935.9999319309,758784.9999133623,760369.9999565465
703985.0002054428,713810.0000060876,714721.9999662125,718343.9997931283,720984.9996310151,722631.9999291541,729587.999950073,731907.9998321703,731935.9999319309,752744.0003678843,760369.9999565465
703985.0002054428,714721.9999662125,715583.999944049,718343.9997931283,720984.9996310151,722631.9999291541,729587.999950073,730161.9999939695,731907.9998321703,752744.0003678843,760369.9999565465
703985.0002054428,712928.0003861336,714721.9999662125,718343.9997931283,720984.9996310151,722631.9999291541,729587.999950073,730161.9999939695,731907.9998321703,755399.9999257998,760369.9999565465
703985.0002054428,712928.0003861336,714721.9999662125,718343.9997931283,720544.9996103807,720984.9996310151,722631.9999291541,730161.9999939695,740951.0001718625,755399.9999257998,760369.9999565465
703985.0002054428,712928.0003861336,714721.9999662125,715568.9999316592,718343.9997931283,720544.9996103807,720984.9996310151,737224.9999914643,740951.0001718625,755399.9999257998,760369.9999565465
703985.0002054428,712928.0003861336,715568.9999316592,718343.9997931283,719800.000361747,720544.9996103807,720984.9996310151,735872.9997763281,737224.9999914643,755399.9999257998,760369.9999565465
703985.0002054428,712928.0003861336,715568.9999316592,718343.9997931283,719800.000361747,720544.9996103807,726245.0001739356,735872.9997763281,737224.9999914643,755109.999413626,755399.9999257998
703985.0002054428,712928.0003861336,715568.9999316592,718343.9997931283,719800.000361747,720544.9996103807,724294.9997117389,735872.9997763281,737224.9999914643,755399.9999257998,757059.9998758227
703985.0002054428,712928.0003861336,715568.9999316592,718343.9997931283,719800.000361747,724294.9997117389,724988.9998828466,731428.9995038622,737224.9999914643,755399.9999257998,757059.9998758227
697830.0000101007,712928.0003861336,718343.9997931283,719800.000361747,721724.0001270013,724294.9997117389,724988.9998828466,731428.9995038622,737224.9999914643,755399.9999257998,757059.9998758227
712928.0003861336,713133.999960839,718343.9997931283,719800.000361747,721724.0001270013,724294.9997117389,724988.9998828466,731428.9995038622,737224.9999914643,740095.9999750614,757059.9998758227
712928.0003861336,713133.999960839,714209.0002858038,718343.9997931283,724294.9997117389,724988.9998828466,727315.0002029445,731428.9995038622,737224.9999914643,740095.9999750614,757059.9998758227
712928.0003861336,713133.999960839,714209.0002858038,718343.9997931283,724988.9998828466,727315.0002029445,731428.9995038622,737224.9999914643,740095.9999750614,740585.9996665526,740768.999921009
712928.0003861336,713133.999960839,714209.0002858038,718343.9997931283,724109.9999831916,724988.9998828466,727315.0002029445,731428.9995038622,740585.9996665526,740768.999921009,753210.9999833341
712928.0003861336,713133.999960839,713365.9998181597,714209.0002858038,724988.9998828466,727315.0002029445,729087.9999581601,731428.9995038622,740585.9996665526,740768.999921009,753210.9999833341
712928.0003861336,713133.999960839,713365.9998181597,719800.0003617503,721724.000126998,724988.9998828466,729087.9999581601,731428.9995038622,740585.9996665526,740768.999921009,753210.9999833341
712928.0003861336,713133.999960839,713612.0000327541,719800.0003617503,721724.000126998,724988.9998828466,728841.9997435657,731428.9995038622,740585.9996665526,740768.999921009,753210.9999833341
712928.0003861336,713133.999960839,713612.0000327541,719800.0003617503,721082.0000574567,724988.9998828466,728841.9997435657,732070.9995734036,740585.9996665526,740768.999921009,753210.9999833341
712928.0003861336,713133.999960839,713612.0000327541,719269.0001210509,721082.0000574567,725520.000123546,728841.9997435657,732070.9995734036,740585.9996665526,740768.999921009,753210.9999833341
712928.0003861336,713133.999960839,713612.0000327541,717807.0001520179,719269.0001210509,728795.0000289847,728841.9997435657,732070.9995734036,740585.9996665526,740768.999921009,753210.9999833341
713133.999960839,713612.0000327541,717807.0001520179,719269.0001210509,725408.0003877943,728105.9996648919,728795.0000289847,728841.9997435657,732070.9995734036,740768.999921009,753210.9999833341
712659.000161238,713133.999960839,717807.0001520179,719269.0001210509,725408.0003877943,728105.9996648919,728795.0000289847,729794.9996150819,732070.9995734036,740768.999921009,753210.9999833341
702032.9998208529,713133.999960839,717807.0001520179,719269.0001210509,725408.0003877943,728105.9996648919,728795.0000289847,732070.9995734036,740420.9999554671,740768.999921009,753210.9999833341
702032.9998208529,708036.00003554,713133.999960839,717807.0001520179,725408.0003877943,728105.9996648919,732070.9995734036,740028.0001144956,740420.9999554671,740768.999921009,753210.9999833341
702032.9998208529,710221.9999575586,713133.999960839,717807.0001520179,725408.0003877943,728105.9996648919,732070.9995734036,737842.000192477,740420.9999554671,740768.999921009,753210.9999833341
702032.9998208529,710221.9999575586,713133.999960839,713472.000248341,717807.0001520179,728105.9996648919,732070.9995734036,737842.000192477,740420.9999554671,752705.0000604623,753210.9999833341
702828.9998250969,710221.9999575586,713133.999960839,713472.000248341,717807.0001520179,728105.9996648919,732070.9995734036,737842.000192477,739624.999951223,752705.0000604623,753210.9999833341
702828.9998250969,708158.0000108628,713133.999960839,713472.000248341,719871.0000987137,728105.9996648919,732070.9995734036,737842.000192477,739624.999951223,752705.0000604623,753210.9999833341
708158.0000108628,713133.999960839,713472.000248341,718193.0000607746,719871.0000987137,724260.9997155453,728105.9996648919,732070.9995734036,737842.000192477,752705.0000604623,753210.9999833341
700866.9999488366,708158.0000108628,713133.999960839,713472.000248341,719871.0000987137,728105.9996648919,732070.9995734036,737842.000192477,741586.9998274834,752705.0000604623,753210.9999833341
700866.9999488366,708158.0000108628,713133.999960839,713472.000248341,714010.0003464543,728105.9996648919,732070.9995734036,741586.9998274834,743702.9999447364,752705.0000604623,753210.9999833341
700866.9999488366,707631.0002963406,713133.999960839,713472.000248341,714537.0000609767,728105.9996648919,732070.9995734036,741586.9998274834,743702.9999447364,752705.0000604623,753210.9999833341
700866.9999488366,707631.0002963406,711275.0003011135,713133.999960839,714537.0000609767,730302.9996121194,732070.9995734036,741586.9998274834,743702.9999447364,752705.0000604623,753210.9999833341
700866.9999488366,707631.0002963406,711275.0003011135,714537.0000609767,729693.9999487146,730302.9996121194,732070.9995734036,736650.9999954585,741586.9998274834,743702.9999447364,752705.0000604623
700356.9999485165,707631.0002963406,711275.0003011135,714537.0000609767,730203.9999490348,730302.9996121194,732070.9995734036,736650.9999954585,741586.9998274834,743702.9999447364,752705.0000604623
700356.9999485165,702884.0001669204,711275.0003011135,719284.0001903969,730203.9999490348,730302.9996121194,732070.9995734036,736650.9999954585,741586.9998274834,743702.9999447364,752705.0000604623
700356.9999485165,700384.9998118966,702884.0001669204,719284.0001903969,730203.9999490348,732070.9995734036,736650.9999954585,741193.0001013363,741586.9998274834,743702.9999447364,752705.0000604623
700356.9999485165,700384.9998118966,702884.0001669204,719284.0001903969,719710.9997646385,732070.9995734036,736650.9999954585,741193.0001013363,743702.9999447364,752080.0000118797,752705.0000604623
700384.9998118966,702884.0001669204,719284.0001903969,719710.9997646385,723087.9997655011,729349.0001948951,732070.9995734036,736650.9999954585,741193.0001013363,743702.9999447364,752705.0000604623
700384.9998118966,702884.0001669204,719097.0000120291,719284.0001903969,719710.9997646385,729349.0001948951,732070.9995734036,740641.9997489306,741193.0001013363,743702.9999447364,752705.0000604623
700384.9998118966,702884.0001669204,719097.0000120291,719284.0001903969,719710.9997646385,722840.9999255108,732070.9995734036,741193.0001013363,743702.9999447364,747150.0000183148,752705.0000604623
700384.9998118966,702884.0001669204,719284.0001903969,719710.9997646385,722836.0000159822,722840.9999255108,732070.9995734036,741193.0001013363,743411.0000143617,743702.9999447364,752705.0000604623
697601.0003372759,700384.9998118966,719710.9997646385,722836.0000159822,722840.9999255108,724567.0000200414,732070.9995734036,741193.0001013363,743411.0000143617,743702.9999447364,752705.0000604623
700384.9998118966,706887.0001642951,715281.0001930222,719710.9997646385,722836.0000159822,722840.9999255108,732070.9995734036,741193.0001013363,743411.0000143617,743702.9999447364,752705.0000604623
700384.9998118966,706887.0001642951,715281.0001930222,719710.9997646385,720606.9999179817,722836.0000159822,722840.9999255108,741193.0001013363,743411.0000143617,752705.0000604623,755166.9996001583
704666.0001407495,706887.0001642951,715281.0001930222,719710.9997646385,720606.9999179817,722836.0000159822,722840.9999255108,736911.9997724834,743411.0000143617,752705.0000604623,755166.9996001583
706887.0001642951,715281.0001930222,719710.9997646385,719734.999582229,720606.9999179817,721843.0003310039,722836.0000159822,722840.9999255108,743411.0000143617,752705.0000604623,755166.9996001583
706887.0001642951,715281.0001930222,719710.9997646385,719734.999582229,720606.9999179817,721843.0003310039,722840.9999255108,723306.999985068,742940.0000452759,752705.0000604623,755166.9996001583
706887.0001642951,715281.0001930222,719710.9997646385,719734.999582229,720606.9999179817,722840.9999255108,723306.999985068,730243.0001675243,742940.0000452759,744305.0002239419,755166.9996001583
710784.9999018444,715281.0001930222,716709.0001804323,719710.9997646385,719734.999582229,722840.9999255108,723306.999985068,730243.0001675243,742940.0000452759,744305.0002239419,755166.9996001583
710784.9999018444,715281.0001930222,716709.0001804323,719710.9997646385,722840.9999255108,722908.9999891596,723306.999985068,730243.0001675243,741130.9998170112,742940.0000452759,755166.9996001583
710784.9999018444,715281.0001930222,716709.0001804323,719710.9997646385,722840.9999255108,722853.0001106448,722908.9999891596,730697.0000419475,741130.9998170112,742940.0000452759,755166.9996001583
710416.0003093887,710784.9999018444,719710.9997646385,721574.0000640658,722840.9999255108,722853.0001106448,722908.9999891596,730697.0000419475,741130.9998170112,742940.0000452759,755166.9996001583
710416.0003093887,714731.999552581,719710.9997646385,721574.0000640658,722840.9999255108,722853.0001106448,722908.9999891596,730697.0000419475,741130.9998170112,742940.0000452759,751219.9999494217
710416.0003093887,714731.999552581,719710.9997646385,721574.0000640658,722840.9999255108,722853.0001106448,726053.9997236186,730697.0000419475,737986.0000825522,742940.0000452759,751219.9999494217
710416.0003093887,714731.999552581,718909.9999806334,719710.9997646385,721574.0000640658,722840.9999255108,722853.0001106448,730697.0000419475,742940.0000452759,745129.9998255374,751219.9999494217
710416.0003093887,714731.999552581,718909.9999806334,719710.9997646385,721574.0000640658,722840.9999255108,722853.0001106448,723130.0000682513,745129.9998255374,750507.0000189721,751219.9999494217
710416.0003093887,714731.999552581,718909.9999806334,719710.9997646385,722840.9999255108,722853.0001106448,723130.0000682513,724906.0002648126,745129.9998255374,747887.9997486749,750507.0000189721
710416.0003093887,714731.999552581,718909.9999806334,719710.9997646385,722603.0001089198,722840.9999255108,723130.0000682513,724906.0002648126,745379.9998272625,747887.9997486749,750507.0000189721
712874.9998441273,714731.999552581,718909.9999806334,719710.9997646385,722603.0001089198,722840.9999255108,723130.0000682513,724906.0002648126,745379.9998272625,745429.0002139362,750507.0000189721
698557.9995865085,718909.9999806334,719710.9997646385,722603.0001089198,722840.9999255108,723130.0000682513,724906.0002648126,729048.9998101998,745379.9998272625,745429.0002139362,750507.0000189721
698557.9995865085,718909.9999806334,719710.9997646385,722603.0001089198,722840.9999255108,724906.0002648126,725339.00001386,729048.9998101998,745379.9998272625,745429.0002139362,748298.0000733634
698557.9995865085,718909.9999806334,719301.9998078082,719710.9997646385,722603.0001089198,722840.9999255108,724906.0002648126,729048.9998101998,745429.0002139362,748298.0000733634,751417.0000333142
698557.9995865085,718909.9999806334,719301.9998078082,719710.9997646385,722171.0002670587,722603.0001089198,722840.9999255108,729048.9998101998,745429.0002139362,748298.0000733634,754152.0000310681
698557.9995865085,706959.0000592754,718909.9999806334,719710.9997646385,722171.0002670587,722840.9999255108,729048.9998101998,734945.9998574526,745429.0002139362,748298.0000733634,754152.0000310681
698557.9995865085,706959.0000592754,712988.9999251384,718909.9999806334,722171.0002670587,729048.9998101998,729562.999765011,734945.9998574526,745429.0002139362,748298.0000733634,754152.0000310681
698557.9995865085,706959.0000592754,712988.9999251384,713918.0000374733,718909.9999806334,722171.0002670587,729562.999765011,734945.9998574526,748298.0000733634,754152.0000310681,760559.9999866628
698557.9995865085,712988.9999251384,713918.0000374733,718909.9999806334,722171.0002670587,725503.9999915591,729562.999765011,734945.9998574526,735607.0000987845,748298.0000733634,760559.9999866628
698557.9995865085,712988.9999251384,713918.0000374733,718909.9999806334,725503.9999915591,729562.999765011,734945.9998574526,735098.0000627884,735371.0002776338,735607.0000987845,760559.9999866628
698557.9995865085,712988.9999251384,713918.0000374733,714738.0001812581,725503.9999915591,729562.999765011,735098.0000627884,735371.0002776338,735607.0000987845,739117.9996568279,760559.9999866628
698557.9995865085,713918.0000374733,714738.0001812581,719806.9997368638,722744.9999532857,725503.9999915591,735098.0000627884,735371.0002776338,735607.0000987845,739117.9996568279,760559.9999866628
713918.0000374733,714567.9999305459,714738.0001812581,719806.9997368638,722744.9999532857,725503.9999915591,735098.0000627884,735371.0002776338,735607.0000987845,739117.9996568279,744549.9996426253
714567.9999305459,714738.0001812581,718339.0001976617,719806.9997368638,722744.9999532857,725503.9999915591,730950.0001174454,735098.0000627884,735607.0000987845,739117.9996568279,744549.9996426253
706236.9998607708,714567.9999305459,718339.0001976617,719806.9997368638,722744.9999532857,730950.0001174454,734005.0003120464,735098.0000627884,735607.0000987845,739117.9996568279,744549.9996426253
712885.9999944107,714567.9999305459,718339.0001976617,719806.9997368638,722744.9999532857,727356.0001784065,730950.0001174454,735098.0000627884,735607.0000987845,739117.9996568279,744549.9996426253
712885.9999944107,714009.9999699142,714567.9999305459,718339.0001976617,719806.9997368638,727356.0001784065,730950.0001174454,735607.0000987845,739117.9996568279,743833.0000461598,744549.9996426253
712885.9999944107,714009.9999699142,714567.9999305459,718339.0001976617,719806.9997368638,724333.9999187444,727356.0001784065,735607.0000987845,739117.9996568279,743833.0000461598,751165.9998413261
714009.9999699142,714567.9999305459,718339.0001976617,719806.9997368638,720446.0002195854,724333.9999187444,727356.0001784065,728046.9998736097,739117.9996568279,743833.0000461598,751165.9998413261
714009.9999699142,714567.9999305459,717225.0001350029,718339.0001976617,719806.9997368638,724333.9999187444,727356.0001784065,731267.9999581922,739117.9996568279,743833.0000461598,751165.9998413261
714009.9999699142,714073.9999537548,714567.9999305459,717225.0001350029,719806.9997368638,724333.9999187444,727356.0001784065,731267.9999581922,739117.9996568279,743833.0000461598,755431.000085233
714009.9999699142,714073.9999537548,714359.9993798563,714567.9999305459,717225.0001350029,719806.9997368638,724333.9999187444,731267.9999581922,743833.0000461598,752114.0004553781,755431.000085233
714009.9999699142,714073.9999537548,714359.9993798563,714567.9999305459,717225.0001350029,724168.9997808692,724333.9999187444,731267.9999581922,739471.0000021544,752114.0004553781,755431.000085233
700785.9998775108,714009.9999699142,714359.9993798563,717225.0001350029,724168.9997808692,724333.9999187444,727856.0000067899,731267.9999581922,739471.0000021544,752114.0004553781,755431.000085233
700785.9998775108,707140.9999812804,714359.9993798563,724094.0001236367,724168.9997808692,724333.9999187444,727856.0000067899,731267.9999581922,739471.0000021544,752114.0004553781,755431.000085233
700785.9998775108,707140.9999812804,714359.9993798563,724168.9997808692,724333.9999187444,727856.0000067899,731267.9999581922,738154.0000861565,739471.0000021544,741371.0001227132,752114.0004553781
707140.9999812804,714359.9993798563,717999.9999669131,720939.9999967542,724168.9997808692,724333.9999187444,727856.0000067899,731267.9999581922,739471.0000021544,741371.0001227132,752114.0004553781
707140.9999812804,714359.9993798563,720939.9999967542,721113.9995421731,721220.0003434845,724168.9997808692,727856.0000067899,731267.9999581922,739471.0000021544,741371.0001227132,752114.0004553781
707140.9999812804,714359.9993798563,714867.9999787889,720939.9999967542,721113.9995421731,721220.0003434845,727856.0000067899,731267.9999581922,741371.0001227132,748771.9998042347,752114.0004553781
707140.9999812804,714359.9993798563,714867.9999787889,720939.9999967542,721113.9995421731,721220.0003434845,727856.0000067899,729039.0000357925,743600.0000451129,748771.9998042347,752114.0004553781
714359.9993798563,714867.9999787889,719180.9999552252,720939.9999967542,721113.9995421731,721220.0003434845,727856.0000067899,729039.0000357925,731560.0000711682,748771.9998042347,752114.0004553781
714359.9993798563,714867.9999787889,719180.9999552252,720939.9999967542,721113.9995421731,721220.0003434845,723670.9999439626,727856.0000067899,736928.0001629982,748771.9998042347,752114.0004553781
713728.0000656908,714359.9993798563,714867.9999787889,720939.9999967542,721113.9995421731,721220.0003434845,727856.0000067899,729123.9998334969,736928.0001629982,748771.9998042347,752114.0004553781
713728.0000656908,714359.9993798563,717057.9999643103,720939.9999967542,721113.9995421731,721220.0003434845,727856.0000067899,729123.9998334969,736928.0001629982,746581.9998187133,752114.0004553781
713728.0000656908,717057.9999643103,717125.9995157393,720939.9999967542,721113.9995421731,721220.0003434845,727856.0000067899,729123.9998334969,736928.0001629982,746581.9998187133,749348.0003194951
713728.0000656908,716785.0002680031,717057.9999643103,717125.9995157393,721113.9995421731,725375.0000722356,727856.0000067899,729123.9998334969,736928.0001629982,746581.9998187133,749348.0003194951
713728.0000656908,716785.0002680031,717057.9999643103,721113.9995421731,725375.0000722356,726465.0001960754,727856.0000067899,729123.9998334969,736928.0001629982,740008.999639159,746581.9998187133
713069.0003209652,713728.0000656908,716785.0002680031,717057.9999643103,721113.9995421731,725375.0000722356,727856.0000067899,729123.9998334969,740008.999639159,746581.9998187133,750324.0000381086
713069.0003209652,713728.0000656908,716785.0002680031,716933.9997832925,717057.9999643103,725375.0000722356,729123.9998334969,732035.9997656705,740008.999639159,746581.9998187133,750324.0000381086
705531.0002376363,713069.0003209652,713728.0000656908,716933.9997832925,717057.9999643103,725375.0000722356,732035.9997656705,740008.999639159,740377.9998638637,746581.9998187133,750324.0000381086
713069.0003209652,713728.0000656908,716512.9999052904,716933.9997832925,717057.9999643103,721054.0000980163,725375.0000722356,740008.999639159,740377.9998638637,746581.9998187133,750324.0000381086
713069.0003209652,713728.0000656908,713994.999902846,716512.9999052904,716933.9997832925,717057.9999643103,732434.000267406,740008.999639159,740377.9998638637,746581.9998187133,750324.0000381086
713069.0003209652,713087.0003511377,713728.0000656908,716512.9999052904,716933.9997832925,717057.9999643103,733341.9998191142,740008.999639159,740377.9998638637,746581.9998187133,750324.0000381086
713069.0003209652,713087.0003511377,713728.0000656908,715854.9996950352,717057.9999643103,717591.9999935478,733341.9998191142,740008.999639159,740377.9998638637,746581.9998187133,750324.0000381086
713087.0003511377,713728.0000656908,715854.9996950352,717057.9999643103,717591.9999935478,730989.9999483306,732403.0004107432,733341.9998191142,740008.999639159,740377.9998638637,746581.9998187133
713087.0003511377,713728.0000656908,715854.9996950352,717057.9999643103,717591.9999935478,726618.000457304,733341.9998191142,736774.9999017698,740008.999639159,740377.9998638637,746581.9998187133
713087.0003511377,713728.0000656908,714762.000396715,715854.9996950352,717057.9999643103,717591.9999935478,733341.9998191142,740008.999639159,740377.9998638637,746581.9998187133,748630.9999623587
713087.0003511377,713728.0000656908,714762.000396715,716497.0000181848,716949.9996703982,717057.9999643103,733341.9998191142,740008.999639159,740377.9998638637,746581.9998187133,748630.9999623587
713728.0000656908,714762.000396715,716497.0000181848,716949.9996703982,717036.0000252196,717057.9999643103,733341.9998191142,740008.999639159,740377.9998638637,744682.0002882768,746581.9998187133
713728.0000656908,716497.0000181848,716949.9996703982,717036.0000252196,717057.9999643103,718051.0003267362,733341.9998191142,736719.9997091377,740377.9998638637,744682.0002882768,746581.9998187133
709944.9996848146,716497.0000181848,717036.0000252196,717057.9999643103,718051.0003267362,720733.0000512744,733341.9998191142,736719.9997091377,740377.9998638637,744682.0002882768,746581.9998187133
709944.9996848146,716497.0000181848,717036.0000252196,717057.9999643103,718051.0003267362,720733.0000512744,721097.000215432,736719.9997091377,740377.9998638637,746581.9998187133,756926.999891959
709944.9996848146,713497.00005366,716497.0000181848,717036.0000252196,718051.0003267362,721097.000215432,724293.9999619247,736719.9997091377,740377.9998638637,746581.9998187133,756926.999891959
709944.9996848146,716497.0000181848,717036.0000252196,718051.0003267362,721097.000215432,722804.0001949021,724293.9999619247,736719.9997091377,737274.9996774712,740377.9998638637,756926.999891959
709944.9996848146,717036.0000252196,717349.00015381,718051.0003267362,721097.000215432,722804.0001949021,724293.9999619247,736719.9997091377,737274.9996774712,740377.9998638637,756074.9997563337
709944.9996848146,710381.9999348166,717349.00015381,718051.0003267362,721097.000215432,722804.0001949021,730948.0000523278,736719.9997091377,737274.9996774712,740377.9998638637,756074.9997563337
709944.9996848146,710381.9999348166,718051.0003267362,721097.000215432,722804.0001949021,723212.0000472923,730948.0000523278,736719.9997091377,737274.9996774712,740377.9998638637,750211.9998628513
709944.9996848146,713129.000005525,718051.0003267362,721097.000215432,722804.0001949021,723212.0000472923,730948.0000523278,736719.9997091377,737274.9996774712,737630.9997931554,750211.9998628513
709944.9996848146,718051.0003267362,721097.000215432,721123.000040934,722804.0001949021,722954.0000169188,723212.0000472923,736719.9997091377,737274.9996774712,737630.9997931554,750211.9998628513
709944.9996848146,716356.0005136061,721097.000215432,721123.000040934,722804.0001949021,722954.0000169188,723212.0000472923,737274.9996774712,737630.9997931554,738414.9995222678,750211.9998628513
709944.9996848146,716356.0005136061,721097.000215432,721123.000040934,721278.9997710518,722954.0000169188,723212.0000472923,737630.9997931554,738414.9995222678,738800.0001013216,750211.9998628513
709944.9996848146,713598.9998139588,716356.0005136061,721097.000215432,721278.9997710518,722954.0000169188,723212.0000472923,738414.9995222678,738800.0001013216,745155.0000201305,750211.9998628513
709944.9996848146,713819.9998556752,716356.0005136061,721097.000215432,721278.9997710518,722732.9999752024,723212.0000472923,738414.9995222678,738800.0001013216,745155.0000201305,750211.9998628513
709944.9996848146,713819.9998556752,716356.0005136061,718528.9993790076,721097.000215432,721278.9997710518,722732.9999752024,738414.9995222678,738800.0001013216,745155.0000201305,754895.0005311361
709944.9996848146,713819.9998556752,714805.9997986474,716356.0005136061,718528.9993790076,721097.000215432,722732.9999752024,738414.9995222678,745155.0000201305,745273.000073726,754895.0005311361
709944.9996848146,713819.9998556752,716356.0005136061,718528.9993790076,721097.000215432,722732.9999752024,727154.9997500768,732924.0001222966,738414.9995222678,745155.0000201305,754895.0005311361
709944.9996848146,716356.0005136061,718418.9996330021,718528.9993790076,721097.000215432,722732.9999752024,727154.9997500768,732924.0001222966,738414.9995222678,740556.0002428035,754895.0005311361
709944.9996848146,716356.0005136061,718528.9993790076,721097.000215432,722732.9999752024,724205.9997469904,727154.9997500768,732924.0001222966,734769.0001288152,738414.9995222678,754895.0005311361
709944.9996848146,713259.000089583,716356.0005136061,718528.9993790076,721097.000215432,722732.9999752024,724205.9997469904,734769.0001288152,738414.9995222678,746819.9997827904,754895.0005311361
709944.9996848146,713259.000089583,715449.000064437,716356.0005136061,718528.9993790076,724205.9997469904,728381.0001261974,734769.0001288152,738414.9995222678,746819.9997827904,754895.0005311361
697053.999971395,713259.000089583,715449.000064437,716356.0005136061,718528.9993790076,724205.9997469904,734769.0001288152,738414.9995222678,741271.9998396169,746819.9997827904,754895.0005311361
697053.999971395,713259.000089583,716356.0005136061,718528.9993790076,721375.000152216,724205.9997469904,734769.0001288152,738414.9995222678,740893.9996950115,741271.9998396169,754895.0005311361
697053.999971395,716356.0005136061,717417.9997738446,718528.9993790076,721375.000152216,724205.9997469904,734769.0001288152,736735.0000107498,738414.9995222678,741271.9998396169,754895.0005311361
697053.999971395,716356.0005136061,717417.9997738446,718528.9993790076,721466.0000885485,724205.9997469904,734678.0001924827,736735.0000107498,738414.9995222678,741271.9998396169,754895.0005311361
697053.999971395,717417.9997738446,718528.9993790076,721466.0000885485,721891.9999227124,724205.9997469904,732879.0001131615,734678.0001924827,736735.0000107498,741271.9998396169,754895.0005311361
697053.999971395,713901.0001871198,717417.9997738446,718528.9993790076,721891.9999227124,724205.9997469904,732879.0001131615,736735.0000107498,741271.9998396169,742243.0000939114,754895.0005311361
697053.999971395,713901.0001871198,714564.9998529815,717417.9997738446,718528.9993790076,721891.9999227124,736735.0000107498,741271.9998396169,742243.0000939114,742520.0000071704,754895.0005311361
697053.999971395,714564.9998529815,715595.0002405036,717417.9997738446,718528.9993790076,721891.9999227124,736735.0000107498,740549.0000405277,741271.9998396169,742520.0000071704,754895.0005311361
697053.999971395,713922.9998338525,714564.9998529815,715595.0002405036,717417.9997738446,718528.9993790076,736735.0000107498,740549.0000405277,741271.9998396169,750489.0000960303,754895.0005311361
697053.999971395,713922.9998338525,714564.9998529815,715595.0002405036,718528.9993790076,719989.0000121241,734163.9997724703,740549.0000405277,741271.9998396169,750489.0000960303,754895.0005311361
698049.9999384785,713568.9998858981,713922.9998338525,715595.0002405036,718528.9993790076,719989.0000121241,734163.9997724703,740549.0000405277,741271.9998396169,750489.0000960303,754895.0005311361
698049.9999384785,712145.0000950019,713568.9998858981,713922.9998338525,718528.9993790076,723439.0001576258,734163.9997724703,740549.0000405277,741271.9998396169,750489.0000960303,754895.0005311361
698049.9999384785,713568.9998858981,713922.9998338525,718528.9993790076,722616.0000946964,723439.0001576258,730078.0000408331,734163.9997724703,741271.9998396169,750489.0000960303,754895.0005311361
698049.9999384785,713568.9998858981,715382.0001053263,718528.9993790076,722616.0000946964,723439.0001576258,730078.0000408331,734163.9997724703,741271.9998396169,749029.9998245565,754895.0005311361
698049.9999384785,713174.0002794046,713568.9998858981,715382.0001053263,718528.9993790076,730078.0000408331,732880.9999729176,734163.9997724703,741271.9998396169,749029.9998245565,754895.0005311361
698049.9999384785,712981.0002060508,713174.0002794046,713568.9998858981,718528.9993790076,730078.0000408331,732880.9999729176,734163.9997724703,741271.9998396169,751430.999723832,754895.0005311361
698049.9999384785,711894.9997592281,712981.0002060508,713174.0002794046,718528.9993790076,731752.000167503,732880.9999729176,734163.9997724703,741271.9998396169,751430.999723832,754895.0005311361
698049.9999384785,711894.9997592281,712981.0002060508,718528.9993790076,719290.0002785817,731752.000167503,732880.9999729176,734163.9997724703,735155.9998404398,751430.999723832,754895.0005311361
697505.0002258895,698049.9999384785,711894.9997592281,718528.9993790076,731752.000167503,732880.9999729176,734163.9997724703,734766.0002587431,735155.9998404398,751430.999723832,754895.0005311361
697505.0002258895,698049.9999384785,706432.9999455296,718528.9993790076,731752.000167503,732880.9999729176,734163.9997724703,735155.9998404398,740228.0000724415,751430.999723832,754895.0005311361
697505.0002258895,698049.9999384785,706432.9999455296,713031.9998562504,731752.000167503,732880.9999729176,734163.9997724703,735155.9998404398,740228.0000724415,751430.999723832,760392.0000538933
697505.0002258895,698049.9999384785,706432.9999455296,713031.9998562504,728364.9999941073,731752.000167503,734163.9997724703,735155.9998404398,744744.0000512518,751430.999723832,760392.0000538933
697505.0002258895,698049.9999384785,713031.9998562504,717176.0001439827,728364.9999941073,731752.000167503,734000.9998527989,734163.9997724703,735155.9998404398,751430.999723832,760392.0000538933
697505.0002258895,698049.9999384785,717176.0001439827,728364.9999941073,731752.000167503,733573.9995847982,734000.9998527989,734163.9997724703,735155.9998404398,739850.0003253454,751430.999723832
698049.9999384785,715535.0003329348,717176.0001439827,728364.9999941073,731752.000167503,733400.9996167867,733573.9995847982,734000.9998527989,734163.9997724703,735155.9998404398,739850.0003253454
698049.9999384785,712191.0005709653,717176.0001439827,728364.9999941073,733400.9996167867,733573.9995847982,734000.9998527989,734163.9997724703,735095.9999294723,735155.9998404398,739850.0003253454
698049.9999384785,714817.0000728543,717176.0001439827,728364.9999941073,732470.0004275833,733400.9996167867,733573.9995847982,734000.9998527989,734163.9997724703,735155.9998404398,739850.0003253454
698049.9999384785,711611.0002289762,714817.0000728543,728364.9999941073,732470.0004275833,733400.9996167867,733573.9995847982,734163.9997724703,735155.9998404398,739565.9997678053,739850.0003253454
698049.9999384785,711611.0002289762,714817.0000728543,718736.0004213863,728364.9999941073,733400.9996167867,733573.9995847982,734163.9997724703,735155.9998404398,739850.0003253454,753299.9997740024
698049.9999384785,698590.9999680347,714817.0000728543,718736.0004213863,733400.9996167867,733573.9995847982,734163.9997724703,735155.9998404398,739850.0003253454,741385.000255049,753299.9997740024
698049.9999384785,698590.9999680347,713430.9997302208,714817.0000728543,718736.0004213863,733400.9996167867,734163.9997724703,739850.0003253454,741385.000255049,753299.9997740024,755298.9996950172
698049.9999384785,698590.9999680347,713430.9997302208,714817.0000728543,715281.000002772,734163.9997724703,736856.0000354011,739850.0003253454,741385.000255049,753299.9997740024,755298.9996950172
698590.9999680347,713430.9997302208,714817.0000728543,715281.000002772,718592.9999170263,720842.0002765012,734163.9997724703,736856.0000354011,739850.0003253454,753299.9997740024,755298.9996950172
701151.0002103386,713430.9997302208,714817.0000728543,715281.000002772,718592.9999170263,720842.0002765012,731603.9995301664,736856.0000354011,739850.0003253454,753299.9997740024,755298.9996950172
701151.0002103386,708442.0000075378,714817.0000728543,715281.000002772,720842.0002765012,723581.9996397092,731603.9995301664,736856.0000354011,739850.0003253454,753299.9997740024,755298.9996950172
701151.0002103386,708442.0000075378,713240.0001028503,714817.0000728543,715281.000002772,731183.9998133602,731603.9995301664,736856.0000354011,739850.0003253454,753299.9997740024,755298.9996950172
701151.0002103386,708442.0000075378,714817.0000728543,715281.000002772,720245.0000884427,731183.9998133602,731603.9995301664,736856.0000354011,739850.0003253454,748293.9997094248,753299.9997740024
708442.0000075378,714340.9999062237,714817.0000728543,715281.000002772,718413.9998342813,720245.0000884427,731183.9998133602,736856.0000354011,739850.0003253454,748293.9997094248,753299.9997740024
708327.0000864932,708442.0000075378,714817.0000728543,715281.000002772,718413.9998342813,726258.9999081732,731183.9998133602,736856.0000354011,739850.0003253454,748293.9997094248,753299.9997740024
708327.0000864932,708442.0000075378,714817.0000728543,715281.000002772,717358.9997938337,727313.9999486208,731183.9998133602,736856.0000354011,739850.0003253454,748293.9997094248,753299.9997740024
708327.0000864932,708442.0000075378,714817.0000728543,715281.000002772,718203.999964814,726468.9997776404,731183.9998133602,736856.0000354011,739850.0003253454,748293.9997094248,753299.9997740024
708442.0000075378,714817.0000728543,715281.000002772,718203.999964814,718989.0001562156,720521.9997436377,726468.9997776404,736856.0000354011,739850.0003253454,748293.9997094248,753299.9997740024
708442.0000075378,714817.0000728543,715281.000002772,716497.9999937164,720521.9997436377,720695.0001273133,726468.9997776404,736856.0000354011,739850.0003253454,748293.9997094248,753299.9997740024
708442.0000075378,714817.0000728543,716497.9999937164,720521.9997436377,720695.0001273133,722669.9999376555,726468.9997776404,729467.0001005175,739850.0003253454,748293.9997094248,753299.9997740024
708442.0000075378,714817.0000728543,716497.9999937164,720521.9997436377,720695.0001273133,725005.9994573372,726468.9997776404,727131.0005808359,739850.0003253454,748293.9997094248,753299.9997740024
699729.0001538552,708442.0000075378,714817.0000728543,716497.9999937164,725005.9994573372,726468.9997776404,727131.0005808359,739850.0003253454,741487.9997170959,748293.9997094248,753299.9997740024
699729.0001538552,708442.0000075378,713330.9997709118,714817.0000728543,725005.9994573372,727131.0005808359,729636.000000445,739850.0003253454,741487.9997170959,748293.9997094248,753299.9997740024
699729.0001538552,713330.9997709118,714817.0000728543,722352.9999325445,725005.9994573372,725939.0004003387,727131.0005808359,729636.000000445,741487.9997170959,748293.9997094248,753299.9997740024
699729.0001538552,713330.9997709118,714817.0000728543,721909.0000162829,722352.9999325445,725939.0004003387,729636.000000445,730228.0000218902,741487.9997170959,748293.9997094248,753299.9997740024
699729.0001538552,713330.9997709118,714817.0000728543,722352.9999325445,724748.9997218073,725939.0004003387,727388.0003163657,729636.000000445,741487.9997170959,748293.9997094248,753299.9997740024
699729.0001538552,714138.9998049054,714817.0000728543,722352.9999325445,724748.9997218073,725939.0004003387,727388.0003163657,728827.9999664514,741487.9997170959,748293.9997094248,753299.9997740024
711208.0000533498,714138.9998049054,714817.0000728543,722352.9999325445,724748.9997218073,725939.0004003387,727388.0003163657,728827.9999664514,741487.9997170959,741820.9998745078,748293.9997094248
711091.0001011442,711208.0000533498,714138.9998049054,714817.0000728543,722352.9999325445,725939.0004003387,728827.9999664514,741045.9999370289,741487.9997170959,741820.9998745078,748293.9997094248
711091.0001011442,714138.9998049054,714481.9996535347,714817.0000728543,722352.9999325445,725939.0004003387,728827.9999664514,738547.0002743229,741045.9999370289,741487.9997170959,748293.9997094248
711091.0001011442,714138.9998049054,714481.9996535347,714817.0000728543,722352.9999325445,725398.9997424062,725939.0004003387,728827.9999664514,741045.9999370289,748293.9997094248,754636.0002490126
711091.0001011442,714138.9998049054,714481.9996535347,714817.0000728543,721929.9997951093,722352.9999325445,728827.9999664514,729408.0003476356,741045.9999370289,748293.9997094248,754636.0002490126
711091.0001011442,714138.9998049054,714817.0000728543,721929.9997951093,722352.9999325445,724579.9999514272,728827.9999664514,729408.0003476356,741045.9999370289,744537.9999511202,748293.9997094248
714138.9998049054,714817.0000728543,720503.9999922481,721929.9997951093,722352.9999325445,724579.9999514272,728827.9999664514,729408.0003476356,731633.0000459249,744537.9999511202,748293.9997094248
711080.9998497581,714138.9998049054,714817.0000728543,720503.9999922481,724579.9999514272,728827.9999664514,729408.0003476356,731633.0000459249,733201.9998778957,744537.9999511202,748293.9997094248
711080.9998497581,713709.9999961643,714817.0000728543,720503.9999922481,724579.9999514272,729256.9997751925,729408.0003476356,731633.0000459249,733201.9998778957,744537.9999511202,748293.9997094248
711080.9998497581,714817.0000728543,716288.9998131924,720503.9999922481,724579.9999514272,726677.9999581645,729408.0003476356,731633.0000459249,733201.9998778957,744537.9999511202,748293.9997094248
711080.9998497581,714817.0000728543,715704.9998839552,716288.9998131924,720503.9999922481,726677.9999581645,729408.0003476356,731633.0000459249,733201.9998778957,748293.9997094248,753413.0000185922
711080.9998497581,714512.9998800217,714817.0000728543,715704.9998839552,716288.9998131924,726677.9999581645,729408.0003476356,733201.9998778957,737624.0001581514,748293.9997094248,753413.0000185922
714512.9998800217,714817.0000728543,715704.9998839552,716288.9998131924,719994.0000854114,724288.9996422424,726677.9999581645,729408.0003476356,737624.0001581514,748293.9997094248,753413.0000185922
710732.0002719021,714512.9998800217,715704.9998839552,716288.9998131924,724078.9998863636,724288.9996422424,726677.9999581645,729408.0003476356,737624.0001581514,748293.9997094248,753413.0000185922
709999.0001151611,714512.9998800217,716288.9998131924,716438.0000406962,724078.9998863636,724288.9996422424,726677.9999581645,729408.0003476356,737624.0001581514,748293.9997094248,753413.0000185922
712803.0000896368,714512.9998800217,716288.9998131924,716438.0000406962,721484.9996677667,724078.9998863636,726677.9999581645,729408.0003476356,737624.0001581514,748293.9997094248,753413.0000185922
712803.0000896368,714512.9998800217,716288.9998131924,716438.0000406962,716569.000444383,724078.9998863636,726677.9999581645,734323.9995710193,737624.0001581514,748293.9997094248,753413.0000185922
712803.0000896368,714512.9998800217,716288.9998131924,716438.0000406962,716569.000444383,724078.9998863636,726677.9999581645,730601.9995248738,737624.0001581514,752015.9997555703,753413.0000185922
712377.9997910206,712803.0000896368,714512.9998800217,716438.0000406962,716569.000444383,724078.9998863636,730588.9999803363,730601.9995248738,737624.0001581514,752015.9997555703,753413.0000185922
694737.0002103293,712377.9997910206,714512.9998800217,716569.000444383,724078.9998863636,730588.9999803363,730601.9995248738,734503.9999200037,737624.0001581514,752015.9997555703,753413.0000185922
694737.0002103293,712377.9997910206,714512.9998800217,716569.000444383,719795.0001672234,730588.9999803363,730601.9995248738,737624.0001581514,738787.9996391438,752015.9997555703,753413.0000185922
691246.0001398961,712377.9997910206,714512.9998800217,716569.000444383,723286.0002376566,730588.9999803363,730601.9995248738,737624.0001581514,738787.9996391438,752015.9997555703,753413.0000185922
695042.9999312388,712377.9997910206,714512.9998800217,716569.000444383,723286.0002376566,726804.999733531,730588.9999803363,737624.0001581514,738787.9996391438,752015.9997555703,753413.0000185922
693958.0002543153,712377.9997910206,714512.9998800217,716569.000444383,723286.0002376566,727889.9994104544,730588.9999803363,737624.0001581514,738787.9996391438,752015.9997555703,753413.0000185922
693958.0002543153,712377.9997910206,714512.9998800217,716569.000444383,723286.0002376566,727889.9994104544,730588.9999803363,737624.0001581514,738390.9996289354,752015.9997555703,753810.0000288007
693258.0002418677,712377.9997910206,714512.9998800217,716569.000444383,723986.0002501042,727889.9994104544,730588.9999803363,737624.0001581514,738390.9996289354,752015.9997555703,753810.0000288007
693258.0002418677,714512.9998800217,716569.000444383,716608.9997502626,723986.0002501042,726358.0000210943,727889.9994104544,737624.0001581514,738390.9996289354,752015.9997555703,753810.0000288007
693258.0002418677,714512.9998800217,716569.000444383,716608.9997502626,723986.0002501042,724499.9997423978,726358.0000210943,737624.0001581514,738390.9996289354,753810.0000288007,755405.9994236269
704725.0001496901,714512.9998800217,716569.000444383,716608.9997502626,723986.0002501042,724499.9997423978,726157.000250329,726358.0000210943,738390.9996289354,753810.0000288007,755405.9994236269
704725.0001496901,714512.9998800217,716569.000444383,716608.9997502626,723986.0002501042,724499.9997423978,726157.000250329,726358.0000210943,732037.9995502715,755405.9994236269,760163.0001074645
704725.0001496901,714512.9998800217,716608.9997502626,723986.0002501042,724499.9997423978,726157.000250329,726358.0000210943,729581.999832239,732037.9995502715,742393.0000357709,760163.0001074645
704725.0001496901,714512.9998800217,716608.9997502626,723595.0002734388,724499.9997423978,726358.0000210943,726548.0002269945,729581.999832239,732037.9995502715,742393.0000357709,760163.0001074645
704725.0001496901,714512.9998800217,716608.9997502626,723445.9999237498,723595.0002734388,724499.9997423978,726358.0000210943,732037.9995502715,732684.0001354837,742393.0000357709,760163.0001074645
704725.0001496901,714512.9998800217,716608.9997502626,720829.9998328837,723445.9999237498,724499.9997423978,726358.0000210943,732684.0001354837,734802.9999908266,742393.0000357709,760163.0001074645
704725.0001496901,714512.9998800217,716608.9997502626,720829.9998328837,723445.9999237498,724499.9997423978,726358.0000210943,732684.0001354837,741061.0000186374,742393.0000357709,753905.0000796537
704725.0001496901,713004.9999049358,714512.9998800217,716608.9997502626,720829.9998328837,726358.0000210943,732684.0001354837,734940.9997612118,741061.0000186374,742393.0000357709,753905.0000796537
704725.0001496901,713004.9999049358,714512.9998800217,716608.9997502626,720128.9999648764,720829.9998328837,732684.0001354837,734940.9997612118,742393.0000357709,747290.0000748553,753905.0000796537
704725.0001496901,714512.9998800217,716168.9998999729,716608.9997502626,717665.9998378466,720128.9999648764,732684.0001354837,734940.9997612118,742393.0000357709,747290.0000748553,753905.0000796537
704725.0001496901,714512.9998800217,716168.9998999729,716608.9997502626,720128.9999648764,732684.0001354837,734940.9997612118,735470.0000239962,736100.9998935042,742393.0000357709,747290.0000748553
704725.0001496901,714512.9998800217,716168.9998999729,716608.9997502626,720128.9999648764,726433.000273004,735470.0000239962,736100.9998935042,741191.9996236914,742393.0000357709,747290.0000748553
704725.0001496901,713091.9999750776,714512.9998800217,716168.9998999729,723645.9997400615,726433.000273004,735470.0000239962,736100.9998935042,741191.9996236914,742393.0000357709,747290.0000748553
704725.0001496901,713091.9999750776,714512.9998800217,715132.00017676,716168.9998999729,723645.9997400615,735470.0000239962,736100.9998935042,741191.9996236914,747290.0000748553,753694.000132015
702528.9999847825,713091.9999750776,715132.00017676,716168.9998999729,716709.0000449292,723645.9997400615,735470.0000239962,736100.9998935042,741191.9996236914,747290.0000748553,753694.000132015
702528.9999847825,713091.9999750776,716168.9998999729,716709.0000449292,718506.0002590381,723645.9997400615,735470.0000239962,736100.9998935042,741191.9996236914,747290.0000748553,750320.0000497368
702528.9999847825,714006.9996433248,716168.9998999729,716709.0000449292,718506.0002590381,722731.0000718143,735470.0000239962,736100.9998935042,741191.9996236914,747290.0000748553,750320.0000497368
702528.9999847825,714006.9996433248,716168.9998999729,716709.0000449292,718506.0002590381,718622.0000832498,735470.0000239962,736100.9998935042,741191.9996236914,750320.0000497368,751399.0000634198
702528.9999847825,714006.9996433248,714161.9998406856,716168.9998999729,716709.0000449292,718506.0002590381,735470.0000239962,740561.0001360683,741191.9996236914,750320.0000497368,751399.0000634198
702528.9999847825,714006.9996433248,714161.9998406856,716168.9998999729,716709.0000449292,718506.0002590381,734900.0000350145,741131.0001250501,741191.9996236914,750320.0000497368,751399.0000634198
702528.9999847825,714006.9996433248,714161.9998406856,716168.9998999729,716709.0000449292,721673.0003196902,734900.0000350145,741131.0001250501,741191.9996236914,747152.9999890847,751399.0000634198
702528.9999847825,714006.9996433248,714161.9998406856,715642.9999159095,716168.9998999729,716709.0000449292,734900.0000350145,741131.0001250501,747152.9999890847,747222.0000274722,751399.0000634198
702528.9999847825,714006.9996433248,714161.9998406856,715642.9999159095,716709.0000449292,727909.9999402799,734900.0000350145,735480.9999871652,741131.0001250501,747152.9999890847,751399.0000634198
702528.9999847825,714006.9996433248,714325.9999617169,715642.9999159095,716709.0000449292,727909.9999402799,734735.9999139832,735480.9999871652,741131.0001250501,747152.9999890847,751399.0000634198
702528.9999847825,714006.9996433248,714325.9999617169,715363.9992055795,716709.0000449292,727909.9999402799,734735.9999139832,735480.9999871652,741131.0001250501,747432.0006994146,751399.0000634198
702528.9999847825,714152.9999247935,714325.9999617169,715363.9992055795,716709.0000449292,727909.9999402799,734735.9999139832,735480.9999871652,741131.0001250501,747432.0006994146,751252.9997819511
702528.9999847825,714152.9999247935,714325.9999617169,716709.0000449292,722751.999952053,727909.9999402799,728092.9992406918,734735.9999139832,741131.0001250501,747432.0006994146,751252.9997819511
702528.9999847825,714152.9999247935,714325.9999617169,716709.0000449292,722751.999952053,727909.9999402799,728092.9992406918,731823.0000470894,744043.9999919438,747432.0006994146,751252.9997819511
702721.9997239402,714152.9999247935,714325.9999617169,716516.0003057716,722751.999952053,727909.9999402799,728092.9992406918,731823.0000470894,744043.9999919438,747432.0006994146,751252.9997819511
702721.9997239402,714152.9999247935,714325.9999617169,715949.0001402368,716516.0003057716,722751.999952053,727909.9999402799,728092.9992406918,747432.0006994146,751252.9997819511,759917.9998987964
702721.9997239402,714325.9999617169,715949.0001402368,716516.0003057716,722751.999952053,727909.9999402799,728092.9992406918,728814.999821933,736590.9998848116,747432.0006994146,759917.9998987964
702721.9997239402,715949.0001402368,716516.0003057716,719680.0001298005,722751.999952053,727909.9999402799,728092.9992406918,728814.999821933,736590.9998848116,747432.0006994146,754563.9997307127
702721.9997239402,716516.0003057716,719680.0001298005,722011.0001050199,722751.999952053,722752.9998571498,727909.9999402799,728092.9992406918,736590.9998848116,747432.0006994146,754563.9997307127
702721.9997239402,715409.9998753616,716516.0003057716,719680.0001298005,722011.0001050199,727909.9999402799,728092.9992406918,730094.9999338412,736590.9998848116,747432.0006994146,754563.9997307127
702721.9997239402,716516.0003057716,719680.0001298005,720481.9997465311,722011.0001050199,727909.9999402799,728092.9992406918,730094.9999338412,731519.000013642,747432.0006994146,754563.9997307127
702721.9997239402,716516.0003057716,719680.0001298005,720481.9997465311,727909.9999402799,728092.9992406918,728719.9997185579,730094.9999338412,731519.000013642,747432.0006994146,747855.0001171747
702721.9997239402,716516.0003057716,717489.9997925848,719680.0001298005,720481.9997465311,727909.9999402799,728092.9992406918,730094.9999338412,731519.000013642,747432.0006994146,759085.0000431478
702721.9997239402,716516.0003057716,717489.9997925848,719680.0001298005,722725.9999994389,727909.9999402799,728092.9992406918,729274.9997607343,730094.9999338412,747432.0006994146,759085.0000431478
702721.9997239402,710129.9999641967,716516.0003057716,717489.9997925848,722725.9999994389,727909.9999402799,728092.9992406918,729274.9997607343,739645.000099445,747432.0006994146,759085.0000431478
702721.9997239402,716516.0003057716,717489.9997925848,721834.9999654635,722725.9999994389,727909.9999402799,727940.0000981782,728092.9992406918,729274.9997607343,747432.0006994146,759085.0000431478
702721.9997239402,716278.0001660025,717489.9997925848,721834.9999654635,722725.9999994389,727909.9999402799,728092.9992406918,728178.0002379472,729274.9997607343,747432.0006994146,759085.0000431478
702721.9997239402,716023.0001276353,717489.9997925848,721834.9999654635,722725.9999994389,727909.9999402799,728092.9992406918,728433.0002763144,729274.9997607343,747432.0006994146,759085.0000431478
702721.9997239402,716023.0001276353,717334.0004565129,717489.9997925848,721834.9999654635,722725.9999994389,727909.9999402799,728433.0002763144,729274.9997607343,758190.9994835935,759085.0000431478
702721.9997239402,717099.9999441856,717334.0004565129,717489.9997925848,720758.0001489132,722725.9999994389,727909.9999402799,728433.0002763144,729274.9997607343,758190.9994835935,759085.0000431478
702721.9997239402,717099.9999441856,717334.0004565129,717489.9997925848,720758.0001489132,724786.0000199204,727909.9999402799,728433.0002763144,729274.9997607343,757025.0000226663,758190.9994835935
702721.9997239402,717099.9999441856,717489.9997925848,720758.0001489132,724786.0000199204,727909.9999402799,728433.0002763144,729274.9997607343,731020.9997329892,744504.0002071172,757025.0000226663
702721.9997239402,707451.9999200312,717099.9999441856,717489.9997925848,724786.0000199204,727909.9999402799,729274.9997607343,731020.9997329892,741739.0005051965,744504.0002071172,757025.0000226663
702721.9997239402,707451.9999200312,715178.9999591783,717489.9997925848,726707.0000049277,727909.9999402799,729274.9997607343,731020.9997329892,741739.0005051965,744504.0002071172,757025.0000226663
702721.9997239402,707451.9999200312,715178.9999591783,717489.9997925848,720764.9999926409,727909.9999402799,731020.9997329892,735216.9997730213,741739.0005051965,744504.0002071172,757025.0000226663
702721.9997239402,707451.9999200312,715178.9999591783,715333.9997063151,717489.9997925848,727909.9999402799,731020.9997329892,740648.0000593471,741739.0005051965,744504.0002071172,757025.0000226663
702721.9997239402,715178.9999591783,715333.9997063151,717489.9997925848,719459.9999222062,727909.9999402799,731020.9997329892,740648.0000593471,741739.0005051965,744504.0002071172,745017.0000204913
702721.9997239402,715178.9999591783,715333.9997063151,717489.9997925848,719459.9999222062,727909.9999402799,730831.0000522225,731020.9997329892,741739.0005051965,744504.0002071172,754834.000027616
702721.9997239402,715178.9999591783,715333.9997063151,717489.9997925848,727909.9999402799,728924.0000377143,730831.0000522225,731020.9997329892,741739.0005051965,744504.0002071172,745369.999912108
702721.9997239402,715178.9999591783,715333.9997063151,717489.9997925848,722632.0000027645,727909.9999402799,728924.0000377143,730831.0000522225,741739.0005051965,745369.999912108,752892.9999373419
702721.9997239402,715178.9999591783,717489.9997925848,721871.9999691237,722632.0000027645,724292.9997894139,727909.9999402799,728924.0000377143,741739.0005051965,745369.999912108,752892.9999373419
702721.9997239402,715178.9999591783,716297.0002376405,717489.9997925848,721871.9999691237,724292.9997894139,727909.9999402799,728924.0000377143,741739.0005051965,745369.999912108,759227.999702466
702721.9997239402,715178.9999591783,716297.0002376405,717489.9997925848,721871.9999691237,724292.9997894139,727909.9999402799,728924.0000377143,741254.0002591208,745855.0001581836,759227.999702466
702721.9997239402,715178.9999591783,716297.0002376405,717489.9997925848,721871.9999691237,724292.9997894139,728924.0000377143,733304.9996996771,741254.0002591208,745855.0001581836,753832.9999430687
702721.9997239402,715178.9999591783,716297.0002376405,721871.9999691237,722139.0000102759,724292.9997894139,728924.0000377143,733304.9996996771,741205.9999404926,741254.0002591208,753832.9999430687
715178.9999591783,715821.0002581881,716297.0002376405,721871.9999691237,722139.0000102759,724292.9997894139,728154.9997248729,728924.0000377143,733304.9996996771,741205.9999404926,753832.9999430687
715178.9999591783,715821.0002581881,716297.0002376405,721871.9999691237,724292.9997894139,728154.9997248729,728924.0000377143,731051.9999750461,732292.9999757223,733304.9996996771,753832.9999430687
713052.9998832474,715178.9999591783,715821.0002581881,716297.0002376405,721871.9999691237,724292.9997894139,728154.9997248729,728924.0000377143,733304.9996996771,750292.000067521,753832.9999430687
713052.9998832474,715702.000076257,715821.0002581881,716297.0002376405,721871.9999691237,724292.9997894139,728154.9997248729,728400.9999206355,733304.9996996771,750292.000067521,753832.9999430687
713052.9998832474,715702.000076257,716297.0002376405,720375.0000743981,721871.9999691237,723600.9999086629,724292.9997894139,728400.9999206355,733304.9996996771,750292.000067521,753832.9999430687
713052.9998832474,715702.000076257,720375.0000743981,721871.9999691237,723600.9999086629,724292.9997894139,724867.0001908233,728400.9999206355,733304.9996996771,745262.9999898858,750292.000067521
713052.9998832474,715702.000076257,718288.9995343972,720375.0000743981,721871.9999691237,723600.9999086629,724292.9997894139,724867.0001908233,728400.9999206355,750292.000067521,760279.0001551658
713052.9998832474,715702.000076257,720375.0000743981,721871.9999691237,723600.9999086629,724292.9997894139,724867.0001908233,728400.9999206355,731442.9996430441,747125.0000465189,750292.000067521
713052.9998832474,720375.0000743981,721628.9999534817,721871.9999691237,722474.0000434108,723600.9999086629,724292.9997894139,724867.0001908233,731442.9996430441,747125.0000465189,750292.000067521
713052.9998832474,720375.0000743981,721871.9999691237,722474.0000434108,723443.999702134,723600.9999086629,724292.9997894139,724867.0001908233,729627.9998943917,747125.0000465189,750292.000067521
713992.9998919655,720375.0000743981,721534.0000346927,721871.9999691237,723443.999702134,723600.9999086629,724292.9997894139,724867.0001908233,729627.9998943917,747125.0000465189,750292.000067521
713992.9998919655,714267.9999813559,720375.0000743981,721534.0000346927,723443.999702134,723600.9999086629,724867.0001908233,729627.9998943917,731896.9997771818,747125.0000465189,750292.000067521
713918.0002442191,714267.9999813559,720375.0000743981,721534.0000346927,723443.999702134,723600.9999086629,724867.0001908233,729627.9998943917,731896.9997771818,747125.0000465189,750366.9997152674
713918.0002442191,714271.9999931235,720375.0000743981,721530.0000229251,723443.999702134,723600.9999086629,724867.0001908233,729627.9998943917,731896.9997771818,747125.0000465189,750366.9997152674
713918.0002442191,715826.999673821,720375.0000743981,721530.0000229251,723443.999702134,723600.9999086629,724867.0001908233,729627.9998943917,730342.0000964842,747125.0000465189,750366.9997152674
713918.0002442191,720375.0000743981,720465.9997818258,721530.0000229251,723443.999702134,723600.9999086629,724867.0001908233,725702.9999884794,729627.9998943917,747125.0000465189,750366.9997152674
714512.0003900719,720375.0000743981,720465.9997818258,720935.9998770723,723443.999702134,723600.9999086629,724867.0001908233,725702.9999884794,729627.9998943917,747125.0000465189,750366.9997152674
714512.0003900719,719171.0003764663,720465.9997818258,720935.9998770723,723443.999702134,724804.9996065947,724867.0001908233,725702.9999884794,729627.9998943917,747125.0000465189,750366.9997152674
714512.0003900719,719171.0003764663,720465.9997818258,723443.999702134,724804.9996065947,724867.0001908233,725702.9999884794,729627.9998943917,730886.9998434733,740415.9997488664,747125.0000465189
713945.9999393267,714512.0003900719,719171.0003764663,720465.9997818258,723443.999702134,724804.9996065947,725702.9999884794,729627.9998943917,730886.9998434733,740415.9997488664,758046.0002980155
713945.9999393267,713960.9998714355,714512.0003900719,719171.0003764663,720465.9997818258,723443.999702134,724804.9996065947,725702.9999884794,740415.9997488664,746553.9998664296,758046.0002980155
713945.9999393267,713960.9998714355,714442.9995835499,714512.0003900719,719171.0003764663,723443.999702134,724804.9996065947,731726.0001867553,740415.9997488664,746553.9998664296,758046.0002980155
713945.9999393267,714442.9995835499,714512.0003900719,717251.9997449483,719171.0003764663,720152.9998286212,724804.9996065947,731726.0001867553,740415.9997488664,746553.9998664296,758046.0002980155
713945.9999393267,714442.9995835499,714512.0003900719,719171.0003764663,720152.9998286212,724804.9996065947,728935.9997600161,731726.0001867553,734869.9998513618,740415.9997488664,758046.0002980155
704002.9997641507,713945.9999393267,714442.9995835499,714512.0003900719,720152.9998286212,728935.9997600161,731726.0001867553,734869.9998513618,739973.0002189104,740415.9997488664,758046.0002980155
704002.9997641507,713945.9999393267,714442.9995835499,714512.0003900719,720152.9998286212,731726.0001867553,732441.9996811752,734869.9998513618,736909.9998277073,739973.0002189104,758046.0002980155
704002.9997641507,713945.9999393267,714442.9995835499,714512.0003900719,718169.9999318961,720152.9998286212,731726.0001867553,732441.9996811752,739973.0002189104,753609.999747173,758046.0002980155
704002.9997641507,713741.9998218835,713945.9999393267,714442.9995835499,718169.9999318961,720923.0003968095,731726.0001867553,732441.9996811752,739973.0002189104,753609.999747173,758046.0002980155
704002.9997641507,713741.9998218835,713945.9999393267,714244.999787304,718169.9999318961,720923.0003968095,731923.9999830013,732441.9996811752,739973.0002189104,753609.999747173,758046.0002980155
704002.9997641507,713741.9998218835,713945.9999393267,714775.00017342,718169.9999318961,720923.0003968095,731393.9995968853,732441.9996811752,739973.0002189104,753609.999747173,758046.0002980155
713741.9998218835,713945.9999393267,714775.00017342,716432.0000810564,718169.9999318961,720923.0003968095,727543.9999020047,731393.9995968853,732441.9996811752,753609.999747173,758046.0002980155
710595.9995755774,713741.9998218835,713945.9999393267,714775.00017342,716432.0000810564,720923.0003968095,727543.9999020047,731393.9995968853,740016.0000374939,753609.999747173,758046.0002980155
713657.9999941115,713741.9998218835,713945.9999393267,714775.00017342,716432.0000810564,717860.9999782755,727543.9999020047,731393.9995968853,740016.0000374939,753609.999747173,758046.0002980155
713657.9999941115,713741.9998218835,713945.9999393267,714775.00017342,715411.99998079,716432.0000810564,727543.9999020047,731393.9995968853,742465.0000349794,753609.999747173,758046.0002980155
713657.9999941115,713945.9999393267,714775.00017342,715411.99998079,716432.0000810564,723857.9997832191,727543.9999020047,731393.9995968853,742465.0000349794,747930.0003366801,753609.999747173
713945.9999393267,714775.00017342,715411.99998079,715835.0000679817,716432.0000810564,723857.9997832191,727543.9999020047,731393.9995968853,740287.9999611092,747930.0003366801,753609.999747173
705981.0000261327,713945.9999393267,715411.99998079,715835.0000679817,716432.0000810564,723857.9997832191,727543.9999020047,740187.9997441726,740287.9999611092,747930.0003366801,753609.999747173
705981.0000261327,713945.9999393267,715411.99998079,715835.0000679817,716432.0000810564,727543.9999020047,730670.0000029666,740187.9997441726,740287.9999611092,741118.0001169326,753609.999747173
705981.0000261327,710002.0003579713,713945.9999393267,715411.99998079,715835.0000679817,730670.0000029666,733973.9996250898,740187.9997441726,740287.9999611092,741118.0001169326,753609.999747173
705981.0000261327,710002.0003579713,715411.99998079,715835.0000679817,716101.000675369,730670.0000029666,733973.9996250898,738962.9993808902,740187.9997441726,740287.9999611092,753609.999747173
705981.0000261327,710002.0003579713,713188.9997230343,715835.0000679817,716101.000675369,730670.0000029666,736196.9998828454,738962.9993808902,740187.9997441726,740287.9999611092,753609.999747173
705981.0000261327,713188.9997230343,715108.9996394656,715835.0000679817,716101.000675369,730670.0000029666,731090.0006013511,738962.9993808902,740187.9997441726,740287.9999611092,753609.999747173
705981.0000261327,713188.9997230343,715108.9996394656,715835.0000679817,719409.0001202943,730670.0000029666,731090.0006013511,735654.999935965,740187.9997441726,740287.9999611092,753609.999747173
705981.0000261327,713188.9997230343,715108.9996394656,715835.0000679817,724322.0000586996,730670.0000029666,730741.9999975597,731090.0006013511,740187.9997441726,740287.9999611092,753609.999747173
705981.0000261327,713188.9997230343,715108.9996394656,715835.0000679817,721084.0000259217,724322.0000586996,731090.0006013511,740187.9997441726,740287.9999611092,740327.9999746047,753609.999747173
704418.0002907275,705981.0000261327,715108.9996394656,715835.0000679817,721084.0000259217,724322.0000586996,739861.000033658,740187.9997441726,740287.9999611092,740327.9999746047,753609.999747173
704418.0002907275,715108.9996394656,715835.0000679817,716234.999975664,721084.0000259217,724322.0000586996,730034.000011578,739861.000033658,740187.9997441726,740327.9999746047,753609.999747173
704418.0002907275,715321.9999486365,715835.0000679817,716021.999666493,721084.0000259217,724322.0000586996,730034.000011578,739861.000033658,740187.9997441726,740327.9999746047,753609.999747173
712397.0004151443,715321.9999486365,715835.0000679817,716021.999666493,721084.0000259217,724322.0000586996,730034.000011578,731881.9999092412,740187.9997441726,740327.9999746047,753609.999747173
710735.0003143303,712397.0004151443,715321.9999486365,715835.0000679817,716021.999666493,730034.000011578,731881.9999092412,734670.999770291,740187.9997441726,740327.9999746047,753609.999747173
710735.0003143303,712397.0004151443,713263.9999315023,715321.9999486365,715835.0000679817,716021.999666493,731881.9999092412,734670.999770291,740327.9999746047,753609.999747173,756957.9998242483
710735.0003143303,712397.0004151443,713263.9999315023,715321.9999486365,715835.0000679817,724905.9999899149,731443.9996511828,731881.9999092412,734670.999770291,753609.999747173,756957.9998242483
710735.0003143303,712397.0004151443,713263.9999315023,714818.9998193033,715835.0000679817,724905.9999899149,731443.9996511828,731881.9999092412,734670.999770291,753609.999747173,757460.9999535815
710735.0003143303,712397.0004151443,713263.9999315023,714818.9998193033,715835.0000679817,731010.9997368655,731443.9996511828,731881.9999092412,734670.999770291,747505.0000002225,757460.9999535815
710735.0003143303,712397.0004151443,713263.9999315023,715835.0000679817,731010.9997368655,731443.9996511828,731881.9999092412,733640.9999168834,734670.999770291,738638.9998560015,747505.0000002225
710735.0003143303,712397.0004151443,713263.9999315023,713790.99966376,731010.9997368655,731881.9999092412,733488.0000554045,733640.9999168834,734670.999770291,738638.9998560015,747505.0000002225
710735.0003143303,712397.0004151443,713205.9999996843,713263.9999315023,713790.99966376,731010.9997368655,731881.9999092412,733488.0000554045,734670.999770291,747505.0000002225,759073.9997732006
710735.0003143303,712694.0004007624,713205.9999996843,713263.9999315023,713790.99966376,731010.9997368655,731881.9999092412,733191.0000697863,734670.999770291,747505.0000002225,759073.9997732006
710735.0003143303,712694.0004007624,713205.9999996843,713263.9999315023,714842.0000175505,731010.9997368655,731881.9999092412,732139.9997159957,734670.999770291,747505.0000002225,759073.9997732006
710735.0003143303,712694.0004007624,713205.9999996843,713263.9999315023,714190.9996612986,731010.9997368655,731881.9999092412,732791.0000722477,734670.999770291,747505.0000002225,759073.9997732006
710735.0003143303,712694.0004007624,713205.9999996843,713263.9999315023,714190.9996612986,731010.9997368655,731881.9999092412,732791.0000722477,733717.9999184371,748457.9998520764,759073.9997732006
712694.0004007624,713205.9999996843,713263.9999315023,714190.9996612986,729037.9998038855,730155.0003625213,731010.9997368655,731881.9999092412,732791.0000722477,733717.9999184371,759073.9997732006
712694.0004007624,713205.9999996843,713263.9999315023,722306.9999001878,724674.9998333585,729037.9998038855,730155.0003625213,731010.9997368655,731881.9999092412,733717.9999184371,759073.9997732006
712694.0004007624,713263.9999315023,716980.9998747581,718532.000025114,724674.9998333585,729037.9998038855,730155.0003625213,731010.9997368655,731881.9999092412,733717.9999184371,759073.9997732006
712694.0004007624,713263.9999315023,716980.9998747581,718532.000025114,719160.0002493113,724674.9998333585,731010.9997368655,731881.9999092412,733717.9999184371,740032.9999170954,759073.9997732006
712694.0004007624,713263.9999315023,714056.0001917788,716980.9998747581,718532.000025114,724674.9998333585,731010.9997368655,731881.9999092412,733717.9999184371,745136.999974628,759073.9997732006
712694.0004007624,713263.9999315023,716980.9998747581,718532.000025114,719510.9999807755,724674.9998333585,731010.9997368655,731881.9999092412,733717.9999184371,739682.0001856312,759073.9997732006
712694.0004007624,713263.9999315023,716980.9998747581,719363.0000918196,719510.9999807755,723843.9997666529,731010.9997368655,731881.9999092412,733717.9999184371,739682.0001856312,759073.9997732006
712694.0004007624,713263.9999315023,716980.9998747581,719363.0000918196,719510.9999807755,721915.999727556,731010.9997368655,731881.9999092412,735645.999957534,739682.0001856312,759073.9997732006
707618.0005703557,713263.9999315023,716980.9998747581,719363.0000918196,719510.9999807755,721915.999727556,731010.9997368655,735645.999957534,736957.999739648,739682.0001856312,759073.9997732006
707618.0005703557,713263.9999315023,716980.9998747581,719363.0000918196,720705.0000493248,721915.999727556,731010.9997368655,735645.999957534,736957.999739648,738488.0001170819,759073.9997732006
707618.0005703557,712357.999763007,713263.9999315023,716980.9998747581,720705.0000493248,721915.999727556,735645.999957534,736957.999739648,738016.000065678,738488.0001170819,759073.9997732006
694011.9998133073,712357.999763007,713263.9999315023,716980.9998747581,720705.0000493248,735522.0004846044,735645.999957534,736957.999739648,738016.000065678,738488.0001170819,759073.9997732006
694011.9998133073,713263.9999315023,716185.0001904309,716980.9998747581,720705.0000493248,734660.9996896582,735522.0004846044,735645.999957534,736957.999739648,738016.000065678,759073.9997732006
694011.9998133073,713263.9999315023,716980.9998747581,718142.0001108765,720705.0000493248,733689.0000370884,734660.9996896582,735522.0004846044,736957.999739648,738016.000065678,759073.9997732006
699290.9999508362,713263.9999315023,716980.9998747581,718142.0001108765,720705.0000493248,731678.9996021191,733689.0000370884,734660.9996896582,735522.0004846044,738016.000065678,759073.9997732006
699290.9999508362,713263.9999315023,716980.9998747581,718142.0001108765,720705.0000493248,726553.0000994599,733689.0000370884,734660.9996896582,738016.000065678,740647.9999872636,759073.9997732006
712961.9999874207,713263.9999315023,716980.9998747581,718142.0001108765,720018.0000005038,720705.0000493248,726553.0000994599,734660.9996896582,738016.000065678,740647.9999872636,759073.9997732006
713263.9999315023,716980.9998747581,717603.0000258262,718142.0001108765,720018.0000005038,720705.0000493248,726553.0000994599,733375.0000272726,734660.9996896582,740647.9999872636,759073.9997732006
713263.9999315023,716980.9998747581,718142.0001108765,720018.0000005038,720705.0000493248,724210.0003319648,726553.0000994599,733375.0000272726,734040.9996811249,734660.9996896582,759073.9997732006
713263.9999315023,714430.0001145875,716980.9998747581,720018.0000005038,720705.0000493248,724210.0003319648,726553.0000994599,733375.0000272726,734040.9996811249,738372.9996859472,759073.9997732006
714147.9998516036,714430.0001145875,716980.9998747581,720018.0000005038,720705.0000493248,724210.0003319648,726553.0000994599,733375.0000272726,734040.9996811249,738372.9996859472,758189.9998530992
714147.9998516036,714430.0001145875,716980.9998747581,719026.0001026285,720018.0000005038,720705.0000493248,731737.0003287962,733375.0000272726,734040.9996811249,738372.9996859472,758189.9998530992
712838.9997447638,714430.0001145875,716980.9998747581,719026.0001026285,720018.0000005038,720705.0000493248,731737.0003287962,733375.0000272726,734040.9996811249,738372.9996859472,759498.999959939
712838.9997447638,713379.0008182754,714430.0001145875,716980.9998747581,720018.0000005038,720705.0000493248,733375.0000272726,734040.9996811249,737383.9996131493,738372.9996859472,759498.999959939
712838.9997447638,713379.0008182754,716980.9998747581,720018.0000005038,720705.0000493248,723439.9998489989,729362.9999515358,733375.0000272726,734040.9996811249,737383.9996131493,759498.999959939
712838.9997447638,713379.0008182754,716078.999824696,716980.9998747581,720705.0000493248,727379.0000248067,729362.9999515358,733375.0000272726,734040.9996811249,737383.9996131493,759498.999959939
712838.9997447638,713379.0008182754,716078.999824696,716980.9998747581,720705.0000493248,727379.0000248067,729362.9999515358,734040.9996811249,737383.9996131493,739237.9997585579,753636.0002286538
712838.9997447638,713131.0006040968,716078.999824696,716980.9998747581,720705.0000493248,727379.0000248067,729362.9999515358,734040.9996811249,737631.9998273279,739237.9997585579,753636.0002286538
712838.9997447638,713444.00002205,716078.999824696,716980.9998747581,720705.0000493248,727379.0000248067,729362.9999515358,733728.0002631717,737631.9998273279,739237.9997585579,753636.0002286538
713444.00002205,715897.9999136006,716078.999824696,716980.9998747581,720705.0000493248,727379.0000248067,729362.9999515358,733728.0002631717,737631.9998273279,739237.9997585579,750577.000059817
703586.0002108194,715897.9999136006,716078.999824696,720705.0000493248,726838.9996859886,727379.0000248067,729362.9999515358,733728.0002631717,737631.9998273279,739237.9997585579,750577.000059817
703586.0002108194,712065.9999823391,715897.9999136006,720705.0000493248,726838.9996859886,729362.9999515358,731391.9998671636,733728.0002631717,737631.9998273279,739237.9997585579,750577.000059817
712065.9999823391,714213.99984427,715897.9999136006,716211.0000525381,720705.0000493248,729362.9999515358,731391.9998671636,733728.0002631717,737631.9998273279,739237.9997585579,750577.000059817
692387.0001749895,712065.9999823391,715897.9999136006,720705.0000493248,729362.9999515358,731391.9998671636,733728.0002631717,737631.9998273279,738037.9997218186,739237.9997585579,750577.000059817
692387.0001749895,712065.9999823391,718953.9997676017,720705.0000493248,729362.9999515358,731391.9998671636,733728.0002631717,736181.9999045568,737631.9998273279,738037.9997218186,750577.000059817
712065.9999823391,713107.0001501769,715461.9999293693,718953.9997676017,720705.0000493248,729362.9999515358,731391.9998671636,733728.0002631717,737631.9998273279,738037.9997218186,750577.000059817
712065.9999823391,713107.0001501769,714389.0000755675,715461.9999293693,718953.9997676017,720705.0000493248,729362.9999515358,731391.9998671636,737631.9998273279,750577.000059817,757376.9999094228
712065.9999823391,713107.0001501769,714389.0000755675,714564.999965284,718953.9997676017,720705.0000493248,729362.9999515358,731391.9998671636,737631.9998273279,751474.0000239023,757376.9999094228
712065.9999823391,713107.0001501769,714389.0000755675,714564.999965284,717896.0002934533,718953.9997676017,731391.9998671636,732171.9997074073,737631.9998273279,751474.0000239023,757376.9999094228
712065.9999823391,713107.0001501769,714564.999965284,717896.0002934533,718953.9997676017,722866.0000806412,729154.9998222542,731391.9998671636,732171.9997074073,751474.0000239023,757376.9999094228
712065.9999823391,713107.0001501769,714564.999965284,717896.0002934533,718953.9997676017,729154.9998222542,731105.9999589486,731391.9998671636,732171.9997074073,749137.0000311155,751474.0000239023
712065.9999823391,713107.0001501769,714564.999965284,717896.0002934533,729154.9998222542,731105.9999589486,731391.9998671636,731708.9996569025,732171.9997074073,738719.0001346015,749137.0000311155
712065.9999823391,713107.0001501769,714564.999965284,717896.0002934533,722733.9997706692,729154.9998222542,731391.9998671636,731708.9996569025,732171.9997074073,738719.0001346015,757509.0002193949
712065.9999823391,713107.0001501769,714564.999965284,717896.0002934533,726269.9999490542,729154.9998222542,731391.9998671636,731708.9996569025,732171.9997074073,738719.0001346015,753973.0000410099
712065.9999823391,714564.999965284,717316.0000694562,717896.0002934533,722061.000029775,729154.9998222542,731391.9998671636,731708.9996569025,732171.9997074073,738719.0001346015,753973.0000410099
712065.9999823391,714564.999965284,717316.0000694562,717896.0002934533,719670.9999307909,722061.000029775,731391.9998671636,731708.9996569025,732171.9997074073,738719.0001346015,763456.9999324732
712065.9999823391,714564.999965284,715401.000036925,717316.0000694562,717896.0002934533,719670.9999307909,722061.000029775,731391.9998671636,732171.9997074073,755026.999754579,763456.9999324732
714564.999965284,715401.000036925,717316.0000694562,717896.0002934533,719670.9999307909,721558.9999321351,721898.9999173676,722061.000029775,732171.9997074073,755026.999754579,763456.9999324732
709144.9999019093,715401.000036925,717316.0000694562,717896.0002934533,719670.9999307909,721558.9999321351,722061.000029775,727318.9999807423,732171.9997074073,755026.999754579,763456.9999324732
709144.9999019093,713003.99997734,717316.0000694562,717896.0002934533,719670.9999307909,721558.9999321351,722061.000029775,729716.0000403273,732171.9997074073,755026.999754579,763456.9999324732
709144.9999019093,713003.99997734,716740.0000284197,717896.0002934533,719670.9999307909,721558.9999321351,722637.0000708115,729716.0000403273,732171.9997074073,755026.999754579,763456.9999324732
709144.9999019093,713003.99997734,716740.0000284197,717896.0002934533,719670.9999307909,721558.9999321351,722637.0000708115,727683.9997762572,732171.9997074073,757059.0000186493,763456.9999324732
703798.9999328748,716740.0000284197,717896.0002934533,718349.9999463744,719670.9999307909,721558.9999321351,722637.0000708115,727683.9997762572,732171.9997074073,757059.0000186493,763456.9999324732
703798.9999328748,716740.0000284197,717896.0002934533,719670.9999307909,721558.9999321351,722637.0000708115,727683.9997762572,728698.9998594264,732171.9997074073,746710.0001055973,763456.9999324732
703798.9999328748,717896.0002934533,718393.9999960966,719670.9999307909,719904.9999644582,722637.0000708115,727683.9997762572,728698.9998594264,732171.9997074073,746710.0001055973,763456.9999324732
703798.9999328748,715232.0000524452,717896.0002934533,718393.9999960966,719670.9999307909,727309.9999828244,727683.9997762572,728698.9998594264,732171.9997074073,746710.0001055973,763456.9999324732
703798.9999328748,715232.0000524452,717896.0002934533,718393.9999960966,722041.9999644887,727309.9999828244,727683.9997762572,728698.9998594264,732171.9997074073,746710.0001055973,761085.9998987754
693076.0000021101,715232.0000524452,717896.0002934533,722041.9999644887,727309.9999828244,727683.9997762572,728698.9998594264,729116.9999268613,732171.9997074073,746710.0001055973,761085.9998987754
704813.9999024996,715232.0000524452,715572.000082435,717896.0002934533,722041.9999644887,727683.9997762572,728698.9998594264,729116.9999268613,732171.9997074073,746710.0001055973,761085.9998987754
704813.9999024996,715232.0000524452,715572.000082435,717896.0002934533,721948.0000053005,727683.9997762572,728698.9998594264,729116.9999268613,732171.9997074073,746710.0001055973,761179.9998579635
704813.9999024996,715232.0000524452,715572.000082435,716880.999876239,721948.0000053005,727683.9997762572,728698.9998594264,729116.9999268613,733187.0001246217,746710.0001055973,761179.9998579635
706134.0000548068,714251.9999301278,715232.0000524452,716880.999876239,721948.0000053005,727683.9997762572,728698.9998594264,729116.9999268613,733187.0001246217,746710.0001055973,761179.9998579635
706134.0000548068,714251.9999301278,715232.0000524452,716880.999876239,721948.0000053005,723410.9997843421,729116.9999268613,732971.9998513415,733187.0001246217,746710.0001055973,761179.9998579635
705828.0000038465,714557.9999810881,715232.0000524452,716880.999876239,721948.0000053005,723410.9997843421,729116.9999268613,732971.9998513415,733187.0001246217,746710.0001055973,761179.9998579635
707439.0000119989,714557.9999810881,715232.0000524452,715269.9998680865,721948.0000053005,723410.9997843421,729116.9999268613,732971.9998513415,733187.0001246217,746710.0001055973,761179.9998579635
707439.0000119989,714557.9999810881,715232.0000524452,715269.9998680865,721948.0000053005,723231.999746193,729116.9999268613,732971.9998513415,733187.0001246217,746889.0001437465,761179.9998579635
693648.99991049,707439.0000119989,715269.9998680865,721948.0000053005,723231.999746193,729116.9999268613,732971.9998513415,733187.0001246217,736141.0001230433,746889.0001437465,761179.9998579635
693648.99991049,714941.9998477781,715269.9998680865,721614.000091082,721948.0000053005,723231.999746193,732971.9998513415,733187.0001246217,736141.0001230433,746889.0001437465,761179.9998579635
693648.99991049,713781.9998735823,715269.9998680865,721948.0000053005,722774.0000652778,723231.999746193,732971.9998513415,733187.0001246217,736141.0001230433,746889.0001437465,761179.9998579635
693648.99991049,713781.9998735823,715269.9998680865,722774.0000652778,723231.999746193,732771.0001559177,732971.9998513415,733187.0001246217,736141.0001230433,746889.0001437465,750356.9997073463
703048.9999987812,713373.9999769866,713781.9998735823,715269.9998680865,723231.999746193,732771.0001559177,732971.9998513415,733187.0001246217,736141.0001230433,746889.0001437465,750356.9997073463
703048.9999987812,713373.9999769866,713781.9998735823,715269.9998680865,723231.999746193,731975.9998926865,732771.0001559177,733187.0001246217,736141.0001230433,747885.0001024015,750356.9997073463
703048.9999987812,713781.9998735823,715216.0001009172,715269.9998680865,723231.999746193,731975.9998926865,732771.0001559177,733187.0001246217,734298.9999991127,747885.0001024015,750356.9997073463
703048.9999987812,713781.9998735823,715216.0001009172,715269.9998680865,723231.999746193,727297.0000176671,732771.0001559177,733187.0001246217,734298.9999991127,750356.9997073463,752563.9999774209
700629.000152218,715216.0001009172,715269.9998680865,716201.9997201455,723231.999746193,727297.0000176671,732771.0001559177,733187.0001246217,734298.9999991127,750356.9997073463,752563.9999774209
700629.000152218,715216.0001009172,715269.9998680865,716201.9997201455,723231.999746193,727297.0000176671,727442.9997024594,732771.0001559177,733187.0001246217,752563.9999774209,757213.0000039996
697017.9996582842,715216.0001009172,715269.9998680865,716201.9997201455,723231.999746193,727297.0000176671,731054.0001963932,732771.0001559177,733187.0001246217,752563.9999774209,757213.0000039996
697017.9996582842,715216.0001009172,715269.9998680865,716201.9997201455,723231.999746193,727297.0000176671,731054.0001963932,733055.0005572524,733187.0001246217,752563.9999774209,756928.9996026647
697017.9996582842,715216.0001009172,715269.9998680865,716112.9999380661,723231.999746193,727297.0000176671,731142.9999784725,733055.0005572524,733187.0001246217,752563.9999774209,756928.9996026647
697681.9999097156,714551.9998494858,715269.9998680865,716112.9999380661,723231.999746193,727297.0000176671,731142.9999784725,733055.0005572524,733187.0001246217,752563.9999774209,756928.9996026647
697681.9999097156,714551.9998494858,716112.9999380661,723225.000138173,723231.999746193,725231.9998545352,727297.0000176671,731142.9999784725,733055.0005572524,752563.9999774209,756928.9996026647
697681.9999097156,714551.9998494858,716112.9999380661,723225.000138173,723231.999746193,725231.9998545352,727297.0000176671,728207.999471445,731142.9999784725,752563.9999774209,761776.0006884722
714551.9998494858,715943.0005303795,716112.9999380661,723225.000138173,723231.999746193,725231.9998545352,727297.0000176671,728207.999471445,731142.9999784725,743515.0000678084,752563.9999774209
714551.9998494858,715943.0005303795,716112.9999380661,720830.0000375557,723225.000138173,723231.999746193,725231.9998545352,728207.999471445,731142.9999784725,749982.0000479198,752563.9999774209
714356.9998797516,714551.9998494858,715943.0005303795,720830.0000375557,723225.000138173,723231.999746193,726987.9999128497,728207.999471445,731142.9999784725,749982.0000479198,752563.9999774209
714356.9998797516,714551.9998494858,715943.0005303795,719913.9996277229,720830.0000375557,723231.999746193,728207.999471445,730299.0004232998,731142.9999784725,749982.0000479198,752563.9999774209
713043.9996395854,714356.9998797516,715943.0005303795,719913.9996277229,720830.0000375557,723231.999746193,728207.999471445,730299.0004232998,731142.9999784725,751490.0002578202,752563.9999774209
713043.9996395854,714356.9998797516,719913.9996277229,720830.0000375557,721536.9999416142,722614.0000602102,723231.999746193,730299.0004232998,731142.9999784725,751490.0002578202,752563.9999774209
713043.9996395854,714356.9998797516,719913.9996277229,720754.0003024022,720830.0000375557,723231.999746193,723396.9996994223,730299.0004232998,731142.9999784725,751490.0002578202,752563.9999774209
712605.0002650626,713043.9996395854,714356.9998797516,720754.0003024022,720830.0000375557,723231.999746193,723396.9996994223,730299.0004232998,738451.9993411328,751490.0002578202,752563.9999774209
712605.0002650626,713043.9996395854,714356.9998797516,720688.9999683495,720754.0003024022,720830.0000375557,723231.999746193,723396.9996994223,748061.9997960832,751490.0002578202,752563.9999774209
712605.0002650626,713043.9996395854,714356.9998797516,715631.9994778252,720754.0003024022,720830.0000375557,723231.999746193,723396.9996994223,751490.0002578202,752563.9999774209,753119.0002866074
712605.0002650626,713043.9996395854,713602.9993951718,716385.9999624051,720754.0003024022,720830.0000375557,723231.999746193,723396.9996994223,751490.0002578202,752563.9999774209,753119.0002866074
712605.0002650626,713043.9996395854,713602.9993951718,715896.9997382634,716385.9999624051,720754.0003024022,720830.0000375557,723396.9996994223,751490.0002578202,753119.0002866074,759898.9999853503
692993.0001238391,713043.9996395854,713602.9993951718,715896.9997382634,720754.0003024022,720830.0000375557,723396.9996994223,735998.0001036285,751490.0002578202,753119.0002866074,759898.9999853503
692993.0001238391,713043.9996395854,713602.9993951718,715896.9997382634,720754.0003024022,720830.0000375557,723396.9996994223,729010.0003005083,751490.0002578202,759898.9999853503,760107.0000897276
692993.0001238391,713043.9996395854,713602.9993951718,720754.0003024022,720830.0000375557,720952.9999672736,723396.9996994223,729010.0003005083,751490.0002578202,754842.9997563402,760107.0000897276
708418.0003846152,713043.9996395854,713585.0000397323,713602.9993951718,720754.0003024022,720830.0000375557,720952.9999672736,723396.9996994223,751490.0002578202,754842.9997563402,760107.0000897276
708418.0003846152,713043.9996395854,713585.0000397323,720754.0003024022,720830.0000375557,720952.9999672736,723396.9996994223,734761.9996913684,738947.9997935309,751490.0002578202,754842.9997563402
708418.0003846152,713585.0000397323,719624.9999083008,720754.0003024022,720830.0000375557,720952.9999672736,723396.9996994223,734761.9996913684,738947.9997935309,744908.9999891048,754842.9997563402
708418.0003846152,713133.9998411819,713585.0000397323,720754.0003024022,720952.9999672736,723396.9996994223,727321.0001046746,734761.9996913684,738947.9997935309,744908.9999891048,754842.9997563402
700373.9999823021,713133.9998411819,720754.0003024022,720952.9999672736,721629.0004420454,723396.9996994223,727321.0001046746,734761.9996913684,738947.9997935309,744908.9999891048,754842.9997563402
707802.999987896,713133.9998411819,720754.0003024022,720952.9999672736,721629.0004420454,723396.9996994223,727321.0001046746,734761.9996913684,737479.9999835109,738947.9997935309,754842.9997563402
707802.999987896,713133.9998411819,720754.0003024022,721629.0004420454,723219.9999956905,723396.9996994223,727321.0001046746,734761.9996913684,735212.999955094,738947.9997935309,754842.9997563402
707802.999987896,713133.9998411819,720754.0003024022,721629.0004420454,723396.9996994223,727321.0001046746,727501.9998958178,734761.9996913684,735212.999955094,738947.9997935309,750560.9998562129
713133.9998411819,720754.0003024022,721629.0004420454,723396.9996994223,727321.0001046746,727501.9998958178,729138.9998248497,729225.0000192592,734761.9996913684,735212.999955094,738947.9997935309
713110.9999809703,720754.0003024022,721629.0004420454,723396.9996994223,727343.9999648862,727501.9998958178,729138.9998248497,729225.0000192592,734761.9996913684,735212.999955094,738947.9997935309
713110.9999809703,718340.0000376729,720754.0003024022,721629.0004420454,723396.9996994223,727343.9999648862,729138.9998248497,729225.0000192592,734761.9996913684,738947.9997935309,744374.9998132389
713110.9999809703,714456.9998231848,718340.0000376729,720754.0003024022,721629.0004420454,723396.9996994223,727343.9999648862,729225.0000192592,734761.9996913684,738947.9997935309,759056.9998149037
714456.9998231848,718315.999928843,718340.0000376729,720754.0003024022,721629.0004420454,723396.9996994223,727343.9999648862,729225.0000192592,734761.9996913684,738947.9997935309,753851.999867031
713943.9999468306,714456.9998231848,718315.999928843,720754.0003024022,721629.0004420454,723396.9996994223,727343.9999648862,733621.0001101015,734761.9996913684,738947.9997935309,753851.999867031
713943.9999468306,714456.9998231848,716258.9996960066,718315.999928843,720754.0003024022,723396.9996994223,727343.9999648862,733621.0001101015,734761.9996913684,744318.0005395696,753851.999867031
713943.9999468306,714456.9998231848,716258.9996960066,718315.999928843,719498.9998479723,723396.9996994223,728599.0004193161,733621.0001101015,734761.9996913684,744318.0005395696,753851.999867031
713943.9999468306,714456.9998231848,716258.9996960066,717602.9998628688,718315.999928843,719498.9998479723,723396.9996994223,728599.0004193161,733621.0001101015,753851.999867031,761477.0003680693
713943.9999468306,714456.9998231848,717602.9998628688,718315.999928843,719498.9998479723,720203.0000780864,723396.9996994223,728599.0004193161,733621.0001101015,753851.999867031,757532.9999859895
713943.9999468306,714456.9998231848,714986.0000071089,717602.9998628688,718315.999928843,719498.9998479723,720203.0000780864,733621.0001101015,737010.0001116295,753851.999867031,757532.9999859895
713943.9999468306,714456.9998231848,714986.0000071089,717602.9998628688,719498.9998479723,720203.0000780864,733621.0001101015,734738.9998709093,737010.0001116295,737428.9999249647,757532.9999859895
713943.9999468306,714456.9998231848,714986.0000071089,715294.9997963465,717602.9998628688,719498.9998479723,720203.0000780864,737010.0001116295,737428.9999249647,753065.0001846643,757532.9999859895
708507.9998676057,713943.9999468306,714456.9998231848,715294.9997963465,717602.9998628688,720203.0000780864,725976.9999874755,737010.0001116295,737428.9999249647,753065.0001846643,757532.9999859895
708507.9998676057,713943.9999468306,714456.9998231848,715294.9997963465,720203.0000780864,723201.0005986805,725976.9999874755,737010.0001116295,737428.9999249647,751934.9992501779,753065.0001846643
707069.0007391535,708507.9998676057,713943.9999468306,714456.9998231848,715294.9997963465,725976.9999874755,736334.9999376134,737010.0001116295,737428.9999249647,751934.9992501779,753065.0001846643
707069.0007391535,708507.9998676057,713351.0000954013,713943.9999468306,714456.9998231848,715294.9997963465,736334.9999376134,737010.0001116295,750054.9998170389,751934.9992501779,753065.0001846643
707069.0007391535,712597.9996051464,713351.0000954013,713943.9999468306,714456.9998231848,715294.9997963465,732920.0003740889,736334.9999376134,750054.9998170389,751934.9992501779,753065.0001846643
707069.0007391535,712597.9996051464,713351.0000954013,713943.9999468306,714456.9998231848,728621.9998742237,732920.0003740889,736334.9999376134,739738.0001067871,750054.9998170389,751934.9992501779
707069.0007391535,712597.9996051464,713943.9999468306,714456.9998231848,728621.9998742237,729565.0001207533,732920.0003740889,733840.9997916869,736334.9999376134,739738.0001067871,751934.9992501779
707069.0007391535,712597.9996051464,713943.9999468306,714456.9998231848,728621.9998742237,729818.0001276688,732920.0003740889,733840.9997916869,736334.9999376134,739485.0000998715,751934.9992501779
707069.0007391535,712597.9996051464,713943.9999468306,714456.9998231848,716251.000181339,728621.9998742237,732920.0003740889,736334.9999376134,739485.0000998715,747407.9997380166,751934.9992501779
707069.0007391535,712597.9996051464,713943.9999468306,714456.9998231848,716251.000181339,725639.0000456078,728621.9998742237,732920.0003740889,736334.9999376134,751934.9992501779,761253.9997922804
707069.0007391535,712597.9996051464,713943.9999468306,714456.9998231848,714805.0000539077,727085.000173039,728621.9998742237,732920.0003740889,736334.9999376134,751934.9992501779,761253.9997922804
712597.9996051464,713943.9999468306,714456.9998231848,714805.0000539077,724798.0005425632,727085.000173039,728621.9998742237,732920.0003740889,734205.9994467682,736334.9999376134,761253.9997922804
712597.9996051464,712900.9998085607,713943.9999468306,714805.0000539077,724798.0005425632,727085.000173039,728621.9998742237,732920.0003740889,734205.9994467682,736334.9999376134,762809.9998069045
712597.9996051464,712900.9998085607,714805.0000539077,715131.9997441412,724798.0005425632,727085.000173039,728621.9998742237,732920.0003740889,734205.9994467682,736334.9999376134,761622.0000095938
712597.9996051464,712900.9998085607,714805.0000539077,715131.9997441412,715528.9997515511,727085.000173039,732920.0003740889,734205.9994467682,736334.9999376134,737891.0006652358,761622.0000095938
712597.9996051464,714805.0000539077,715131.9997441412,715528.9997515511,716565.000391758,727085.000173039,729255.9997908915,734205.9994467682,736334.9999376134,737891.0006652358,761622.0000095938
712597.9996051464,714805.0000539077,715131.9997441412,715528.9997515511,716565.000391758,723053.9996727158,727085.000173039,729255.9997908915,737891.0006652358,747486.9997116658,761622.0000095938
712597.9996051464,714805.0000539077,715131.9997441412,716565.000391758,723053.9996727158,723157.0002841237,727085.000173039,729255.9997908915,730263.0001326632,747486.9997116658,761622.0000095938
712597.9996051464,714805.0000539077,715131.9997441412,716565.000391758,722253.0001683861,723053.9996727158,723157.0002841237,729255.9997908915,735095.0001373161,747486.9997116658,761622.0000095938
712597.9996051464,715131.9997441412,716565.000391758,718369.0000778033,718689.0001444906,723053.9996727158,723157.0002841237,729255.9997908915,735095.0001373161,747486.9997116658,761622.0000095938
712597.9996051464,713400.9999686137,715131.9997441412,716565.000391758,718369.0000778033,723053.9996727158,723157.0002841237,734543.9999667684,735095.0001373161,747486.9997116658,761622.0000095938
712597.9996051464,712958.9999456492,715131.9997441412,716565.000391758,718369.0000778033,723053.9996727158,723157.0002841237,734985.999989733,735095.0001373161,747486.9997116658,761622.0000095938
712597.9996051464,712958.9999456492,715131.9997441412,716565.000391758,718369.0000778033,723157.0002841237,734679.9994091537,734985.999989733,735095.0001373161,735860.9999752279,761622.0000095938
703773.99998301,712597.9996051464,715131.9997441412,716565.000391758,723157.0002841237,727554.0000404424,734679.9994091537,734985.999989733,735095.0001373161,735860.9999752279,761622.0000095938
703773.99998301,712597.9996051464,715131.9997441412,716565.000391758,718540.9998468709,727554.0000404424,734985.999989733,735095.0001373161,735860.9999752279,739295.9998464065,761622.0000095938
703773.99998301,712597.9996051464,716565.000391758,718540.9998468709,727554.0000404424,729548.9999304332,734985.999989733,735095.0001373161,735860.9999752279,739295.9998464065,747204.9998233018
703773.99998301,712597.9996051464,716565.000391758,716883.999964927,718540.9998468709,727554.0000404424,734985.999989733,735095.0001373161,735860.9999752279,739295.9998464065,759869.999788808
712597.9996051464,716395.0001321756,716565.000391758,716883.999964927,718540.9998468709,722473.9999881504,727554.0000404424,734985.999989733,735860.9999752279,739295.9998464065,759869.999788808
712597.9996051464,715838.9996701963,716395.0001321756,716565.000391758,716883.999964927,722473.9999881504,727554.0000404424,734985.999989733,738563.0001519024,739295.9998464065,759869.999788808
712597.9996051464,713076.0001167936,715838.9996701963,716395.0001321756,716565.000391758,716883.999964927,727554.0000404424,738563.0001519024,739295.9998464065,744383.9998610899,759869.999788808
712597.9996051464,713076.0001167936,713926.9998278881,715838.9996701963,716395.0001321756,716883.999964927,727554.0000404424,738563.0001519024,739295.9998464065,747022.0004249599,759869.999788808
712597.9996051464,713076.0001167936,715838.9996701963,716364.9998799557,716395.0001321756,716883.999964927,727554.0000404424,738563.0001519024,739295.9998464065,744584.0003728924,759869.999788808
712597.9996051464,713076.0001167936,716364.9998799557,716395.0001321756,716883.999964927,717758.000091382,727554.0000404424,736643.9997307168,739295.9998464065,744584.0003728924,759869.999788808
704166.9999497306,712597.9996051464,713076.0001167936,716364.9998799557,717758.000091382,727554.0000404424,729112.000147372,736643.9997307168,739295.9998464065,744584.0003728924,759869.999788808
712597.9996051464,713076.0001167936,714156.9996783783,716364.9998799557,717758.000091382,727554.0000404424,729112.000147372,736643.9997307168,739295.9998464065,744584.0003728924,749880.0000601603
712597.9996051464,713076.0001167936,714156.9996783783,717758.000091382,719391.0004497479,727554.0000404424,729112.000147372,736643.9997307168,739295.9998464065,741557.9998031001,749880.0000601603
712597.9996051464,713076.0001167936,714156.9996783783,717758.000091382,719391.0004497479,726580.999794951,727554.0000404424,739175.0000831378,739295.9998464065,741557.9998031001,749880.0000601603
712576.0000542465,712597.9996051464,714156.9996783783,717758.000091382,719391.0004497479,726580.999794951,727554.0000404424,739295.9998464065,739675.0001456848,741557.9998031001,749880.0000601603
693098.0000420833,712576.0000542465,714156.9996783783,717758.000091382,726580.999794951,727554.0000404424,738891.0000128109,739295.9998464065,739675.0001456848,741557.9998031001,749880.0000601603
693098.0000420833,704737.9998320288,714156.9996783783,717758.000091382,727554.0000404424,734419.0000171688,738891.0000128109,739295.9998464065,739675.0001456848,741557.9998031001,749880.0000601603
693098.0000420833,704737.9998320288,714036.000124243,714156.9996783783,717758.000091382,727554.0000404424,738891.0000128109,739295.9998464065,741557.9998031001,749880.0000601603,760058.0000386107
693098.0000420833,704737.9998320288,712927.9998210262,714036.000124243,717758.000091382,727554.0000404424,738891.0000128109,739295.9998464065,741557.9998031001,751108.9999175124,760058.0000386107
693098.0000420833,705604.9999867585,712927.9998210262,714036.000124243,716890.9999366523,727554.0000404424,738891.0000128109,739295.9998464065,741557.9998031001,751108.9999175124,760058.0000386107
693098.0000420833,705604.9999867585,712927.9998210262,714036.000124243,716890.9999366523,721095.9998172122,738891.0000128109,739295.9998464065,748016.0000263304,751108.9999175124,760058.0000386107
693098.0000420833,705604.9999867585,714036.000124243,715067.999868718,716890.9999366523,721095.9998172122,738891.0000128109,739295.9998464065,748016.0000263304,748968.9998698205,760058.0000386107
693098.0000420833,705604.9999867585,714036.000124243,715067.999868718,716890.9999366523,717680.9999056939,738891.0000128109,739295.9998464065,748968.9998698205,751430.9999378487,760058.0000386107
693098.0000420833,714036.000124243,715067.999868718,716890.9999366523,717680.9999056939,725518.0001517256,738891.0000128109,739295.9998464065,740144.9998736435,748968.9998698205,751430.9999378487
693098.0000420833,715067.999868718,716890.9999366523,717680.9999056939,720292.9999622497,725518.0001517256,738891.0000128109,739295.9998464065,740144.9998736435,745174.000099842,748968.9998698205
693098.0000420833,714133.0000082717,716890.9999366523,717680.9999056939,720292.9999622497,725518.0001517256,738891.0000128109,739295.9998464065,740144.9998736435,745174.000099842,749903.9997302669
693098.0000420833,714133.0000082717,716890.9999366523,717680.9999056939,720292.9999622497,732100.9999263058,733562.0000990633,738891.0000128109,739295.9998464065,745174.000099842,749903.9997302669
693098.0000420833,700559.9999048929,714133.0000082717,716890.9999366523,732100.9999263058,733562.0000990633,737413.9999630507,738891.0000128109,739295.9998464065,745174.000099842,749903.9997302669
693098.0000420833,700559.9999048929,714133.0000082717,716890.9999366523,719903.9997501946,732100.9999263058,733562.0000990633,739295.9998464065,745174.000099842,749903.9997302669,756401.000225667
693098.0000420833,700559.9999048929,716890.9999366523,719903.9997501946,723236.999868728,732100.9999263058,733562.0000990633,739295.9998464065,740799.9998698105,745174.000099842,756401.000225667
693098.0000420833,715477.9998839298,716890.9999366523,719903.9997501946,723236.999868728,732100.9999263058,733562.0000990633,739295.9998464065,740799.9998698105,741483.00024663,745174.000099842
693098.0000420833,716890.9999366523,719903.9997501946,723236.999868728,724976.9998897611,731984.0002407988,732100.9999263058,733562.0000990633,739295.9998464065,740799.9998698105,745174.000099842
693098.0000420833,716890.9999366523,719903.9997501946,724976.9998897611,728570.9999298753,731984.0002407988,732100.9999263058,733562.0000990633,735465.9998086633,739295.9998464065,745174.000099842
693098.0000420833,714294.0000878433,716890.9999366523,719903.9997501946,728570.9999298753,732100.9999263058,733562.0000990633,735465.9998086633,739295.9998464065,742667.0000427166,745174.000099842
693098.0000420833,714294.0000878433,716890.9999366523,719903.9997501946,724953.9998906378,732100.9999263058,733562.0000990633,739082.9998479008,739295.9998464065,742667.0000427166,745174.000099842
693098.0000420833,714294.0000878433,716890.9999366523,718711.0001170643,719903.9997501946,724953.9998906378,732100.9999263058,739082.9998479008,739295.9998464065,742667.0000427166,760025.0000818409
693098.0000420833,716890.9999366523,718711.0001170643,719903.9997501946,724953.9998906378,732100.9999263058,736365.0000300378,737954.0001396463,739082.9998479008,739295.9998464065,742667.0000427166
693098.0000420833,716890.9999366523,718711.0001170643,719903.9997501946,724953.9998906378,733481.9995741283,736365.0000300378,737915.000198584,737954.0001396463,739082.9998479008,742667.0000427166
693098.0000420833,718711.0001170643,719903.9997501946,724953.9998906378,725129.9996481797,725242.9998626008,736365.0000300378,737915.000198584,737954.0001396463,739082.9998479008,742667.0000427166
691499.9999376833,718711.0001170643,721501.9998545946,724953.9998906378,725129.9996481797,725242.9998626008,736365.0000300378,737915.000198584,737954.0001396463,739082.9998479008,742667.0000427166
691499.9999376833,718711.0001170643,721501.9998545946,724953.9998906378,725242.9998626008,727410.0000903931,735634.9997563707,736365.0000300378,737954.0001396463,739082.9998479008,742667.0000427166
691499.9999376833,717285.9997052328,718711.0001170643,721501.9998545946,724953.9998906378,727410.0000903931,736365.0000300378,737954.0001396463,739082.9998479008,742667.0000427166,743591.9999137387
691499.9999376833,717285.9997052328,718711.0001170643,721501.9998545946,724953.9998906378,727410.0000903931,728405.0000670069,737954.0001396463,742667.0000427166,743591.9999137387,747042.9998109317
691499.9999376833,717285.9997052328,718711.0001170643,720546.0001488922,721501.9998545946,724953.9998906378,727410.0000903931,728405.0000670069,743591.9999137387,747042.9998109317,760075.0000334708
691499.9999376833,717285.9997052328,718711.0001170643,720546.0001488922,721501.9998545946,727410.0000903931,728405.0000670069,733318.9997884649,738677.9999131047,743591.9999137387,760075.0000334708
691499.9999376833,717285.9997052328,718711.0001170643,721501.9998545946,722061.0001030164,727410.0000903931,728405.0000670069,733318.9997884649,738677.9999131047,743591.9999137387,758560.0000793466
691499.9999376833,717285.9997052328,718711.0001170643,721501.9998545946,722061.0001030164,728405.0000670069,733318.9997884649,734186.9995764575,736815.0004276743,738677.9999131047,758560.0000793466
691499.9999376833,717285.9997052328,718711.0001170643,721501.9998545946,722061.0001030164,728405.0000670069,730712.999483058,733318.9997884649,738677.9999131047,740289.0005210738,758560.0000793466
691499.9999376833,717285.9997052328,718711.0001170643,721501.9998545946,723248.0000554225,727218.0001146008,730712.999483058,733318.9997884649,738677.9999131047,740289.0005210738,758560.0000793466
691499.9999376833,713895.0000990238,717285.9997052328,721501.9998545946,727218.0001146008,728064.0000734631,730712.999483058,733318.9997884649,738677.9999131047,740289.0005210738,758560.0000793466
691499.9999376833,713895.0000990238,715421.9996660796,721501.9998545946,727218.0001146008,728064.0000734631,732576.9995222111,733318.9997884649,738677.9999131047,740289.0005210738,758560.0000793466
691499.9999376833,708852.9994865576,713895.0000990238,721501.9998545946,727218.0001146008,728064.0000734631,733318.9997884649,738677.9999131047,739145.9997017332,740289.0005210738,758560.0000793466
691499.9999376833,713839.9996168225,713895.0000990238,721501.9998545946,727218.0001146008,728064.0000734631,733318.9997884649,734158.9995714682,738677.9999131047,740289.0005210738,758560.0000793466
691499.9999376833,713839.9996168225,713895.0000990238,719266.9997943233,721501.9998545946,727218.0001146008,728064.0000734631,734158.9995714682,740289.0005210738,752729.9999072462,758560.0000793466
691499.9999376833,713895.0000990238,716926.9996312229,719266.9997943233,721501.9998545946,727218.0001146008,728064.0000734631,731071.9995570678,740289.0005210738,752729.9999072462,758560.0000793466
691499.9999376833,713895.0000990238,716926.9996312229,719266.9997943233,721501.9998545946,726442.9999348845,728064.0000734631,731071.9995570678,740289.0005210738,753505.0000869625,758560.0000793466
698139.0000174193,713895.0000990238,714862.9997748586,716926.9996312229,719266.9997943233,726442.9999348845,728064.0000734631,731071.9995570678,740289.0005210738,753505.0000869625,758560.0000793466
698139.0000174193,713895.0000990238,714862.9997748586,715568.0000566945,716926.9996312229,719266.9997943233,731071.9995570678,738938.9999516531,740289.0005210738,753505.0000869625,758560.0000793466
698139.0000174193,712562.0000389062,714862.9997748586,716901.0001168121,716926.9996312229,719266.9997943233,731071.9995570678,738938.9999516531,740289.0005210738,753505.0000869625,758560.0000793466
698139.0000174193,714862.9997748586,716901.0001168121,716926.9996312229,719266.9997943233,731071.9995570678,732012.000035827,738938.9999516531,739110.0000824258,740289.0005210738,753505.0000869625
698139.0000174193,714862.9997748586,716901.0001168121,716926.9996312229,719266.9997943233,732012.000035827,735115.0005183785,736245.9995597631,738938.9999516531,739110.0000824258,753505.0000869625
698139.0000174193,712522.0000027692,714862.9997748586,716926.9996312229,719266.9997943233,735115.0005183785,736245.9995597631,736391.00014987,738938.9999516531,739110.0000824258,753505.0000869625
698139.0000174193,713464.9998645234,714862.9997748586,716926.9996312229,719266.9997943233,735115.0005183785,736245.9995597631,736391.00014987,737996.0000898988,739110.0000824258,753505.0000869625
698139.0000174193,713464.9998645234,714862.9997748586,719266.9997943233,721853.000221478,730188.9999281233,736245.9995597631,736391.00014987,737996.0000898988,739110.0000824258,753505.0000869625
698139.0000174193,713464.9998645234,714779.0001541302,714862.9997748586,719266.9997943233,721853.000221478,730188.9999281233,736245.9995597631,739110.0000824258,753505.0000869625,759608.0000856386
698139.0000174193,706431.0001623734,714862.9997748586,719266.9997943233,721812.9998562802,721853.000221478,730188.9999281233,736245.9995597631,739110.0000824258,753505.0000869625,759608.0000856386
698139.0000174193,714862.9997748586,719219.000092388,719266.9997943233,721812.9998562802,721853.000221478,730188.9999281233,736245.9995597631,739110.0000824258,746820.000155624,753505.0000869625
698139.0000174193,714862.9997748586,719219.000092388,719266.9997943233,721812.9998562802,724970.0000681974,727072.000081404,736245.9995597631,739110.0000824258,746820.000155624,753505.0000869625
695170.9997565533,717831.0000357246,719219.000092388,719266.9997943233,721812.9998562802,724970.0000681974,727072.000081404,736245.9995597631,739110.0000824258,746820.000155624,753505.0000869625
695170.9997565533,710271.0000218338,717831.0000357246,721812.9998562802,724970.0000681974,727072.000081404,728214.9998648776,736245.9995597631,739110.0000824258,746820.000155624,753505.0000869625
706063.0002050761,710271.0000218338,717831.0000357246,721812.9998562802,724970.0000681974,727072.000081404,728214.9998648776,728217.999633903,736245.9995597631,746820.000155624,753505.0000869625
710271.0000218338,717831.0000357246,721439.000142337,721812.9998562802,724970.0000681974,727072.000081404,728214.9998648776,728217.999633903,736245.9995597631,738129.0001497015,746820.000155624
717118.0000585631,717831.0000357246,721439.000142337,721812.9998562802,724970.0000681974,727072.000081404,728214.9998648776,728217.999633903,736245.9995597631,738129.0001497015,739973.0001188947
699889.000075456,717118.0000585631,721812.9998562802,724970.0000681974,727072.000081404,728214.9998648776,728217.999633903,736245.9995597631,738129.0001497015,739381.0001026057,739973.0001188947
703519.9998587759,717118.0000585631,721812.9998562802,724970.0000681974,727072.000081404,728214.9998648776,728217.999633903,734498.0003663816,736245.9995597631,739381.0001026057,739973.0001188947
703519.9998587759,721812.9998562802,722928.0001808397,724970.0000681974,727072.000081404,728214.9998648776,728217.999633903,734162.9999966181,734498.0003663816,736245.9995597631,739381.0001026057
703519.9998587759,721812.9998562802,724970.0000681974,727072.000081404,727245.0000232924,728214.9998648776,728217.999633903,729846.0001541654,734498.0003663816,736245.9995597631,739381.0001026057
703519.9998587759,721812.9998562802,724970.0000681974,727245.0000232924,728214.9998648776,728217.999633903,729846.0001541654,730075.9997377455,733241.9999034216,734498.0003663816,739381.0001026057
703519.9998587759,713242.0003358652,724970.0000681974,727245.0000232924,728214.9998648776,728217.999633903,729846.0001541654,730075.9997377455,733241.9999034216,739381.0001026057,743068.9998867966
703519.9998587759,713242.0003358652,718234.999980161,724970.0000681974,727245.0000232924,728214.9998648776,728217.999633903,730075.9997377455,739381.0001026057,743068.9998867966,744853.0000774261
703519.9998587759,713242.0003358652,715233.9996934325,718234.999980161,724970.0000681974,727245.0000232924,728214.9998648776,730075.9997377455,743068.9998867966,744853.0000774261,752365.0000430762
703519.9998587759,713064.9998405256,713242.0003358652,715233.9996934325,718234.999980161,724970.0000681974,728214.9998648776,730075.9997377455,744853.0000774261,752365.0000430762,757249.0000695634
703519.9998587759,713064.9998405256,713242.0003358652,715233.9996934325,718234.999980161,721314.9996032413,724970.0000681974,728214.9998648776,752365.0000430762,753614.0002119303,757249.0000695634
703519.9998587759,713064.9998405256,715233.9996934325,718234.999980161,721314.9996032413,724674.000131271,724970.0000681974,728214.9998648776,745817.0002741576,752365.0000430762,753614.0002119303
703519.9998587759,713064.9998405256,715233.9996934325,718234.999980161,718904.0000469615,721314.9996032413,724970.0000681974,728214.9998648776,751587.0003584671,752365.0000430762,753614.0002119303
703519.9998587759,703754.0000241423,713064.9998405256,715233.9996934325,721314.9996032413,724970.0000681974,728214.9998648776,733385.0000029801,751587.0003584671,752365.0000430762,753614.0002119303
703519.9998587759,703754.0000241423,713064.9998405256,714247.9999483755,721314.9996032413,724970.0000681974,728214.9998648776,733385.0000029801,752365.0000430762,752573.0001035241,753614.0002119303
703519.9998587759,706972.9998406416,713064.9998405256,714247.9999483755,721314.9996032413,724970.0000681974,724996.0000483782,733385.0000029801,752365.0000430762,752573.0001035241,753614.0002119303
706972.9998406416,713064.9998405256,714247.9999483755,721314.9996032413,721376.9997375864,724970.0000681974,724996.0000483782,733385.0000029801,734716.0002247136,752365.0000430762,753614.0002119303
706972.9998406416,713064.9998405256,714247.9999483755,716278.9996690417,721376.9997375864,724970.0000681974,724996.0000483782,733385.0000029801,734716.0002247136,752365.0000430762,758650.00014613
706972.9998406416,713064.9998405256,714247.9999483755,720706.9998501483,721376.9997375864,724970.0000681974,724996.0000483782,728956.9998218735,734716.0002247136,752365.0000430762,758650.00014613
706972.9998406416,713064.9998405256,715018.999973234,720605.9997127278,720706.9998501483,724970.0000681974,724996.0000483782,728956.9998218735,734716.0002247136,752365.0000430762,758650.00014613
706972.9998406416,713064.9998405256,716810.9997987093,718813.9998872526,720706.9998501483,724970.0000681974,724996.0000483782,728956.9998218735,734716.0002247136,752365.0000430762,758650.00014613
706972.9998406416,713064.9998405256,713604.9999061369,716810.9997987093,720706.9998501483,724970.0000681974,724996.0000483782,728956.9998218735,734716.0002247136,757574.000024192,758650.00014613
706972.9998406416,713064.9998405256,713604.9999061369,714197.0000942964,716810.9997987093,724970.0000681974,728956.9998218735,731505.9998042302,734716.0002247136,757574.000024192,758650.00014613
706891.9999619378,706972.9998406416,713604.9999061369,716810.9997987093,720369.9999728842,724970.0000681974,728956.9998218735,731505.9998042302,734716.0002247136,757574.000024192,758650.00014613
706891.9999619378,706972.9998406416,713604.9999061369,716810.9997987093,720369.9999728842,724970.0000681974,731505.9998042302,731673.0002753712,734716.0002247136,755933.9996926322,757574.000024192
706972.9998406416,713604.9999061369,714315.9999968143,716810.9997987093,720369.9999728842,724081.9997693537,724970.0000681974,731673.0002753712,734716.0002247136,755933.9996926322,757574.000024192
706972.9998406416,713604.9999061369,714315.9999968143,716810.9997987093,720369.9999728842,724970.0000681974,729313.9997594166,729484.0002346507,731673.0002753712,755933.9996926322,757574.000024192
712110.0000625966,713604.9999061369,714315.9999968143,715232.9997509292,716810.9997987093,724970.0000681974,729313.9997594166,729484.0002346507,731673.0002753712,755933.9996926322,757574.000024192
712110.0000625966,713604.9999061369,714315.9999968143,714727.0000507913,715232.9997509292,724970.0000681974,729313.9997594166,731567.9999825687,731673.0002753712,755933.9996926322,757574.000024192
712110.0000625966,713604.9999061369,714727.0000507913,715232.9997509292,721454.9999214172,722174.9998348136,724970.0000681974,731567.9999825687,731673.0002753712,755933.9996926322,757574.000024192
712110.0000625966,713604.9999061369,714727.0000507913,715232.9997509292,719210.9998414172,721454.9999214172,724970.0000681974,731673.0002753712,734531.9999759651,755933.9996926322,757574.000024192
712110.0000625966,713604.9999061369,714727.0000507913,715232.9997509292,719210.9998414172,724970.0000681974,731523.9994974108,731673.0002753712,734531.9999759651,745865.0001166386,757574.000024192
712110.0000625966,713604.9999061369,714727.0000507913,715232.9997509292,716209.9999912328,724970.0000681974,731523.9994974108,731673.0002753712,734531.9999759651,748865.999966823,757574.000024192
698770.999761975,713604.9999061369,714727.0000507913,716209.9999912328,724970.0000681974,728572.0000515508,731523.9994974108,731673.0002753712,734531.9999759651,748865.999966823,757574.000024192
698770.999761975,714727.0000507913,716209.9999912328,719944.9994520949,724970.0000681974,728572.0000515508,731523.9994974108,731673.0002753712,734531.9999759651,748865.999966823,751234.000478234
713099.999772114,714243.0000414118,714727.0000507913,716209.9999912328,719944.9994520949,724970.0000681974,731523.9994974108,731673.0002753712,734531.9999759651,748865.999966823,751234.000478234
713099.999772114,714243.0000414118,716209.9999912328,719944.9994520949,720147.000358321,724970.0000681974,729111.9996684354,731523.9994974108,731673.0002753712,748865.999966823,751234.000478234
713099.999772114,713708.0004807941,714243.0000414118,719944.9994520949,720147.000358321,724970.0000681974,729111.9996684354,731523.9994974108,731673.0002753712,748865.999966823,753735.9999886727
702107.9993524966,713099.999772114,714243.0000414118,720147.000358321,724970.0000681974,729111.9996684354,731523.9994974108,731545.0005803924,731673.0002753712,748865.999966823,753735.9999886727
702107.9993524966,713099.999772114,714243.0000414118,720147.000358321,722706.9997081041,724970.0000681974,731523.9994974108,731545.0005803924,731673.0002753712,748865.999966823,760140.999949004
708319.0000146639,713099.999772114,714243.0000414118,720147.000358321,722706.9997081041,724970.0000681974,725333.9999182251,731523.9994974108,731673.0002753712,748865.999966823,760140.999949004
708319.0000146639,713099.999772114,714230.0000224788,714243.0000414118,724970.0000681974,725333.9999182251,728624.0000439463,731523.9994974108,731673.0002753712,748865.999966823,760140.999949004
708319.0000146639,713099.999772114,714230.0000224788,714243.0000414118,724970.0000681974,725333.9999182251,728624.0000439463,730464.9999792279,732731.9997935542,748865.999966823,760140.999949004
708319.0000146639,713099.999772114,713708.0000707555,714230.0000224788,724970.0000681974,725333.9999182251,729159.0000146027,730464.9999792279,732731.9997935542,748865.999966823,760140.999949004
703349.9998037247,708319.0000146639,713708.0000707555,714230.0000224788,724970.0000681974,725333.9999182251,730464.9999792279,732731.9997935542,738908.999982992,748865.999966823,760140.999949004
703349.9998037247,708319.0000146639,713708.0000707555,714230.0000224788,718555.9999523055,724970.0000681974,725333.9999182251,732731.9997935542,738908.999982992,760140.999949004,760774.9999937455
703349.9998037247,708319.0000146639,714230.0000224788,718555.9999523055,722941.9999793937,724970.0000681974,725333.9999182251,729675.0000743538,732731.9997935542,760140.999949004,760774.9999937455
703349.9998037247,708319.0000146639,715653.9999374396,718555.9999523055,721518.0000644329,724970.0000681974,725333.9999182251,729675.0000743538,732731.9997935542,760140.999949004,760774.9999937455
703349.9998037247,708319.0000146639,718333.0000697258,718555.9999523055,718838.9999321466,724970.0000681974,725333.9999182251,729675.0000743538,732731.9997935542,760140.999949004,760774.9999937455
692120.9998846946,703349.9998037247,718333.0000697258,718555.9999523055,718838.9999321466,724970.0000681974,729675.0000743538,732731.9997935542,741532.0000481944,760140.999949004,760774.9999937455
692120.9998846946,703349.9998037247,718333.0000697258,718555.9999523055,718838.9999321466,728609.9999401264,729091.999921625,729675.0000743538,741532.0000481944,760140.999949004,760774.9999937455
692120.9998846946,703349.9998037247,713604.0000408622,718333.0000697258,718555.9999523055,718838.9999321466,729675.0000743538,741532.0000481944,744097.9998208892,760140.999949004,760774.9999937455
692120.9998846946,712821.999696053,713604.0000408622,718333.0000697258,718555.9999523055,718838.9999321466,720203.0001820255,741532.0000481944,744097.9998208892,760140.999949004,760774.9999937455
694474.9999856341,712821.999696053,713604.0000408622,716484.9998312071,718333.0000697258,718555.9999523055,720203.0001820255,741532.0000481944,744097.9998208892,760140.999949004,760774.9999937455
712821.999696053,713604.0000408622,715178.0001271787,716484.9998312071,718333.0000697258,718555.9999523055,720203.0001820255,739437.9998074594,741532.0000481944,744097.9998208892,760774.9999937455
697108.000157572,712821.999696053,713604.0000408622,715178.0001271787,716484.9998312071,718555.9999523055,739437.9998074594,741428.0000941793,741532.0000481944,744097.9998208892,760774.9999937455
697108.000157572,712821.999696053,715178.0001271787,716484.9998312071,718555.9999523055,722875.000251633,734826.9996101185,739437.9998074594,741428.0000941793,741532.0000481944,760774.9999937455
697108.000157572,712821.999696053,715178.0001271787,716484.9998312071,718555.9999523055,722709.0000311409,734992.9998306106,739437.9998074594,741428.0000941793,741532.0000481944,760774.9999937455
712821.999696053,714164.000111637,715178.0001271787,716484.9998312071,718555.9999523055,722709.0000311409,734992.9998306106,739437.9998074594,741428.0000941793,741532.0000481944,743719.0000396804
712821.999696053,714164.000111637,716466.0002641664,716484.9998312071,718555.9999523055,722709.0000311409,734992.9998306106,739437.9998074594,740139.9999571918,741532.0000481944,743719.0000396804
712821.999696053,714164.000111637,715666.0000229487,716484.9998312071,718555.9999523055,722709.0000311409,734992.9998306106,739437.9998074594,740940.0001984094,741532.0000481944,743719.0000396804
712821.999696053,714164.000111637,715666.0000229487,718555.9999523055,722709.0000311409,727180.000213819,730836.9996655826,734992.9998306106,739437.9998074594,740940.0001984094,743719.0000396804
712821.999696053,714164.000111637,718555.9999523055,720782.0001951088,722709.0000311409,727180.000213819,730836.9996655826,734992.9998306106,735824.0000262493,739437.9998074594,743719.0000396804
712821.999696053,714164.000111637,718555.9999523055,720782.0001951088,722709.0000311409,724881.9997313113,733135.0001480902,734992.9998306106,735824.0000262493,739437.9998074594,743719.0000396804
712821.999696053,714164.000111637,718555.9999523055,722709.0000311409,724881.9997313113,726654.000177522,729952.0000438362,733135.0001480902,734992.9998306106,739437.9998074594,743719.0000396804
712821.999696053,713382.000102973,718555.9999523055,722709.0000311409,724881.9997313113,726654.000177522,729952.0000438362,733135.0001480902,734992.9998306106,740219.9998161235,743719.0000396804
712821.999696053,718555.9999523055,722709.0000311409,724881.9997313113,724930.0000781307,726654.000177522,729952.0000438362,732171.0000645226,733135.0001480902,734992.9998306106,740219.9998161235
712821.999696053,718555.9999523055,722709.0000311409,724881.9997313113,724930.0000781307,726618.0000773645,729952.0000438362,732171.0000645226,733135.0001480902,734992.9998306106,740255.9999162811
712821.999696053,716297.0001199024,718555.9999523055,722709.0000311409,724881.9997313113,724930.0000781307,729952.0000438362,733135.0001480902,734992.9998306106,740255.9999162811,742492.0000219847
714079.9997916474,716297.0001199024,718555.9999523055,722709.0000311409,723671.9999825363,724881.9997313113,729952.0000438362,733135.0001480902,734992.9998306106,740255.9999162811,742492.0000219847
711154.0001138302,714079.9997916474,718555.9999523055,722709.0000311409,724881.9997313113,728814.9999886085,729952.0000438362,733135.0001480902,734992.9998306106,740255.9999162811,742492.0000219847
711154.0001138302,714079.9997916474,718555.9999523055,720861.9998399749,722709.0000311409,724881.9997313113,729952.0000438362,733135.0001480902,734992.9998306106,740255.9999162811,750445.0001706183
704718.9998998322,711154.0001138302,718555.9999523055,722709.0000311409,724881.9997313113,729952.0000438362,730222.9997317902,733135.0001480902,734992.9998306106,740255.9999162811,750445.0001706183
695479.0000364541,704718.9998998322,722709.0000311409,724881.9997313113,729952.0000438362,730222.9997317902,733135.0001480902,734231.0000296815,734992.9998306106,740255.9999162811,750445.0001706183
695479.0000364541,713748.9997042435,721192.9999273788,722709.0000311409,724881.9997313113,729952.0000438362,733135.0001480902,734231.0000296815,734992.9998306106,740255.9999162811,750445.0001706183
695479.0000364541,713748.9997042435,715663.0000303298,721192.9999273788,722709.0000311409,729952.0000438362,734231.0000296815,734992.9998306106,740255.9999162811,742353.9998490717,750445.0001706183
691513.0000878968,713748.9997042435,715663.0000303298,721192.9999273788,722709.0000311409,729952.0000438362,734992.9998306106,738196.9999782387,740255.9999162811,742353.9998490717,750445.0001706183
691513.0000878968,713748.9997042435,714344.000574256,721192.9999273788,722709.0000311409,729952.0000438362,734992.9998306106,738196.9999782387,740255.9999162811,743672.9993051456,750445.0001706183
691513.0000878968,711315.9997563458,714344.000574256,722709.0000311409,723625.9998752766,729952.0000438362,734992.9998306106,738196.9999782387,740255.9999162811,743672.9993051456,750445.0001706183
691513.0000878968,711315.9997563458,714344.000574256,722709.0000311409,729952.0000438362,731600.9999942,734992.9998306106,738196.9999782387,740255.9999162811,742470.0000516949,743672.9993051456
691513.0000878968,711315.9997563458,713413.9999476882,714344.000574256,722709.0000311409,734992.9998306106,738196.9999782387,740255.9999162811,742470.0000516949,743672.9993051456,748139.000090348
691513.0000878968,711315.9997563458,713413.9999476882,718623.0001922792,722709.0000311409,734992.9998306106,738196.9999782387,739393.9996871223,740255.9999162811,742470.0000516949,748139.000090348
691513.0000878968,711315.9997563458,715757.0001633139,718623.0001922792,722709.0000311409,734992.9998306106,737912.9997006553,738196.9999782387,739393.9996871223,742470.0000516949,748139.000090348
691513.0000878968,711315.9997563458,715757.0001633139,718623.0001922792,722709.0000311409,731943.0000568575,734992.9998306106,737912.9997006553,739393.9996871223,748139.000090348,748723.9999730762
691513.0000878968,711315.9997563458,715193.0002755821,718623.0001922792,722709.0000311409,731943.0000568575,734992.9998306106,738476.9995883873,739393.9996871223,748139.000090348,748723.9999730762
691513.0000878968,711315.9997563458,715193.0002755821,718623.0001922792,722709.0000311409,731943.0000568575,736246.99971397,738476.9995883873,739393.9996871223,747470.0000897167,748139.000090348
691513.0000878968,711315.9997563458,715193.0002755821,718623.0001922792,722709.0000311409,731382.9998416656,736246.99971397,739036.9998035792,739393.9996871223,747470.0000897167,748139.000090348
691513.0000878968,711315.9997563458,712997.0002283553,718623.0001922792,722709.0000311409,731382.9998416656,736246.99971397,739036.9998035792,739393.9996871223,747470.0000897167,750335.0001375747
691513.0000878968,711315.9997563458,713455.0000017883,718623.0001922792,722709.0000311409,730925.0000682326,736246.99971397,739036.9998035792,739393.9996871223,747470.0000897167,750335.0001375747
691513.0000878968,711315.9997563458,714317.0000488054,718623.0001922792,722709.0000311409,730925.0000682326,736246.99971397,738174.999756562,739393.9996871223,747470.0000897167,750335.0001375747
691513.0000878968,711315.9997563458,714317.0000488054,718623.0001922792,719586.0000069293,722709.0000311409,736246.99971397,738174.999756562,747470.0000897167,750335.0001375747,750732.9997484257
691513.0000878968,711315.9997563458,714317.0000488054,718623.0001922792,719586.0000069293,722709.0000311409,738174.999756562,740920.0000348083,742796.9997688784,750335.0001375747,750732.9997484257
691513.0000878968,698919.0003653835,711315.9997563458,714317.0000488054,722709.0000311409,738174.999756562,739289.999833825,740920.0000348083,742796.9997688784,750335.0001375747,750732.9997484257
691513.0000878968,698919.0003653835,711315.9997563458,714317.0000488054,723047.0000416543,738174.999756562,739289.999833825,740582.0000242947,742796.9997688784,750335.0001375747,750732.9997484257
691513.0000878968,698919.0003653835,711315.9997563458,714317.0000488054,722949.9998572542,738174.999756562,739289.999833825,740582.0000242947,742893.9999532786,750335.0001375747,750732.9997484257
691513.0000878968,698919.0003653835,711315.9997563458,714317.0000488054,717534.9999522886,738174.999756562,739289.999833825,740582.0000242947,748308.9998582442,750335.0001375747,750732.9997484257
691513.0000878968,698919.0003653835,711315.9997563458,714317.0000488054,717534.9999522886,722764.9998292323,739289.999833825,740582.0000242947,750335.0001375747,750732.9997484257,763718.9997855739
691513.0000878968,698919.0003653835,711315.9997563458,714317.0000488054,715506.0000518318,722764.9998292323,739289.999833825,742610.9999247515,750335.0001375747,750732.9997484257,763718.9997855739
691513.0000878968,698919.0003653835,711315.9997563458,715506.0000518318,721295.9997381264,722764.9998292323,739289.999833825,742610.9999247515,743754.0000591046,750335.0001375747,763718.9997855739
692603.0001603626,698919.0003653835,711315.9997563458,714415.9999793661,721295.9997381264,722764.9998292323,739289.999833825,742610.9999247515,743754.0000591046,750335.0001375747,763718.9997855739
692603.0001603626,698919.0003653835,711315.9997563458,714415.9999793661,718097.9999344811,721295.9997381264,739289.999833825,743754.0000591046,747277.9998195027,750335.0001375747,763718.9997855739
692603.0001603626,711315.9997563458,714415.9999793661,718097.9999344811,718696.0003084636,719512.9998907449,721295.9997381264,743754.0000591046,747277.9998195027,750335.0001375747,763718.9997855739
692603.0001603626,711315.9997563458,714415.9999793661,717219.9997604644,718097.9999344811,718696.0003084636,719512.9998907449,743754.0000591046,747277.9998195027,754411.0001152367,763718.9997855739
692603.0001603626,711315.9997563458,716244.9995332699,717219.9997604644,718097.9999344811,718696.0003084636,719512.9998907449,743754.0000591046,745449.0002655989,754411.0001152367,763718.9997855739
692603.0001603626,711315.9997563458,716244.9995332699,717219.9997604644,717390.9997476299,718097.9999344811,720818.0004515786,743754.0000591046,745449.0002655989,754411.0001152367,763718.9997855739
692603.0001603626,711315.9997563458,716244.9995332699,717306.9995514255,717390.9997476299,718097.9999344811,720818.0004515786,743754.0000591046,745449.0002655989,754411.0001152367,763631.9999946129
711315.9997563458,716244.9995332699,716385.9999428702,717306.9995514255,717390.9997476299,718097.9999344811,720818.0004515786,739849.0002121052,743754.0000591046,745449.0002655989,754411.0001152367
711315.9997563458,715502.0002997962,716244.9995332699,716385.9999428702,717306.9995514255,717390.9997476299,720818.0004515786,739849.0002121052,743754.0000591046,748044.9999002838,754411.0001152367
700163.0000063071,711315.9997563458,715502.0002997962,716244.9995332699,716385.9999428702,717306.9995514255,738046.0001929014,739849.0002121052,743754.0000591046,748044.9999002838,754411.0001152367
700163.0000063071,711315.9997563458,714841.0000739493,715502.0002997962,716244.9995332699,716385.9999428702,738046.0001929014,739849.0002121052,743754.0000591046,748044.9999002838,756876.9995927128
700163.0000063071,711315.9997563458,713025.000255088,714841.0000739493,716244.9995332699,716385.9999428702,738046.0001929014,739849.0002121052,743754.0000591046,750521.999944992,756876.9995927128
700163.0000063071,711315.9997563458,713025.000255088,714841.0000739493,716244.9995332699,717721.0000637447,738046.0001929014,739849.0002121052,742418.9999382301,750521.999944992,756876.9995927128
700163.0000063071,711315.9997563458,714841.0000739493,716244.9995332699,717721.0000637447,729548.0001680421,733999.0000320378,738046.0001929014,739849.0002121052,742418.9999382301,756876.9995927128
700163.0000063071,711315.9997563458,713303.0002903268,714841.0000739493,716244.9995332699,717721.0000637447,729548.0001680421,738046.0001929014,742418.9999382301,756876.9995927128,760544.9999538163
700163.0000063071,711315.9997563458,713303.0002903268,716244.9995332699,717721.0000637447,729548.0001680421,730029.9998790827,738046.0001929014,741687.9997875795,742418.9999382301,760544.9999538163
700163.0000063071,711315.9997563458,713303.0002903268,717721.0000637447,721244.0000213969,724548.9996799151,730029.9998790827,738046.0001929014,741687.9997875795,742418.9999382301,760544.9999538163
700163.0000063071,711315.9997563458,713303.0002903268,713368.9997039053,717721.0000637447,721244.0000213969,724548.9996799151,738046.0001929014,742418.9999382301,758348.9999627569,760544.9999538163
700163.0000063071,713303.0002903268,713368.9997039053,717721.0000637447,721244.0000213969,722554.9998149301,724548.9996799151,731179.9998796458,738046.0001929014,758348.9999627569,760544.9999538163
696812.0001936796,700163.0000063071,713368.9997039053,717721.0000637447,721244.0000213969,724548.9996799151,731179.9998796458,738046.0001929014,739045.9999115773,758348.9999627569,760544.9999538163
696812.0001936796,700163.0000063071,713368.9997039053,719077.9999791938,721244.0000213969,724548.9996799151,731179.9998796458,737688.9999961283,738046.0001929014,758348.9999627569,760544.9999538163
696812.0001936796,700163.0000063071,703990.9996573238,721244.0000213969,724548.9996799151,728456.0000257753,731179.9998796458,737688.9999961283,738046.0001929014,758348.9999627569,760544.9999538163
696812.0001936796,700163.0000063071,703990.9996573238,721244.0000213969,725756.9994972752,728456.0000257753,731179.9998796458,737688.9999961283,738046.0001929014,758348.9999627569,759337.0001364562
696812.0001936796,703990.9996573238,716584.0000188409,721244.0000213969,725756.9994972752,728456.0000257753,731179.9998796458,737688.9999961283,738046.0001929014,741927.9999502231,759337.0001364562
696812.0001936796,716584.0000188409,717238.0004004609,721244.0000213969,724798.9994497643,725756.9994972752,728456.0000257753,731179.9998796458,737688.9999961283,741927.9999502231,759337.0001364562
696812.0001936796,715747.9997386627,716584.0000188409,717238.0004004609,721244.0000213969,724798.9994497643,725756.9994972752,728456.0000257753,741927.9999502231,753121.0001371112,759337.0001364562
696812.0001936796,713104.0000570699,715747.9997386627,716584.0000188409,717238.0004004609,721244.0000213969,724798.9994497643,725756.9994972752,753121.0001371112,757279.9999189285,759337.0001364562
712495.0001935821,713104.0000570699,715747.9997386627,716584.0000188409,717238.0004004609,721244.0000213969,724798.9994497643,725756.9994972752,741596.9999190259,753121.0001371112,759337.0001364562
712495.0001935821,713104.0000570699,715747.9997386627,716584.0000188409,717238.0004004609,721244.0000213969,725756.9994972752,730417.9994723756,735977.9998964146,753121.0001371112,759337.0001364562
713104.0000570699,715747.9997386627,716584.0000188409,717238.0004004609,721244.0000213969,725756.9994972752,729415.000135549,730417.9994723756,735977.9998964146,736201.0001951443,759337.0001364562
713104.0000570699,714024.0000051879,715747.9997386627,719798.0004141139,721244.0000213969,725756.9994972752,729415.000135549,730417.9994723756,735977.9998964146,736201.0001951443,759337.0001364562
713104.0000570699,714024.0000051879,715747.9997386627,721244.0000213969,725035.9999726943,725179.9999137952,725756.9994972752,729415.000135549,735977.9998964146,736201.0001951443,759337.0001364562
702372.9999850879,713104.0000570699,715747.9997386627,721244.0000213969,725179.9999137952,725756.9994972752,729415.000135549,735977.9998964146,736201.0001951443,736686.9999927944,759337.0001364562
702372.9999850879,713104.0000570699,715747.9997386627,725179.9999137952,725667.0000447697,725756.9994972752,729415.000135549,735977.9998964146,736201.0001951443,736686.9999927944,754914.0001130834
696620.9999700105,713104.0000570699,715747.9997386627,725179.9999137952,725667.0000447697,725756.9994972752,729415.000135549,736201.0001951443,736686.9999927944,741729.999911492,754914.0001130834
696620.9999700105,713104.0000570699,715747.9997386627,716322.9999737614,725179.9999137952,725667.0000447697,725756.9994972752,736201.0001951443,736686.9999927944,754822.0000732795,754914.0001130834
696620.9999700105,713104.0000570699,716322.9999737614,719882.9996852806,725179.9999137952,725667.0000447697,725756.9994972752,736201.0001951443,736686.9999927944,750687.0001266616,754914.0001130834
696620.9999700105,708849.9997995882,713104.0000570699,725179.9999137952,725667.0000447697,725756.9994972752,727355.9998594538,736201.0001951443,736686.9999927944,750687.0001266616,754914.0001130834
696620.9999700105,708849.9997995882,711986.0000564607,725179.9999137952,725667.0000447697,725756.9994972752,727355.9998594538,736201.0001951443,737804.9999934036,750687.0001266616,754914.0001130834
696620.9999700105,708849.9997995882,711986.0000564607,725667.0000447697,725756.9994972752,727355.9998594538,727866.0001399905,735118.9997672082,736201.0001951443,750687.0001266616,754914.0001130834
696620.9999700105,708849.9997995882,711986.0000564607,725667.0000447697,725756.9994972752,727866.0001399905,731801.0001146743,735118.9997672082,736201.0001951443,746241.999871441,754914.0001130834
696620.9999700105,708849.9997995882,711986.0000564607,725325.0002204231,725756.9994972752,727866.0001399905,731801.0001146743,735118.9997672082,736201.0001951443,746241.999871441,755255.99993743
696620.9999700105,708849.9997995882,711986.0000564607,713807.9996682669,725325.0002204231,725756.9994972752,731801.0001146743,736201.0001951443,746241.999871441,749177.0002389319,755255.99993743
708849.9997995882,711986.0000564607,713807.9996682669,720445.9999759228,722416.9998655288,725325.0002204231,725756.9994972752,731801.0001146743,736201.0001951443,749177.0002389319,755255.99993743
708849.9997995882,713807.9996682669,713860.0000615319,720445.9999759228,720542.9998604576,725325.0002204231,725756.9994972752,731801.0001146743,736201.0001951443,749177.0002389319,755255.99993743
708849.9997995882,713807.9996682669,714570.9998411199,719735.0001963348,720542.9998604576,725325.0002204231,725756.9994972752,731801.0001146743,736201.0001951443,749177.0002389319,755255.99993743
708849.9997995882,714570.9998411199,719735.0001963348,720542.9998604576,722928.9997444062,725325.0002204231,725756.9994972752,731801.0001146743,736201.0001951443,740056.0001627925,755255.99993743
712272.9998141901,714570.9998411199,716312.0001817329,720542.9998604576,722928.9997444062,725325.0002204231,725756.9994972752,731801.0001146743,736201.0001951443,740056.0001627925,755255.99993743
712272.9998141901,713073.000007636,717810.0000152168,720542.9998604576,722928.9997444062,725325.0002204231,725756.9994972752,731801.0001146743,736201.0001951443,740056.0001627925,755255.99993743
712272.9998141901,715763.9999926728,717810.0000152168,717851.9998754208,722928.9997444062,725325.0002204231,725756.9994972752,731801.0001146743,736201.0001951443,740056.0001627925,755255.99993743
712272.9998141901,715763.9999926728,717810.0000152168,717851.9998754208,720978.0002625817,722928.9997444062,725756.9994972752,731801.0001146743,740056.0001627925,740548.0001529857,755255.99993743
712272.9998141901,712414.0001706575,715763.9999926728,717851.9998754208,720978.0002625817,722928.9997444062,725756.9994972752,737196.9999592336,740056.0001627925,740548.0001529857,755255.99993743
704221.0000131982,712272.9998141901,712414.0001706575,720978.0002625817,722928.9997444062,725756.9994972752,729394.9998548955,737196.9999592336,740056.0001627925,740548.0001529857,755255.99993743
712272.9998141901,712414.0001706575,716320.0002249854,717295.9996431083,720978.0002625817,722928.9997444062,725756.9994972752,737196.9999592336,740056.0001627925,740548.0001529857,755255.99993743
704837.9998876302,712272.9998141901,716320.0002249854,720978.0002625817,722928.9997444062,724871.9999261356,725756.9994972752,737196.9999592336,740056.0001627925,740548.0001529857,755255.99993743
704837.9998876302,712272.9998141901,716320.0002249854,720978.0002625817,721572.9997949026,722928.9997444062,725756.9994972752,737196.9999592336,740548.0001529857,743355.0002940255,755255.99993743
691176.9999677229,712272.9998141901,716320.0002249854,720978.0002625817,722928.9997444062,725756.9994972752,735233.9997148099,737196.9999592336,740548.0001529857,743355.0002940255,755255.99993743
691176.9999677229,712272.9998141901,716320.0002249854,719750.000311576,722928.9997444062,725756.9994972752,735233.9997148099,737196.9999592336,741776.0001039915,743355.0002940255,755255.99993743
691176.9999677229,712272.9998141901,716320.0002249854,720403.9996993126,722928.9997444062,725756.9994972752,734580.0003270733,737196.9999592336,741776.0001039915,743355.0002940255,755255.99993743
691176.9999677229,712272.9998141901,716320.0002249854,720403.9996993126,722928.9997444062,724584.9999488964,734580.0003270733,737196.9999592336,742947.9996523703,743355.0002940255,755255.99993743
691176.9999677229,712272.9998141901,716320.0002249854,720403.9996993126,722928.9997444062,724584.9999488964,735444.0002669231,737196.9999592336,742083.9997125205,743355.0002940255,755255.99993743
691176.9999677229,712272.9998141901,716320.0002249854,720403.9996993126,724584.9999488964,725942.000120658,735444.0002669231,737196.9999592336,740341.9999177738,742083.9997125205,755255.99993743
691176.9999677229,712272.9998141901,716320.0002249854,724584.9999488964,725942.000120658,726240.9996384325,731360.0000201135,735444.0002669231,740341.9999177738,742083.9997125205,755255.99993743
691176.9999677229,710977.000055211,712272.9998141901,724584.9999488964,725942.000120658,731360.0000201135,731583.9998082069,735444.0002669231,740341.9999177738,742083.9997125205,755255.99993743
691176.9999677229,710977.000055211,716532.9997847049,724584.9999488964,725942.000120658,727323.9998376921,731360.0000201135,735444.0002669231,740341.9999177738,742083.9997125205,755255.99993743
691176.9999677229,710977.000055211,716532.9997847049,723835.999944825,724584.9999488964,725942.000120658,734847.9999129807,735444.0002669231,740341.9999177738,742083.9997125205,755255.99993743
695860.999817492,710977.000055211,716532.9997847049,723835.999944825,724584.9999488964,725942.000120658,730164.0000632117,735444.0002669231,740341.9999177738,742083.9997125205,755255.99993743
695860.999817492,710977.000055211,714222.0000130446,716532.9997847049,724584.9999488964,725942.000120658,735444.0002669231,739777.999994992,740341.9999177738,742083.9997125205,755255.99993743
695860.999817492,710977.000055211,714222.0000130446,720868.9998200417,724584.9999488964,725942.000120658,735441.9999596552,735444.0002669231,740341.9999177738,742083.9997125205,755255.99993743
695860.999817492,714222.0000130446,720868.9998200417,723381.9998794644,724584.9999488964,725942.000120658,727937.0000935204,735441.9999596552,735444.0002669231,742083.9997125205,755255.99993743
695860.999817492,714222.0000130446,720868.9998200417,723381.9998794644,725942.000120658,727937.0000935204,730197.9994582594,735441.9999596552,735444.0002669231,736471.0002031574,755255.99993743
695860.999817492,714222.0000130446,720868.9998200417,723381.9998794644,725942.000120658,727937.0000935204,730197.9994582594,735441.9999596552,735444.0002669231,740704.9998388754,751022.0003017121
695860.999817492,714222.0000130446,715231.0000534956,720868.9998200417,725942.000120658,730197.9994582594,735441.9999596552,735444.0002669231,736087.9999194891,740704.9998388754,751022.0003017121
695860.999817492,715046.9998621617,715231.0000534956,720043.9999709246,725942.000120658,730197.9994582594,735441.9999596552,735444.0002669231,736087.9999194891,740704.9998388754,751022.0003017121
695860.999817492,715046.9998621617,715231.0000534956,715738.9999800564,725942.000120658,730197.9994582594,735441.9999596552,736087.9999194891,739749.0002577913,740704.9998388754,751022.0003017121
695860.999817492,715046.9998621617,715231.0000534956,717148.0002800694,725942.000120658,730197.9994582594,735441.9999596552,736087.9999194891,738339.9999577783,740704.9998388754,751022.0003017121
695860.999817492,708394.0002043834,715046.9998621617,723985.0001291817,725942.000120658,730197.9994582594,735441.9999596552,736087.9999194891,738339.9999577783,740704.9998388754,751022.0003017121
704862.9997141229,708394.0002043834,714983.0002325508,715046.9998621617,725942.000120658,730197.9994582594,735441.9999596552,736087.9999194891,738339.9999577783,740704.9998388754,751022.0003017121
704862.9997141229,714983.0002325508,715046.9998621617,716114.0002137573,722477.9994488856,725942.000120658,735441.9999596552,736087.9999194891,738339.9999577783,740704.9998388754,751022.0003017121
714983.0002325508,715046.9998621617,716114.0002137573,718372.9997706839,722477.9994488856,722577.9998629281,725942.000120658,735441.9999596552,738339.9999577783,740704.9998388754,751022.0003017121
714983.0002325508,715046.9998621617,718372.9997706839,718670.9995712899,719921.0000913531,722577.9998629281,725942.000120658,735441.9999596552,738339.9999577783,740704.9998388754,751022.0003017121
714983.0002325508,715046.9998621617,717391.9998554388,718670.9995712899,719921.0000913531,723558.9997781732,725942.000120658,735441.9999596552,738339.9999577783,740704.9998388754,751022.0003017121
714983.0002325508,715046.9998621617,717391.9998554388,719921.0000913531,719983.9998453656,723558.9997781732,725942.000120658,735441.9999596552,738339.9999577783,740704.9998388754,749709.0000276363
715046.9998621617,717391.9998554388,719921.0000913531,719983.9998453656,723558.9997781732,725942.000120658,726601.999970707,726721.000219622,735441.9999596552,740704.9998388754,749709.0000276363
715046.9998621617,715218.0000445171,717391.9998554388,719983.9998453656,723558.9997781732,725942.000120658,726721.000219622,731305.000017543,735441.9999596552,740704.9998388754,749709.0000276363
715046.9998621617,717391.9998554388,719983.9998453656,723558.9997781732,725942.000120658,726721.000219622,730096.999880958,731305.000017543,734830.0001911954,735441.9999596552,740704.9998388754
715046.9998621617,717391.9998554388,719983.9998453656,723558.9997781732,725942.000120658,726721.000219622,731305.000017543,731499.0000657496,733428.0000064038,735441.9999596552,740704.9998388754
715046.9998621617,717391.9998554388,723558.9997781732,725942.000120658,726721.000219622,727543.0000311151,731305.000017543,731499.0000657496,733145.9996531259,733428.0000064038,735441.9999596552
715046.9998621617,717391.9998554388,721094.9999362193,723558.9997781732,725942.000120658,726721.000219622,731305.000017543,731499.0000657496,733428.0000064038,735441.9999596552,739593.9997480217
713910.9999360594,715046.9998621617,721094.9999362193,723558.9997781732,725942.000120658,730202.0001390015,731305.000017543,731499.0000657496,733428.0000064038,735441.9999596552,739593.9997480217
713910.9999360594,715046.9998621617,723558.9997781732,725942.000120658,729965.0002415027,730202.0001390015,730723.9994427384,731305.000017543,731499.0000657496,733428.0000064038,735441.9999596552
713910.9999360594,718578.0000288781,723558.9997781732,725942.000120658,729965.0002415027,730202.0001390015,730723.9994427384,731305.000017543,731499.0000657496,731910.9997929388,733428.0000064038
717303.0000517396,718578.0000288781,723558.9997781732,725942.000120658,726810.0000233212,729965.0002415027,730723.9994427384,731305.000017543,731499.0000657496,731910.9997929388,733428.0000064038
717303.0000517396,718578.0000288781,723558.9997781732,725942.000120658,726810.0000233212,729965.0002415027,730440.9992682,731305.000017543,731782.000240288,731910.9997929388,733428.0000064038
708778.9997982607,717303.0000517396,718578.0000288781,725942.000120658,729965.0002415027,730440.9992682,731305.000017543,731782.000240288,731910.9997929388,733428.0000064038,741590.0000032337
708778.9997982607,718578.0000288781,725942.000120658,726684.9999803902,729965.0002415027,730440.9992682,731305.000017543,731782.000240288,731910.9997929388,732208.0000745831,733428.0000064038
708778.9997982607,715604.9999059344,718578.0000288781,725942.000120658,729965.0002415027,730440.9992682,731305.000017543,731782.000240288,731910.9997929388,732208.0000745831,744508.0000808595
708778.9997982607,713259.9995418391,715604.9999059344,718578.0000288781,725942.000120658,730440.9992682,731305.000017543,731910.9997929388,732208.0000745831,744508.0000808595,748487.0009399515
708778.9997982607,713792.0004118622,715604.9999059344,718578.0000288781,725942.000120658,730440.9992682,731305.000017543,731910.9997929388,732208.0000745831,744508.0000808595,747955.0000699285
708778.9997982607,713623.0000050137,713792.0004118622,718578.0000288781,725942.000120658,730440.9992682,731910.9997929388,732208.0000745831,733286.9999184638,744508.0000808595,747955.0000699285
708778.9997982607,713623.0000050137,718578.0000288781,721330.0002609004,725942.000120658,730440.9992682,731910.9997929388,732208.0000745831,733286.9999184638,740417.0002208903,744508.0000808595
708778.9997982607,713623.0000050137,718067.9998735702,718578.0000288781,721330.0002609004,725942.000120658,730440.9992682,731910.9997929388,740417.0002208903,744508.0000808595,747427.0001194766
713623.0000050137,718067.9998735702,718578.0000288781,721330.0002609004,723210.9997974082,725942.000120658,730440.9992682,731910.9997929388,732995.0001203291,740417.0002208903,744508.0000808595
713623.0000050137,718067.9998735702,719937.9997584289,721330.0002609004,723210.9997974082,725942.000120658,730440.9992682,730551.0000633881,732995.0001203291,740417.0002208903,744508.0000808595
713623.0000050137,718067.9998735702,719937.9997584289,721330.0002609004,721961.0002141848,727191.9997038814,730440.9992682,730551.0000633881,732995.0001203291,740417.0002208903,744508.0000808595
713623.0000050137,718067.9998735702,719937.9997584289,721961.0002141848,725538.9999312144,727191.9997038814,730440.9992682,730551.0000633881,732995.0001203291,736208.0005505763,744508.0000808595
713261.9999749338,713623.0000050137,719937.9997584289,721961.0002141848,725538.9999312144,727191.9997038814,730440.9992682,732995.0001203291,735356.9999620245,736208.0005505763,744508.0000808595
713623.0000050137,714238.9999384652,718960.9997948974,721961.0002141848,725538.9999312144,727191.9997038814,730440.9992682,732995.0001203291,735356.9999620245,736208.0005505763,744508.0000808595
713623.0000050137,714238.9999384652,719571.9997934854,721961.0002141848,725538.9999312144,727191.9997038814,730440.9992682,732384.0001217411,735356.9999620245,736208.0005505763,744508.0000808595
714238.9999384652,715259.0000653974,719571.9997934854,721961.0002141848,725538.9999312144,727191.9997038814,730440.9992682,730748.0000613574,735356.9999620245,736208.0005505763,744508.0000808595
714238.9999384652,714851.0007561919,715259.0000653974,719571.9997934854,721961.0002141848,727191.9997038814,730440.9992682,730748.0000613574,735356.9999620245,744508.0000808595,746895.9997255987
714238.9999384652,715259.0000653974,716396.9997730262,719571.9997934854,721961.0002141848,727191.9997038814,728895.0002513657,730748.0000613574,735356.9999620245,744508.0000808595,746895.9997255987
714238.9999384652,715259.0000653974,718998.9999474883,719571.9997934854,721961.0002141848,727191.9997038814,728895.0002513657,730748.0000613574,735356.9999620245,744293.9995511366,744508.0000808595
714238.9999384652,715259.0000653974,718738.000092964,718998.9999474883,719571.9997934854,721961.0002141848,728895.0002513657,735356.9999620245,739201.9996722748,744293.9995511366,744508.0000808595
708671.0000698514,714238.9999384652,718738.000092964,718998.9999474883,719571.9997934854,728549.0002097307,728895.0002513657,735356.9999620245,739201.9996722748,744293.9995511366,744508.0000808595
708671.0000698514,714238.9999384652,718998.9999474883,719571.9997934854,719936.0000180887,728549.0002097307,728895.0002513657,735356.9999620245,738003.9997471501,744293.9995511366,744508.0000808595
708671.0000698514,714238.9999384652,718998.9999474883,719571.9997934854,725795.0001193541,728549.0002097307,728895.0002513657,729497.9998607591,738003.9997471501,744293.9995511366,744508.0000808595
708671.0000698514,714238.9999384652,718998.9999474883,719341.9998206848,719571.9997934854,725795.0001193541,728895.0002513657,729497.9998607591,744293.9995511366,744508.0000808595,747211.000136196
708671.0000698514,714238.9999384652,716160.000117893,718998.9999474883,719341.9998206848,719571.9997934854,725795.0001193541,729497.9998607591,744293.9995511366,747211.000136196,757243.0002143322
708671.0000698514,714238.9999384652,716160.000117893,718998.9999474883,719571.9997934854,725357.9999435578,725795.0001193541,729497.9998607591,741195.000013323,744293.9995511366,757243.0002143322
708671.0000698514,713830.9998007035,714238.9999384652,716160.000117893,718998.9999474883,719571.9997934854,725795.0001193541,729497.9998607591,744293.9995511366,752722.0001561773,757243.0002143322
693114.0000335264,713830.9998007035,714238.9999384652,716160.000117893,718998.9999474883,725795.0001193541,729497.9998607591,735128.9998298103,744293.9995511366,752722.0001561773,757243.0002143322
693114.0000335264,713830.9998007035,715160.9999830676,716160.000117893,718998.9999474883,724873.0000747517,729497.9998607591,735128.9998298103,744293.9995511366,752722.0001561773,757243.0002143322
693114.0000335264,712831.0003037676,713830.9998007035,715160.9999830676,716160.000117893,724873.0000747517,729497.9998607591,735128.9998298103,744293.9995511366,752722.0001561773,763410.9998580529
693114.0000335264,712831.0003037676,713785.0001670922,715160.9999830676,716160.000117893,724873.0000747517,729497.9998607591,735128.9998298103,744293.9995511366,752767.9997897886,763410.9998580529
712831.0003037676,713785.0001670922,715160.9999830676,716160.000117893,722142.9999683301,723738.9998549849,724873.0000747517,729497.9998607591,735128.9998298103,744293.9995511366,763410.9998580529
713108.0002913271,713785.0001670922,715160.9999830676,715883.0001303335,722142.9999683301,723738.9998549849,724873.0000747517,729497.9998607591,735128.9998298103,744293.9995511366,763410.9998580529
713108.0002913271,715160.9999830676,715883.0001303335,716438.0000763152,721085.9999457619,722142.9999683301,724873.0000747517,729497.9998607591,735128.9998298103,744293.9995511366,763410.9998580529
713108.0002913271,715160.9999830676,715883.0001303335,716438.0000763152,721085.9999457619,722202.9997859333,724873.0000747517,729497.9998607591,735069.0000122072,744293.9995511366,763410.9998580529
706757.0003340575,713108.0002913271,715160.9999830676,715883.0001303335,722202.9997859333,724873.0000747517,729497.9998607591,730766.9996880196,735069.0000122072,744293.9995511366,763410.9998580529
706757.0003340575,713108.0002913271,715160.9999830676,715883.0001303335,719190.9996425464,722202.9997859333,724873.0000747517,729497.9998607591,744293.9995511366,746645.0000576804,763410.9998580529
706757.0003340575,713108.0002913271,713829.999949566,715883.0001303335,719190.9996425464,723533.999819435,724873.0000747517,729497.9998607591,744293.9995511366,746645.0000576804,763410.9998580529
698431.0003838763,713108.0002913271,713829.999949566,715883.0001303335,723533.999819435,724873.0000747517,727516.9995927275,729497.9998607591,744293.9995511366,746645.0000576804,763410.9998580529
698431.0003838763,712598.0000611866,713108.0002913271,715883.0001303335,723533.999819435,726104.999963131,727516.9995927275,729497.9998607591,744293.9995511366,746645.0000576804,763410.9998580529
698431.0003838763,712598.0000611866,712832.999960894,713108.0002913271,715883.0001303335,727516.9995927275,729497.9998607591,736805.999821672,744293.9995511366,746645.0000576804,763410.9998580529
710127.0000875867,712598.0000611866,712832.999960894,713108.0002913271,715820.9998890171,715883.0001303335,729497.9998607591,736805.999821672,744293.9995511366,746645.0000576804,763410.9998580529
710127.0000875867,712598.0000611866,712832.999960894,713108.0002913271,715820.9998890171,715883.0001303335,716979.9999694971,736805.999821672,744293.9995511366,759162.9999489425,763410.9998580529
710127.0000875867,712598.0000611866,713108.0002913271,715820.9998890171,715883.0001303335,716979.9999694971,721474.99992221,728163.999860356,744293.9995511366,759162.9999489425,763410.9998580529
702271.0001326164,710127.0000875867,713108.0002913271,715820.9998890171,716979.9999694971,721474.99992221,726210.0000589036,728163.999860356,744293.9995511366,759162.9999489425,763410.9998580529
702271.0001326164,710127.0000875867,715073.9999514632,715820.9998890171,716979.9999694971,721474.99992221,726210.0000589036,728163.999860356,742327.9998910006,759162.9999489425,763410.9998580529
710127.0000875867,713489.0001882834,715073.9999514632,715820.9998890171,716945.999804689,716979.9999694971,721474.99992221,726210.0000589036,742327.9998910006,759162.9999489425,763410.9998580529
710127.0000875867,711845.0002568974,713489.0001882834,715073.9999514632,715820.9998890171,716945.999804689,721474.99992221,731344.9997715033,742327.9998910006,759162.9999489425,763410.9998580529
710127.0000875867,713489.0001882834,715073.9999514632,715820.9998890171,716945.999804689,721474.99992221,731344.9997715033,732610.0002233356,738397.9999825044,742327.9998910006,763410.9998580529
710127.0000875867,713489.0001882834,715073.9999514632,715820.9998890171,716301.9998337007,716945.999804689,721474.99992221,738397.9999825044,742327.9998910006,747653.0001611381,763410.9998580529
713489.0001882834,715073.9999514632,715820.9998890171,716301.9998337007,716945.999804689,721157.9997872326,721474.99992221,727367.0002828585,742327.9998910006,747653.0001611381,763410.9998580529
713489.0001882834,714433.0002718196,715073.9999514632,715820.9998890171,716301.9998337007,716945.999804689,721474.99992221,734091.9997982715,742327.9998910006,747653.0001611381,763410.9998580529
713489.0001882834,714433.0002718196,715820.9998890171,716301.9998337007,716945.999804689,717686.999606985,721474.99992221,734091.9997982715,739715.0002354787,747653.0001611381,763410.9998580529
712497.9999143044,714433.0002718196,715820.9998890171,716945.999804689,717293.0001076797,717686.999606985,721474.99992221,734091.9997982715,739715.0002354787,747653.0001611381,763410.9998580529
712497.9999143044,714433.0002718196,716945.999804689,717293.0001076797,717686.999606985,720752.9998139004,721474.99992221,729159.9998733881,739715.0002354787,747653.0001611381,763410.9998580529
712497.9999143044,714433.0002718196,716945.999804689,717686.999606985,720752.9998139004,721474.99992221,729159.9998733881,735411.0001960319,739715.0002354787,745292.9997697008,747653.0001611381
712497.9999143044,714433.0002718196,716945.999804689,717686.999606985,720752.9998139004,721474.99992221,728749.0000456597,729159.9998733881,739715.0002354787,747653.0001611381,751954.999920073
712497.9999143044,714433.0002718196,714870.9997629351,717686.999606985,720752.9998139004,723549.9999639639,728749.0000456597,729159.9998733881,739715.0002354787,747653.0001611381,751954.999920073
712497.9999143044,714433.0002718196,714870.9997629351,715427.9999014222,717686.999606985,723549.9999639639,728749.0000456597,729159.9998733881,739715.0002354787,751954.999920073,752978.0000736164
712497.9999143044,714433.0002718196,714870.9997629351,715105.9998629122,717686.999606985,723549.9999639639,728749.0000456597,729481.999911898,739715.0002354787,751954.999920073,752978.0000736164
714433.0002718196,714870.9997629351,715105.9998629122,715381.999831531,717686.999606985,723549.9999639639,728749.0000456597,729481.999911898,739715.0002354787,750094.0001563898,751954.999920073
714433.0002718196,714870.9997629351,715105.9998629122,715381.999831531,717686.999606985,723549.9999639639,726236.0001674255,728749.0000456597,739715.0002354787,751954.999920073,753339.9999008623
714870.9997629351,715105.9998629122,715381.999831531,717686.999606985,723549.9999639639,726122.9998925664,726236.0001674255,728749.0000456597,739715.0002354787,741650.0002801156,751954.999920073
714870.9997629351,715105.9998629122,715381.999831531,717686.999606985,723549.9999639639,726236.0001674255,728749.0000456597,733462.99993339,734310.000239292,739715.0002354787,751954.999920073
714870.9997629351,715105.9998629122,715381.999831531,717686.999606985,718562.9999034569,726236.0001674255,728749.0000456597,734310.000239292,738449.9999938969,739715.0002354787,751954.999920073
714660.0001605417,714870.9997629351,715105.9998629122,717686.999606985,718562.9999034569,726957.9998384146,728749.0000456597,734310.000239292,738449.9999938969,739715.0002354787,751954.999920073
714660.0001605417,715105.9998629122,717686.999606985,718562.9999034569,725774.9997316857,726957.9998384146,727546.0000251463,728749.0000456597,734310.000239292,739715.0002354787,751954.999920073
703924.9999188777,715105.9998629122,717686.999606985,725774.9997316857,726957.9998384146,727546.0000251463,728749.0000456597,729298.0001451209,734310.000239292,739715.0002354787,751954.999920073
703924.9999188777,715105.9998629122,717686.999606985,726957.9998384146,727096.9998712493,727546.0000251463,728749.0000456597,729298.0001451209,734310.000239292,739715.0002354787,750632.9997805094
703924.9999188777,715105.9998629122,717686.999606985,726957.9998384146,727096.9998712493,728749.0000456597,729298.0001451209,730746.0000446999,734310.000239292,739715.0002354787,747432.9997609558
703924.9999188777,715105.9998629122,717686.999606985,726957.9998384146,727096.9998712493,728749.0000456597,729298.0001451209,734310.000239292,735666.0000230292,739715.0002354787,742512.9997826265
703924.9999188777,715105.9998629122,717686.999606985,726957.9998384146,727096.9998712493,728749.0000456597,731649.0002293667,731959.0001550462,735666.0000230292,739715.0002354787,742512.9997826265
703924.9999188777,717686.999606985,719666.9997930117,726957.9998384146,727088.0002992672,727096.9998712493,728749.0000456597,731959.0001550462,735666.0000230292,739715.0002354787,742512.9997826265
703924.9999188777,716285.999542021,719666.9997930117,726957.9998384146,727088.0002992672,727096.9998712493,728749.0000456597,731959.0001550462,735666.0000230292,741116.0003004428,742512.9997826265
703924.9999188777,716285.999542021,719666.9997930117,725900.0001247921,727088.0002992672,727096.9998712493,728749.0000456597,733016.9998686687,735666.0000230292,741116.0003004428,742512.9997826265
713883.9999733286,716285.999542021,717137.9998167984,719666.9997930117,725900.0001247921,727088.0002992672,728749.0000456597,733016.9998686687,735666.0000230292,741116.0003004428,742512.9997826265
705882.9994195828,717137.9998167984,719666.9997930117,724287.0000957667,725900.0001247921,727088.0002992672,728749.0000456597,733016.9998686687,735666.0000230292,741116.0003004428,742512.9997826265
705882.9994195828,717137.9998167984,719666.9997930117,722098.9999077835,725900.0001247921,727088.0002992672,730937.000233643,733016.9998686687,735666.0000230292,741116.0003004428,742512.9997826265
705882.9994195828,719666.9997930117,722098.9999077835,724876.9998882767,725277.9997971904,725900.0001247921,727088.0002992672,730937.000233643,735666.0000230292,741116.0003004428,742512.9997826265
705882.9994195828,715440.9998702579,719666.9997930117,722098.9999077835,724876.9998882767,727088.0002992672,730937.000233643,735666.0000230292,735737.0000517246,741116.0003004428,742512.9997826265
715440.9998702579,716452.0002453333,719666.9997930117,722098.9999077835,724876.9998882767,727088.0002992672,730546.9994746922,730937.000233643,735666.0000230292,735737.0000517246,742512.9997826265
715440.9998702579,717466.0000016626,719666.9997930117,721085.0001514541,724876.9998882767,727088.0002992672,730546.9994746922,730937.000233643,735666.0000230292,735737.0000517246,742512.9997826265
715450.0000195976,717466.0000016626,719666.9997930117,721085.0001514541,724876.9998882767,727088.0002992672,730546.9994746922,730928.0000843033,735666.0000230292,735737.0000517246,742512.9997826265
715450.0000195976,717468.9999591022,719666.9997930117,721082.0001940145,724876.9998882767,727088.0002992672,730546.9994746922,730928.0000843033,735666.0000230292,735737.0000517246,742512.9997826265
715454.9999401835,717468.9999591022,719666.9997930117,721082.0001940145,724871.9999676908,727088.0002992672,730546.9994746922,730928.0000843033,735666.0000230292,735737.0000517246,742512.9997826265
715454.9999401835,719666.9997930117,721082.0001940145,722864.9998829027,724871.9999676908,725532.0001605029,727088.0002992672,730546.9994746922,735666.0000230292,735737.0000517246,742512.9997826265
713008.0002089494,715454.9999401835,721082.0001940145,722864.9998829027,724871.9999676908,725532.0001605029,730546.9994746922,733746.9998833295,735666.0000230292,735737.0000517246,742512.9997826265
700196.9999610733,713008.0002089494,721082.0001940145,724871.9999676908,725532.0001605029,730546.9994746922,733746.9998833295,735666.0000230292,735737.0000517246,738122.9998620129,742512.9997826265
700196.9999610733,713008.0002089494,721082.0001940145,725532.0001605029,727329.0000610036,730546.9994746922,733279.9999584118,733746.9998833295,735666.0000230292,738122.9998620129,742512.9997826265
700196.9999610733,713008.0002089494,719239.999902274,721082.0001940145,727329.0000610036,733279.9999584118,733746.9998833295,735666.0000230292,736838.999732921,738122.9998620129,742512.9997826265
713008.0002089494,713301.9997730823,719239.999902274,720175.0001464027,721082.0001940145,727329.0000610036,733746.9998833295,735666.0000230292,736838.999732921,738122.9998620129,742512.9997826265
713301.9997730823,716665.0003170224,719239.999902274,720175.0001464027,721082.0001940145,727329.0000610036,730089.9997752565,735666.0000230292,736838.999732921,738122.9998620129,742512.9997826265
713301.9997730823,716665.0003170224,718372.000245485,719239.999902274,721082.0001940145,727329.0000610036,730089.9997752565,736838.999732921,737468.9999239469,738122.9998620129,742512.9997826265
708609.9996673741,713301.9997730823,718372.000245485,719239.999902274,721082.0001940145,727329.0000610036,736838.999732921,737468.9999239469,738122.9998620129,738145.0004249049,742512.9997826265
708609.9996673741,713301.9997730823,719041.0001805089,719239.999902274,721082.0001940145,727329.0000610036,736799.999988923,736838.999732921,738122.9998620129,738145.0004249049,742512.9997826265
708609.9996673741,709628.9997850236,719239.999902274,721082.0001940145,722714.0001685676,727329.0000610036,736799.999988923,736838.999732921,738122.9998620129,738145.0004249049,742512.9997826265
708609.9996673741,709628.9997850236,714695.0000986004,719239.999902274,721082.0001940145,722714.0001685676,727329.0000610036,736838.999732921,738145.0004249049,742512.9997826265,760227.9997523355
709628.9997850236,714695.0000986004,717986.999854774,719239.999902274,721082.0001940145,722714.0001685676,727329.0000610036,728768.000237505,736838.999732921,742512.9997826265,760227.9997523355
709628.9997850236,714695.0000986004,717986.999854774,718365.999875971,719239.999902274,721082.0001940145,727329.0000610036,728768.000237505,741187.0000255177,742512.9997826265,760227.9997523355
706078.9998785417,714695.0000986004,717986.999854774,718365.999875971,719239.999902274,721082.0001940145,728768.000237505,730878.9999674854,741187.0000255177,742512.9997826265,760227.9997523355
713986.999864497,714695.0000986004,717986.999854774,718365.999875971,719239.999902274,721082.0001940145,722970.9999815301,728768.000237505,741187.0000255177,742512.9997826265,760227.9997523355
700125.999984401,713986.999864497,714695.0000986004,717986.999854774,721082.0001940145,722970.9999815301,728768.000237505,737479.999793844,741187.0000255177,742512.9997826265,760227.9997523355
713087.999808607,713986.999864497,714695.0000986004,717986.999854774,721082.0001940145,722970.9999815301,724517.999969638,728768.000237505,741187.0000255177,742512.9997826265,760227.9997523355
698061.0000368963,713986.999864497,717986.999854774,721082.0001940145,722970.9999815301,724517.999969638,728768.000237505,729721.9998703111,741187.0000255177,742512.9997826265,760227.9997523355
713986.999864497,717986.999854774,721082.0001940145,722970.9999815301,724517.999969638,727175.9999891917,728768.000237505,729721.9998703111,731112.9998000402,741187.0000255177,742512.9997826265
713986.999864497,717986.999854774,720870.0000364636,722970.9999815301,724730.0001271889,727175.9999891917,728768.000237505,729721.9998703111,731112.9998000402,741187.0000255177,742512.9997826265
713986.999864497,717986.999854774,720870.0000364636,722970.9999815301,724730.0001271889,727175.9999891917,727741.9998179814,728768.000237505,733092.9998523699,741187.0000255177,742512.9997826265
713713.0001897975,713986.999864497,720870.0000364636,722970.9999815301,724730.0001271889,727175.9999891917,727741.9998179814,733041.9999024814,733092.9998523699,741187.0000255177,742512.9997826265
713713.0001897975,713986.999864497,718677.9999195548,720870.0000364636,722970.9999815301,724730.0001271889,727741.9998179814,733041.9999024814,733092.9998523699,742512.9997826265,749685.0000951545
713713.0001897975,718677.9999195548,720870.0000364636,722970.9999815301,724730.0001271889,726158.9999770077,727741.9998179814,733041.9999024814,733092.9998523699,737512.9999826439,742512.9997826265
713713.0001897975,718677.9999195548,719716.9997950117,720870.0000364636,722970.9999815301,726158.9999770077,732755.0001501585,733041.9999024814,733092.9998523699,737512.9999826439,742512.9997826265
712936.9998114704,713713.0001897975,718677.9999195548,722970.9999815301,726158.9999770077,727650.0000200049,732755.0001501585,733041.9999024814,733092.9998523699,737512.9999826439,742512.9997826265
712936.9998114704,713713.0001897975,718677.9999195548,723703.9997544265,726158.9999770077,727650.0000200049,732755.0001501585,733041.9999024814,733092.9998523699,736780.0002097476,742512.9997826265
712936.9998114704,713713.0001897975,718677.9999195548,721234.9999623878,723703.9997544265,727650.0000200049,733041.9999024814,733092.9998523699,736780.0002097476,737679.0001647784,742512.9997826265
712936.9998114704,713713.0001897975,715659.9998836322,721234.9999623878,723703.9997544265,727650.0000200049,733041.9999024814,733092.9998523699,736780.0002097476,737679.0001647784,745530.9998185491
712936.9998114704,713713.0001897975,717380.9998881947,721234.9999623878,723703.9997544265,727650.0000200049,733041.9999024814,733092.9998523699,736780.0002097476,737679.0001647784,743809.9998139866
712936.9998114704,713713.0001897975,717895.9999853115,721234.9999623878,723703.9997544265,727650.0000200049,733041.9999024814,733092.9998523699,736265.0001126308,737679.0001647784,743809.9998139866
712936.9998114704,717895.9999853115,721234.9999623878,721337.0001360623,723703.9997544265,725417.9999562167,727650.0000200049,733092.9998523699,736265.0001126308,737679.0001647784,743809.9998139866
708365.9995636543,712936.9998114704,717895.9999853115,721337.0001360623,725417.9999562167,727650.0000200049,733092.9998523699,736265.0001126308,736573.0001531601,737679.0001647784,743809.9998139866
708365.9995636543,712936.9998114704,717107.0001245822,717895.9999853115,721337.0001360623,725417.9999562167,733092.9998523699,736265.0001126308,736573.0001531601,743809.9998139866,748222.0000602012
708365.9995636543,712936.9998114704,717107.0001245822,717895.9999853115,721337.0001360623,725417.9999562167,733922.0001667283,735743.9998388017,736265.0001126308,743809.9998139866,748222.0000602012
708365.9995636543,712936.9998114704,717895.9999853115,720550.0003739542,721337.0001360623,725417.9999562167,733922.0001667283,735743.9998388017,736265.0001126308,743809.9998139866,744778.9998108292
708365.9995636543,712936.9998114704,715860.9998215385,717895.9999853115,720550.0003739542,721337.0001360623,725417.9999562167,736265.0001126308,743809.9998139866,744778.9998108292,753805.0001839915
712850.9997449706,712936.9998114704,715860.9998215385,717895.9999853115,720550.0003739542,721337.0001360623,725417.9999562167,736265.0001126308,743809.9998139866,744778.9998108292,749320.0000026752
712850.9997449706,714703.0000131654,715860.9998215385,717895.9999853115,718784.0001722592,721337.0001360623,725417.9999562167,736265.0001126308,743809.9998139866,744778.9998108292,749320.0000026752
712850.9997449706,714703.0000131654,715860.9998215385,717895.9999853115,718784.0001722592,721337.0001360623,722646.0000492997,725417.9999562167,743809.9998139866,744778.9998108292,762939.0000660063
712850.9997449706,713287.0000411058,714703.0000131654,715860.9998215385,717895.9999853115,718784.0001722592,721337.0001360623,725417.9999562167,744778.9998108292,753168.9998221805,762939.0000660063
712858.9998709304,713287.0000411058,714703.0000131654,715860.9998215385,717895.9999853115,718784.0001722592,721337.0001360623,725417.9999562167,744778.9998108292,753168.9998221805,762930.9999400465
712858.9998709304,713287.0000411058,714703.0000131654,715860.9998215385,718784.0001722592,721337.0001360623,725417.9999562167,731455.9997149312,739609.0000925608,744778.9998108292,762930.9999400465
706078.0000373103,712858.9998709304,713287.0000411058,715860.9998215385,721337.0001360623,725417.9999562167,727409.0001481143,731455.9997149312,739609.0000925608,744778.9998108292,762930.9999400465
706078.0000373103,712829.0000441914,712858.9998709304,715860.9998215385,721337.0001360623,725417.9999562167,727409.0001481143,731455.9997149312,740067.0000894752,744778.9998108292,762930.9999400465
706078.0000373103,712858.9998709304,714553.0000409529,715860.9998215385,721337.0001360623,725417.9999562167,727409.0001481143,729731.9997181697,740067.0000894752,744778.9998108292,762930.9999400465
706078.0000373103,712858.9998709304,714553.0000409529,715860.9998215385,721337.0001360623,725057.9998304179,725417.9999562167,727409.0001481143,744740.999977227,744778.9998108292,762930.9999400465
706078.0000373103,712858.9998709304,713351.0000081313,715860.9998215385,721337.0001360623,725057.9998304179,725417.9999562167,727409.0001481143,744778.9998108292,745943.0000100486,762930.9999400465
712400.0002584821,712858.9998709304,713351.0000081313,715860.9998215385,721086.9999269425,721337.0001360623,725057.9998304179,725417.9999562167,744778.9998108292,745943.0000100486,762930.9999400465
712400.0002584821,712858.9998709304,713351.0000081313,715860.9998215385,719966.9998165745,721337.0001360623,725057.9998304179,725417.9999562167,745898.9999211972,745943.0000100486,762930.9999400465
712400.0002584821,712858.9998709304,715860.9998215385,716972.9997588053,719966.9998165745,721337.0001360623,721436.0000797439,725417.9999562167,745898.9999211972,745943.0000100486,762930.9999400465
712400.0002584821,712858.9998709304,715860.9998215385,716972.9997588053,719966.9998165745,721436.0000797439,722940.9999226509,723814.0001696281,745898.9999211972,745943.0000100486,762930.9999400465
712400.0002584821,712858.9998709304,715860.9998215385,716972.9997588053,719966.9998165745,720448.9999922045,721436.0000797439,726306.0001000745,745898.9999211972,745943.0000100486,762930.9999400465
712400.0002584821,715860.9998215385,716972.9997588053,719966.9998165745,720448.9999922045,721436.0000797439,722837.9997702469,726306.0001000745,745898.9999211972,745943.0000100486,752952.00004073
712400.0002584821,715300.9998837337,715860.9998215385,716972.9997588053,720448.9999922045,721436.0000797439,722837.9997702469,726306.0001000745,745943.0000100486,750564.9998540381,752952.00004073
705250.9999671454,715860.9998215385,716972.9997588053,720448.9999922045,721436.0000797439,722450.0001750704,722837.9997702469,726306.0001000745,745943.0000100486,750564.9998540381,752952.00004073
713839.999983308,715860.9998215385,716972.9997588053,720448.9999922045,721436.0000797439,722450.0001750704,722837.9997702469,726306.0001000745,741975.9998378755,745943.0000100486,752952.00004073
713839.999983308,714793.9998029491,716972.9997588053,720448.9999922045,721436.0000797439,722450.0001750704,723904.9997888362,726306.0001000745,741975.9998378755,745943.0000100486,752952.00004073
707530.9999654831,713839.999983308,714793.9998029491,720448.9999922045,722450.0001750704,723904.9997888362,726306.0001000745,730877.9998730662,741975.9998378755,745943.0000100486,752952.00004073
707530.9999654831,710987.9997390995,713839.999983308,720448.9999922045,722450.0001750704,726306.0001000745,727710.9998526858,730877.9998730662,741975.9998378755,745943.0000100486,752952.00004073
710987.9997390995,713839.999983308,714765.9999337326,720448.9999922045,722450.0001750704,726306.0001000745,727710.9998526858,730877.9998730662,741975.9998378755,745717.0000724805,745943.0000100486
713839.999983308,714765.9999337326,718829.999850954,720448.9999922045,722450.0001750704,726306.0001000745,727710.9998526858,730877.9998730662,737874.999960626,741975.9998378755,745943.0000100486
713839.999983308,714765.9999337326,716733.9999982358,720448.9999922045,722450.0001750704,726306.0001000745,727710.9998526858,730877.9998730662,739970.9998133443,741975.9998378755,745943.0000100486
711647.0000657684,713839.999983308,714765.9999337326,716733.9999982358,722450.0001750704,727710.9998526858,730877.9998730662,735108.0000265106,739970.9998133443,741975.9998378755,745943.0000100486
711647.0000657684,713839.999983308,716733.9999982358,722450.0001750704,724432.0000425954,727710.9998526858,730877.9998730662,735108.0000265106,736276.9999011857,739970.9998133443,741975.9998378755
711647.0000657684,716567.9998587358,716733.9999982358,722450.0001750704,724432.0000425954,727710.9998526858,730877.9998730662,735108.0000265106,736276.9999011857,739247.9999624477,739970.9998133443
711647.0000657684,716279.0000325833,716567.9998587358,722450.0001750704,724432.0000425954,728165.9998183384,730877.9998730662,735108.0000265106,736276.9999011857,739247.9999624477,739970.9998133443
711647.0000657684,715265.9998803764,716279.0000325833,716567.9998587358,722450.0001750704,728165.9998183384,730877.9998730662,735108.0000265106,739247.9999624477,739970.9998133443,745443.0000634048
711647.0000657684,714427.9998015667,715265.9998803764,716279.0000325833,722450.0001750704,728165.9998183384,730877.9998730662,735108.0000265106,739970.9998133443,741388.0000196168,745443.0000634048
714427.9998015667,715265.9998803764,716279.0000325833,721143.9999468047,722450.0001750704,728165.9998183384,730473.999932308,730877.9998730662,735108.0000265106,741388.0000196168,745443.0000634048
714427.9998015667,716279.0000325833,718203.9998983773,721143.9999468047,722450.0001750704,725227.9998003375,730473.999932308,730877.9998730662,735108.0000265106,741388.0000196168,745443.0000634048
714427.9998015667,715460.9998551435,718203.9998983773,721143.9999468047,722450.0001750704,725227.9998003375,730473.999932308,730877.9998730662,735108.0000265106,742206.0001970566,745443.0000634048
698808.9998008485,714427.9998015667,715460.9998551435,722450.0001750704,725227.9998003375,730473.999932308,730877.9998730662,735108.0000265106,740539.0000443335,742206.0001970566,745443.0000634048
698808.9998008485,714804.9994801827,715084.0001765275,722450.0001750704,725227.9998003375,730473.999932308,730877.9998730662,735108.0000265106,740539.0000443335,742206.0001970566,745443.0000634048
698808.9998008485,714804.9994801827,715084.0001765275,722450.0001750704,725227.9998003375,730551.9998495843,730877.9998730662,735030.0001092342,740539.0000443335,742206.0001970566,745443.0000634048
714804.9994801827,715084.0001765275,719816.0000667358,721198.9999311693,722450.0001750704,725227.9998003375,730551.9998495843,730877.9998730662,735030.0001092342,740539.0000443335,745443.0000634048
703714.0000835926,714804.9994801827,719816.0000667358,721198.9999311693,725227.9998003375,730551.9998495843,730877.9998730662,733820.0002680053,735030.0001092342,740539.0000443335,745443.0000634048
703714.0000835926,705646.9998975111,714804.9994801827,719816.0000667358,730551.9998495843,730877.9998730662,733820.0002680053,735030.0001092342,740539.0000443335,740779.9998339957,745443.0000634048
703714.0000835926,705646.9998975111,712957.0001762811,714804.9994801827,730551.9998495843,730877.9998730662,735030.0001092342,740539.0000443335,740679.00015846,740779.9998339957,745443.0000634048
703714.0000835926,705646.9998975111,712957.0001762811,714804.9994801827,718106.9999803873,730551.9998495843,735030.0001092342,740539.0000443335,740679.00015846,745443.0000634048,753550.9997266746
703714.0000835926,705646.9998975111,714804.9994801827,718106.9999803873,719987.0001380009,730551.9998495843,733649.0001967401,735030.0001092342,740539.0000443335,745443.0000634048,753550.9997266746
703714.0000835926,707857.0000277731,714804.9994801827,717777.0000077389,718106.9999803873,730551.9998495843,733649.0001967401,735030.0001092342,740539.0000443335,745443.0000634048,753550.9997266746
703714.0000835926,707857.0000277731,714804.9994801827,718106.9999803873,728349.0001445839,730551.9998495843,733649.0001967401,734870.9999265599,735030.0001092342,740539.0000443335,753550.9997266746
703714.0000835926,707857.0000277731,714804.9994801827,716149.9995682416,728349.0001445839,730551.9998495843,733649.0001967401,734870.9999265599,735030.0001092342,740539.0000443335,755508.0001388203
703714.0000835926,707857.0000277731,714804.9994801827,723706.9999296244,728349.0001445839,730551.9998495843,733649.0001967401,734870.9999265599,735030.0001092342,740539.0000443335,747950.9997774375
703714.0000835926,707857.0000277731,714804.9994801827,718357.9998036209,728349.0001445839,730551.9998495843,733649.0001967401,734870.9999265599,735030.0001092342,740539.0000443335,753299.9999034412
703714.0000835926,707857.0000277731,714804.9994801827,716412.9998211178,718357.9998036209,728349.0001445839,730551.9998495843,733649.0001967401,735030.0001092342,753299.9999034412,758997.0001497755
703714.0000835926,707857.0000277731,714804.9994801827,716412.9998211178,728349.0001445839,730362.0000095093,730551.9998495843,733649.0001967401,735030.0001092342,741295.9996975528,758997.0001497755
703714.0000835926,707857.0000277731,714804.9994801827,716412.9998211178,721625.0003140041,728349.0001445839,730362.0000095093,733649.0001967401,741295.9996975528,743956.9996448144,758997.0001497755
703714.0000835926,707857.0000277731,714262.9999814946,714804.9994801827,721625.0003140041,728349.0001445839,730362.0000095093,733649.0001967401,741295.9996975528,743956.9996448144,761146.9999893988
703714.0000835926,707857.0000277731,714262.9999814946,714804.9994801827,718866.000145661,728349.0001445839,730362.0000095093,733649.0001967401,741295.9996975528,746715.9998131576,761146.9999893988
703714.0000835926,707857.0000277731,714262.9999814946,714804.9994801827,715909.0000902739,728349.0001445839,730362.0000095093,733649.0001967401,741295.9996975528,749672.9998685446,761146.9999893988
703714.0000835926,707857.0000277731,714804.9994801827,715909.0000902739,718649.0001807522,728349.0001445839,730362.0000095093,733649.0001967401,741295.9996975528,749672.9998685446,756760.9997901411
703714.0000835926,707857.0000277731,714804.9994801827,715909.0000902739,718649.0001807522,728349.0001445839,733649.0001967401,738912.0001407336,741295.9996975528,748210.9996589168,749672.9998685446
703714.0000835926,707857.0000277731,713414.9999371205,714804.9994801827,715909.0000902739,718649.0001807522,733649.0001967401,738912.0001407336,741295.9996975528,749672.9998685446,763144.9998663802
703714.0000835926,707857.0000277731,713414.9999371205,714804.9994801827,715909.0000902739,733649.0001967401,738714.0002772065,738912.0001407336,741295.9996975528,743079.9997699261,749672.9998685446
703714.0000835926,707857.0000277731,713414.9999371205,715909.0000902739,720964.9998937759,727488.9997831469,738714.0002772065,738912.0001407336,741295.9996975528,743079.9997699261,749672.9998685446
703714.0000835926,707857.0000277731,713414.9999371205,715909.0000902739,720964.9998937759,727488.9997831469,737694.9997509549,738714.0002772065,742513.0000873314,743079.9997699261,749672.9998685446
703714.0000835926,707372.0000108256,713414.9999371205,715909.0000902739,721449.9999107234,727488.9997831469,737694.9997509549,738714.0002772065,742513.0000873314,743079.9997699261,749672.9998685446
703714.0000835926,707372.0000108256,715909.0000902739,717933.0002032511,721449.9999107234,727488.9997831469,737694.9997509549,737994.9998212007,738714.0002772065,743079.9997699261,749672.9998685446
703714.0000835926,707372.0000108256,715909.0000902739,717933.0002032511,721698.0002289276,727488.9997831469,737694.9997509549,737994.9998212007,738465.9999590024,743079.9997699261,749672.9998685446
703714.0000835926,707372.0000108256,713738.0000012207,715909.0000902739,721698.0002289276,727488.9997831469,737694.9997509549,738465.9999590024,742190.0000232311,743079.9997699261,749672.9998685446
703714.0000835926,707372.0000108256,713738.0000012207,715909.0000902739,717730.0001043874,727488.9997831469,737694.9997509549,738465.9999590024,742190.0000232311,747047.9998944663,749672.9998685446
703714.0000835926,707372.0000108256,710835.0000836961,713738.0000012207,722804.0001109652,727488.9997831469,737694.9997509549,738465.9999590024,742190.0000232311,747047.9998944663,749672.9998685446
703714.0000835926,710835.0000836961,713738.0000012207,713971.0000923624,720889.9997016101,722804.0001109652,737694.9997509549,738465.9999590024,742190.0000232311,747047.9998944663,749672.9998685446
703714.0000835926,710835.0000836961,713738.0000012207,713971.0000923624,719284.0001469518,722804.0001109652,737694.9997509549,740071.9995136607,742190.0000232311,747047.9998944663,749672.9998685446
703714.0000835926,710835.0000836961,713971.0000923624,719056.0001190883,719284.0001469518,722804.0001109652,737694.9997509549,740071.9995136607,741729.9997765986,742190.0000232311,749672.9998685446
703714.0000835926,710835.0000836961,713971.0000923624,719284.0001469518,720609.0000438334,722804.0001109652,737694.9997509549,740071.9995136607,740637.0000984861,741729.9997765986,749672.9998685446
710835.0000836961,713971.0000923624,715937.0000482585,719284.0001469518,720609.0000438334,722804.0001109652,727848.9995489948,737694.9997509549,740637.0000984861,741729.9997765986,749672.9998685446
710835.0000836961,713971.0000923624,715937.0000482585,719284.0001469518,720609.0000438334,725072.9997481155,727848.9995489948,737694.9997509549,740637.0000984861,741729.9997765986,747404.0002313943
710835.0000836961,713971.0000923624,716571.9995852697,719284.0001469518,720609.0000438334,725072.9997481155,727214.0000119836,737694.9997509549,740637.0000984861,741729.9997765986,747404.0002313943
703189.9999316899,710835.0000836961,713971.0000923624,720609.0000438334,725072.9997481155,727214.0000119836,732665.9998005315,737694.9997509549,740637.0000984861,741729.9997765986,747404.0002313943
703189.9999316899,711998.0002716356,713971.0000923624,720609.0000438334,723909.999560176,727214.0000119836,732665.9998005315,737694.9997509549,740637.0000984861,741729.9997765986,747404.0002313943
703189.9999316899,711998.0002716356,713971.0000923624,723909.999560176,727214.0000119836,729362.0000934191,731884.0000489004,732665.9998005315,737694.9997509549,741729.9997765986,747404.0002313943
691160.0000640893,711998.0002716356,723909.999560176,726000.999959963,727214.0000119836,729362.0000934191,731884.0000489004,732665.9998005315,737694.9997509549,741729.9997765986,747404.0002313943
691160.0000640893,700016.9993959371,726000.999959963,727214.0000119836,729362.0000934191,731884.0000489004,732665.9998005315,735891.0004358746,737694.9997509549,741729.9997765986,747404.0002313943
691160.0000640893,700016.9993959371,722627.999950552,726000.999959963,729362.0000934191,731884.0000489004,735891.0004358746,737251.9998619631,737694.9997509549,741729.9997765986,747404.0002313943
691160.0000640893,700016.9993959371,722627.999950552,725146.0001009846,726000.999959963,735891.0004358746,736100.0000413349,737251.9998619631,737694.9997509549,741729.9997765986,747404.0002313943
700016.9993959371,707135.9998490871,721276.0000769653,722627.999950552,725146.0001009846,726000.999959963,735891.0004358746,736100.0000413349,737694.9997509549,741729.9997765986,747404.0002313943
700016.9993959371,707135.9998490871,717403.9997331242,721276.0000769653,722627.999950552,725146.0001009846,726000.999959963,735891.0004358746,741729.9997765986,747404.0002313943,756391.0000591656
700016.9993959371,706919.0002144916,707135.9998490871,721276.0000769653,722627.999950552,726000.999959963,735630.9996196171,735891.0004358746,741729.9997765986,747404.0002313943,756391.0000591656
700016.9993959371,706919.0002144916,707135.9998490871,721276.0000769653,723628.9998219772,725000.0000885379,735630.9996196171,735891.0004358746,741729.9997765986,747404.0002313943,756391.0000591656
700016.9993959371,706919.0002144916,707135.9998490871,716621.999691429,721276.0000769653,732007.0002190862,735630.9996196171,735891.0004358746,741729.9997765986,747404.0002313943,756391.0000591656
700016.9993959371,706919.0002144916,707135.9998490871,713851.9995940858,716621.999691429,732007.0002190862,735891.0004358746,741729.9997765986,743055.0001024966,747404.0002313943,756391.0000591656
700016.9993959371,706919.0002144916,706984.9998269646,713851.9995940858,716772.9997135515,732007.0002190862,735891.0004358746,741729.9997765986,743055.0001024966,747404.0002313943,756391.0000591656
700016.9993959371,706919.0002144916,706984.9998269646,714917.0000830338,716772.9997135515,732007.0002190862,735891.0004358746,741729.9997765986,741989.9996135486,747404.0002313943,756391.0000591656
700016.9993959371,706919.0002144916,706984.9998269646,710775.9999717958,716772.9997135515,735891.0004358746,736148.0003303242,741729.9997765986,741989.9996135486,747404.0002313943,756391.0000591656
706919.0002144916,706984.9998269646,710775.9999717958,713745.9996486728,716772.9997135515,722162.0001831388,736148.0003303242,741729.9997765986,741989.9996135486,747404.0002313943,756391.0000591656
706984.9998269646,710775.9999717958,713745.9996486728,716409.9998436989,716772.9997135515,722162.0001831388,732239.0001473913,736148.0003303242,741989.9996135486,747404.0002313943,756391.0000591656
706984.9998269646,713745.9996486728,716409.9998436989,716772.9997135515,719050.0000108548,722162.0001831388,732239.0001473913,733715.9995744897,736148.0003303242,747404.0002313943,756391.0000591656
706984.9998269646,713745.9996486728,716409.9998436989,716772.9997135515,722162.0001831388,723539.0003639711,731658.9999772079,732239.0001473913,733715.9995744897,747404.0002313943,756391.0000591656
706984.9998269646,716409.9998436989,716772.9997135515,717234.9998797802,718672.9999520313,723539.0003639711,731658.9999772079,732239.0001473913,733715.9995744897,747404.0002313943,756391.0000591656
706984.9998269646,716409.9998436989,716772.9997135515,717234.9998797802,718660.0001220427,718672.9999520313,732239.0001473913,733715.9995744897,736538.0002191362,747404.0002313943,756391.0000591656
706984.9998269646,716409.9998436989,717234.9998797802,718660.0001220427,718672.9999520313,720449.9996659275,732239.0001473913,732861.0002667602,733715.9995744897,747404.0002313943,756391.0000591656
706984.9998269646,716409.9998436989,718660.0001220427,718672.9999520313,720449.9996659275,723520.9999595138,732239.0001473913,732861.0002667602,733715.9995744897,741118.0001516608,756391.0000591656
706984.9998269646,716409.9998436989,718660.0001220427,718672.9999520313,720449.9996659275,723520.9999595138,732861.0002667602,733715.9995744897,740117.9999713526,741118.0001516608,748512.0002352044
706984.9998269646,716409.9998436989,718660.0001220427,718672.9999520313,720449.9996659275,723520.9999595138,726916.9995145608,732861.0002667602,741118.0001516608,746917.0000312815,748512.0002352044
706984.9998269646,716409.9998436989,718660.0001220427,720449.9996659275,720709.9999382594,723520.9999595138,726916.9995145608,732861.0002667602,741118.0001516608,744880.0000450534,748512.0002352044
712259.9998812081,713385.0000677992,716409.9998436989,720449.9996659275,720709.9999382594,723520.9999595138,726916.9995145608,732861.0002667602,741118.0001516608,744880.0000450534,748512.0002352044
712259.9998812081,713385.0000677992,720449.9996659275,720709.9999382594,723520.9999595138,724569.0000823443,726916.9995145608,732861.0002667602,732958.9999130154,744880.0000450534,748512.0002352044
713385.0000677992,718613.9998288972,720449.9996659275,720709.9999382594,723520.9999595138,724569.0000823443,726507.0003190711,726916.9995145608,732958.9999130154,744880.0000450534,748512.0002352044
713385.0000677992,715567.0000928894,720449.9996659275,720709.9999382594,723520.9999595138,724569.0000823443,726916.9995145608,729554.0000550789,732958.9999130154,744880.0000450534,748512.0002352044
713385.0000677992,715567.0000928894,720449.9996659275,720709.9999382594,723520.9999595138,724569.0000823443,729554.0000550789,732958.9999130154,733377.9998726035,742050.9998771617,744880.0000450534
713385.0000677992,720449.9996659275,720709.9999382594,721596.0005304795,723520.9999595138,723524.9996174888,724569.0000823443,732958.9999130154,733377.9998726035,742050.9998771617,744880.0000450534
712357.9998905177,713385.0000677992,720449.9996659275,721596.0005304795,723524.9996174888,724569.0000823443,731873.0000072555,732958.9999130154,733377.9998726035,742050.9998771617,744880.0000450534
713202.9995530904,713385.0000677992,720449.9996659275,721596.0005304795,723524.9996174888,724569.0000823443,731028.0003446827,732958.9999130154,733377.9998726035,742050.9998771617,744880.0000450534
713385.0000677992,715508.9997993526,720449.9996659275,721596.0005304795,723524.9996174888,724569.0000823443,728722.0000984205,732958.9999130154,733377.9998726035,742050.9998771617,744880.0000450534
713385.0000677992,715508.9997993526,715896.0004527104,720449.9996659275,724569.0000823443,728722.0000984205,729224.9996952579,732958.9999130154,733377.9998726035,742050.9998771617,744880.0000450534
713385.0000677992,715508.9997993526,715896.0004527104,716350.9998893181,720449.9996659275,728722.0000984205,729224.9996952579,733377.9998726035,741177.0001060416,742050.9998771617,744880.0000450534
713385.0000677992,713398.9997732223,715508.9997993526,715896.0004527104,720449.9996659275,728722.0000984205,729224.9996952579,733377.9998726035,741177.0001060416,742050.9998771617,747832.0001611493
713385.0000677992,713398.9997732223,713972.9999237735,715508.9997993526,715896.0004527104,720449.9996659275,728722.0000984205,729224.9996952579,741177.0001060416,747832.0001611493,761455.9998259917
713398.9997732223,713623.9997941762,713972.9999237735,715508.9997993526,715896.0004527104,720449.9996659275,728722.0000984205,728985.9999688809,741177.0001060416,747832.0001611493,761455.9998259917
713398.9997732223,713623.9997941762,715508.9997993526,715896.0004527104,717713.9999173692,720449.9996659275,728722.0000984205,728985.9999688809,741177.0001060416,747832.0001611493,757714.9998323959
713398.9997732223,713623.9997941762,715508.9997993526,717713.9999173692,720236.9999257716,720449.9996659275,724645.0004958197,728722.0000984205,741177.0001060416,747832.0001611493,757714.9998323959
713623.9997941762,715508.9997993526,716108.9995823373,717713.9999173692,720236.9999257716,720449.9996659275,724645.0004958197,728722.0000984205,738467.0002969265,747832.0001611493,757714.9998323959
712670.9998544398,713623.9997941762,716108.9995823373,717713.9999173692,720236.9999257716,720449.9996659275,724645.0004958197,731560.0000433334,738467.0002969265,747832.0001611493,757714.9998323959
712670.9998544398,713623.9997941762,717713.9999173692,720236.9999257716,720449.9996659275,723882.9996645628,724645.0004958197,731560.0000433334,738467.0002969265,740058.0000789239,757714.9998323959
712670.9998544398,713623.9997941762,717713.9999173692,720236.9999257716,721737.000022642,723358.0001391053,723882.9996645628,731560.0000433334,738467.0002969265,740058.0000789239,757714.9998323959
710142.0001971351,712670.9998544398,717713.9999173692,720236.9999257716,721737.000022642,723882.9996645628,726839.9997361463,731560.0000433334,738467.0002969265,740058.0000789239,757714.9998323959
712326.9999096657,712670.9998544398,717713.9999173692,718052.0002132411,721737.000022642,723882.9996645628,726839.9997361463,731560.0000433334,738467.0002969265,740058.0000789239,757714.9998323959
712326.9999096657,712670.9998544398,718052.0002132411,721167.9999468082,721737.000022642,723882.9996645628,726839.9997361463,731560.0000433334,736604.0000494849,738467.0002969265,757714.9998323959
712326.9999096657,718017.9999397729,718052.0002132411,721167.9999468082,721737.000022642,723882.9996645628,726212.9999580004,726839.9997361463,736604.0000494849,738467.0002969265,757714.9998323959
712326.9999096657,712921.0000399419,718017.9999397729,718052.0002132411,721167.9999468082,721737.000022642,726212.9999580004,726839.9997361463,736604.0000494849,749428.9999215474,757714.9998323959
712921.0000399419,717460.9996314462,718017.9999397729,718052.0002132411,721167.9999468082,721706.0000143658,721737.000022642,726212.9999580004,736604.0000494849,749428.9999215474,757714.9998323959
701294.9994785931,712921.0000399419,718017.9999397729,718052.0002132411,721167.9999468082,721737.000022642,726212.9999580004,736604.0000494849,737872.0001672189,749428.9999215474,757714.9998323959
710826.9996848692,712921.0000399419,718017.9999397729,718052.0002132411,721167.9999468082,721737.000022642,726212.9999580004,728339.9999609428,736604.0000494849,749428.9999215474,757714.9998323959
710826.9996848692,712921.0000399419,713245.0000600964,718017.9999397729,718052.0002132411,721737.000022642,726212.9999580004,728339.9999609428,744526.9999361967,749428.9999215474,757714.9998323959
710826.9996848692,712921.0000399419,718017.9999397729,718052.0002132411,721737.000022642,726212.9999580004,728339.9999609428,729279.0000146845,733394.9999669592,744526.9999361967,757714.9998323959
709214.9999122135,710826.9996848692,712921.0000399419,718052.0002132411,721737.000022642,726212.9999580004,728339.9999609428,733394.9999669592,738082.0000422439,744526.9999361967,757714.9998323959
691538.000081606,709214.9999122135,712921.0000399419,721737.000022642,726212.9999580004,728339.9999609428,733394.9999669592,737340.9998165043,738082.0000422439,744526.9999361967,757714.9998323959
691538.000081606,712921.0000399419,719990.0000058663,721737.000022642,726212.9999580004,727306.9999485911,728339.9999609428,733394.9999669592,737340.9998165043,744526.9999361967,757714.9998323959
691538.000081606,712921.0000399419,719990.0000058663,721737.000022642,725797.00000084,726212.9999580004,728339.9999609428,734904.9999147102,737340.9998165043,744526.9999361967,757714.9998323959
691538.000081606,712921.0000399419,713481.9999078885,719990.0000058663,721737.000022642,725797.00000084,726212.9999580004,737340.9998165043,744526.9999361967,749762.9999677645,757714.9998323959
691538.000081606,712921.0000399419,713481.9999078885,719990.0000058663,721737.000022642,725421.9999369325,726212.9999580004,737340.9998165043,744902.0000001043,749762.9999677645,757714.9998323959
700177.0003102914,712921.0000399419,713097.9997939565,713481.9999078885,719990.0000058663,725421.9999369325,726212.9999580004,737340.9998165043,744902.0000001043,749762.9999677645,757714.9998323959
700177.0003102914,712921.0000399419,713097.9997939565,713481.9999078885,715105.9996831138,725421.9999369325,731097.0002807528,737340.9998165043,744902.0000001043,749762.9999677645,757714.9998323959
700177.0003102914,712921.0000399419,712956.9996879413,713097.9997939565,715105.9996831138,725421.9999369325,731097.0002807528,737866.0000364515,744902.0000001043,749762.9999677645,757714.9998323959
700177.0003102914,712956.9996879413,713097.9997939565,715105.9996831138,715610.0000748893,725421.9999369325,731097.0002807528,737866.0000364515,742212.9999651569,749762.9999677645,757714.9998323959
700177.0003102914,712956.9996879413,713097.9997939565,714242.9999402583,715105.9996831138,715610.0000748893,731097.0002807528,737866.0000364515,749762.9999677645,753391.999961831,757714.9998323959
700177.0003102914,712956.9996879413,713097.9997939565,713783.999399846,714242.9999402583,715610.0000748893,732419.0005640206,737866.0000364515,749762.9999677645,753391.999961831,757714.9998323959
700177.0003102914,712956.9996879413,713783.999399846,714242.9999402583,715610.0000748893,716802.9996824219,732419.0005640206,734161.0001479861,749762.9999677645,753391.999961831,757714.9998323959
700177.0003102914,712956.9996879413,713645.9998440605,714242.9999402583,715610.0000748893,716802.9996824219,732557.000119806,734161.0001479861,749762.9999677645,753391.999961831,757714.9998323959
700177.0003102914,712956.9996879413,713645.9998440605,714892.9999857903,715610.0000748893,716802.9996824219,732557.000119806,734161.0001479861,749112.9999222325,753391.999961831,757714.9998323959
691725.0001493684,712956.9996879413,713645.9998440605,714892.9999857903,715610.0000748893,725254.9998433449,732557.000119806,734161.0001479861,749112.9999222325,753391.999961831,757714.9998323959
705446.0000071804,712956.9996879413,713645.9998440605,714892.9999857903,715610.0000748893,720440.0002901742,725254.9998433449,732557.000119806,749112.9999222325,753391.999961831,757714.9998323959
700229.9995371992,705446.0000071804,713645.9998440605,714892.9999857903,715610.0000748893,720440.0002901742,732557.000119806,737981.999994087,749112.9999222325,753391.999961831,757714.9998323959
700229.9995371992,705446.0000071804,713645.9998440605,715610.0000748893,717730.9998856491,720440.0002901742,732557.000119806,737981.999994087,746275.0000223737,753391.999961831,757714.9998323959
700229.9995371992,705446.0000071804,713645.9998440605,713882.0002153816,717730.9998856491,720440.0002901742,732557.000119806,737981.999994087,748002.9998818815,753391.999961831,757714.9998323959
700229.9995371992,710000.9999928416,713645.9998440605,713882.0002153816,717730.9998856491,720440.0002901742,732557.000119806,733427.0000084259,748002.9998818815,753391.999961831,757714.9998323959
702089.0000555498,710000.9999928416,713645.9998440605,713882.0002153816,717730.9998856491,720440.0002901742,731567.9994900753,732557.000119806,748002.9998818815,753391.999961831,757714.9998323959
700462.999796884,710000.9999928416,713645.9998440605,713882.0002153816,717730.9998856491,720440.0002901742,732557.000119806,733193.999748741,748002.9998818815,753391.999961831,757714.9998323959
700462.999796884,710000.9999928416,713645.9998440605,717730.9998856491,720440.0002901742,721498.0001295409,732557.000119806,733193.999748741,745776.0000476718,748002.9998818815,757714.9998323959
700462.999796884,710000.9999928416,713645.9998440605,720440.0002901742,721498.0001295409,732557.000119806,733193.999748741,733661.9999343259,741783.999783719,745776.0000476718,748002.9998818815
705296.0001557909,710000.9999928416,713645.9998440605,715606.9999312672,721498.0001295409,732557.000119806,733193.999748741,733661.9999343259,741783.999783719,745776.0000476718,748002.9998818815
705296.0001557909,710000.9999928416,713645.9998440605,715606.9999312672,718598.9999599552,732557.000119806,733193.999748741,733661.9999343259,741783.999783719,745776.0000476718,750902.0000514672
705296.0001557909,710000.9999928416,713645.9998440605,715606.9999312672,718598.9999599552,722367.9997412941,732557.000119806,733193.999748741,745776.0000476718,750902.0000514672,753077.9999767508
691429.0002452284,713645.9998440605,715606.9999312672,718598.9999599552,722367.9997412941,723867.9999034042,732557.000119806,733193.999748741,745776.0000476718,750902.0000514672,753077.9999767508
691429.0002452284,713645.9998440605,715606.9999312672,718598.9999599552,719796.999931279,723867.9999034042,732557.000119806,733193.999748741,745776.0000476718,750902.0000514672,755648.9997867659
699822.0003389749,713645.9998440605,715474.9998096577,715606.9999312672,718598.9999599552,719796.999931279,732557.000119806,733193.999748741,745776.0000476718,750902.0000514672,755648.9997867659
699822.0003389749,713645.9998440605,715474.9998096577,716077.9999266284,718598.9999599552,719796.999931279,732557.000119806,733193.999748741,745305.0000523106,750902.0000514672,755648.9997867659
699822.0003389749,713645.9998440605,714397.9996473882,715474.9998096577,718598.9999599552,719796.999931279,732557.000119806,734874.0000279811,745305.0000523106,750902.0000514672,755648.9997867659
699822.0003389749,713645.9998440605,714397.9996473882,715474.9998096577,719796.999931279,727000.0001084987,732557.000119806,734874.0000279811,736903.9999037671,750902.0000514672,755648.9997867659
699822.0003389749,713645.9998440605,714397.9996473882,715474.9998096577,719796.999931279,723772.000062173,732557.000119806,736903.9999037671,738102.0000743069,750902.0000514672,755648.9997867659
699822.0003389749,713645.9998440605,714397.9996473882,715474.9998096577,718938.0001637482,724630.9998297037,732557.000119806,736903.9999037671,738102.0000743069,750902.0000514672,755648.9997867659
699822.0003389749,712602.9997821867,714397.9996473882,715474.9998096577,718938.0001637482,724630.9998297037,732557.000119806,737946.999965641,738102.0000743069,750902.0000514672,755648.9997867659
699822.0003389749,712602.9997821867,714397.9996473882,715474.9998096577,724630.9998297037,726114.0001900581,730926.0000479969,732557.000119806,737946.999965641,750902.0000514672,755648.9997867659
696613.9996872961,712602.9997821867,715474.9998096577,717606.000299067,724630.9998297037,726114.0001900581,730926.0000479969,732557.000119806,737946.999965641,750902.0000514672,755648.9997867659
696613.9996872961,712602.9997821867,715070.0004358031,718010.9996729216,724630.9998297037,726114.0001900581,730926.0000479969,732557.000119806,737946.999965641,750902.0000514672,755648.9997867659
696613.9996872961,712602.9997821867,715438.9998015311,717642.0003071936,724630.9998297037,726114.0001900581,730926.0000479969,732557.000119806,737946.999965641,750902.0000514672,755648.9997867659
696613.9996872961,715438.9998015311,717642.0003071936,719879.9998232892,724630.9998297037,726114.0001900581,730669.9999245384,730926.0000479969,732557.000119806,750902.0000514672,755648.9997867659
696613.9996872961,715438.9998015311,717642.0003071936,717761.9998491337,724630.9998297037,726114.0001900581,730669.9999245384,732557.000119806,733044.0000221524,750902.0000514672,755648.9997867659
696613.9996872961,714363.000069449,715438.9998015311,717642.0003071936,717761.9998491337,724630.9998297037,730669.9999245384,732557.000119806,744795.0001427616,750902.0000514672,755648.9997867659
696613.9996872961,714363.000069449,715438.9998015311,716464.0000089675,717642.0003071936,724630.9998297037,730669.9999245384,732557.000119806,744795.0001427616,752199.9998916334,755648.9997867659
696613.9996872961,714363.000069449,715438.9998015311,716464.0000089675,717642.0003071936,719480.9998526922,730669.9999245384,732557.000119806,744795.0001427616,755648.9997867659,757349.9998686449
696613.9996872961,696770.0000901134,714363.000069449,715438.9998015311,717642.0003071936,730669.9999245384,732557.000119806,739174.9997715463,744795.0001427616,755648.9997867659,757349.9998686449
693558.0000517339,696770.0000901134,714363.000069449,715438.9998015311,720697.9999427558,730669.9999245384,732557.000119806,739174.9997715463,744795.0001427616,755648.9997867659,757349.9998686449
693558.0000517339,696770.0000901134,706828.0001939883,715438.9998015311,728232.9998182164,730669.9999245384,732557.000119806,739174.9997715463,744795.0001427616,755648.9997867659,757349.9998686449
693558.0000517339,697098.0001504743,706828.0001939883,715438.9998015311,728232.9998182164,730669.9999245384,732557.000119806,738846.9997111855,744795.0001427616,755648.9997867659,757349.9998686449
693558.0000517339,697098.0001504743,706828.0001939883,714962.999764006,715438.9998015311,728232.9998182164,730669.9999245384,744795.0001427616,755648.9997867659,756441.0000669855,757349.9998686449
691774.9997606009,693558.0000517339,697098.0001504743,714962.999764006,728232.9998182164,730492.0002349186,730669.9999245384,744795.0001427616,755648.9997867659,756441.0000669855,757349.9998686449
691774.9997606009,693558.0000517339,697098.0001504743,728232.9998182164,729575.9998368336,730492.0002349186,730669.9999245384,742736.9997958173,744795.0001427616,755648.9997867659,756441.0000669855
691774.9997606009,693558.0000517339,697098.0001504743,714577.0002832548,729575.9998368336,730669.9999245384,742736.9997958173,744147.9997698802,744795.0001427616,755648.9997867659,756441.0000669855
691774.9997606009,693558.0000517339,697098.0001504743,714577.0002832548,729575.9998368336,736116.9998426301,737289.9998777256,744147.9997698802,744795.0001427616,755648.9997867659,756441.0000669855
691774.9997606009,693558.0000517339,697098.0001504743,714577.0002832548,722817.0001132844,736116.9998426301,737289.9998777256,744147.9997698802,751553.9998663107,755648.9997867659,756441.0000669855
691774.9997606009,693558.0000517339,697098.0001504743,714577.0002832548,722817.0001132844,737289.9998777256,739905.9997721761,744147.9997698802,747764.9999367647,755648.9997867659,756441.0000669855
691774.9997606009,693558.0000517339,697098.0001504743,714577.0002832548,722817.0001132844,723803.9996953964,744147.9997698802,747764.9999367647,753391.9999545054,755648.9997867659,756441.0000669855
691774.9997606009,693558.0000517339,697098.0001504743,714577.0002832548,723803.9996953964,729594.0001219914,740987.9999280578,744147.9997698802,753391.9999545054,755648.9997867659,756441.0000669855
691774.9997606009,693558.0000517339,697098.0001504743,714577.0002832548,723803.9996953964,726845.0000248249,743737.0000252243,744147.9997698802,753391.9999545054,755648.9997867659,756441.0000669855
691774.9997606009,693558.0000517339,705777.000071919,714577.0002832548,718166.0001033801,723803.9996953964,743737.0000252243,744147.9997698802,753391.9999545054,755648.9997867659,756441.0000669855
691774.9997606009,693558.0000517339,706524.0000390081,714577.0002832548,717419.000136291,723803.9996953964,743737.0000252243,744147.9997698802,753391.9999545054,755648.9997867659,756441.0000669855
691774.9997606009,693558.0000517339,706524.0000390081,714033.9999544313,714577.0002832548,717419.000136291,744147.9997698802,753391.9999545054,753506.9997661894,755648.9997867659,756441.0000669855
691774.9997606009,693558.0000517339,706524.0000390081,713670.0000471339,714577.0002832548,717419.000136291,744147.9997698802,753391.9999545054,753506.9997661894,756012.9996940633,756441.0000669855
691774.9997606009,693558.0000517339,701047.999989364,714577.0002832548,717419.000136291,719146.000096778,744147.9997698802,753391.9999545054,753506.9997661894,756012.9996940633,756441.0000669855
691774.9997606009,701047.999989364,714577.0002832548,715790.9999086971,717419.000136291,719146.000096778,721914.999912917,753391.9999545054,753506.9997661894,756012.9996940633,756441.0000669855
691028.000100521,691774.9997606009,701047.999989364,717419.000136291,719146.000096778,721914.999912917,739340.0000914308,753391.9999545054,753506.9997661894,756012.9996940633,756441.0000669855
691028.000100521,691774.9997606009,701047.999989364,714890.000164098,721675.0000689711,721914.999912917,739340.0000914308,753391.9999545054,753506.9997661894,756012.9996940633,756441.0000669855
691028.000100521,691774.9997606009,701047.999989364,714890.000164098,715107.000052201,721914.999912917,739340.0000914308,753391.9999545054,753506.9997661894,756441.0000669855,762580.9997108334
691028.000100521,691774.9997606009,701047.999989364,714890.000164098,721914.999912917,725895.9999891539,739340.0000914308,751791.9997738805,753391.9999545054,753506.9997661894,756441.0000669855
691028.000100521,691774.9997606009,701047.999989364,721914.999912917,725895.9999891539,734145.999737634,734251.0001926534,739340.0000914308,751791.9997738805,753391.9999545054,756441.0000669855
691028.000100521,693527.9998008811,701047.999989364,721914.999912917,725895.9999891539,734145.999737634,734251.0001926534,737587.0000511506,751791.9997738805,753391.9999545054,756441.0000669855
691028.000100521,693527.9998008811,712933.9999732173,721914.999912917,725895.9999891539,734145.999737634,734251.0001926534,737587.0000511506,739905.9997900272,753391.9999545054,756441.0000669855
693527.9998008811,695064.9999070801,712933.9999732173,721914.999912917,725895.9999891539,733550.0002445915,734145.999737634,734251.0001926534,739905.9997900272,753391.9999545054,756441.0000669855
693527.9998008811,699423.0000913693,712933.9999732173,721914.999912917,725895.9999891539,729192.0000603023,734145.999737634,734251.0001926534,739905.9997900272,753391.9999545054,756441.0000669855
693527.9998008811,699423.0000913693,712933.9999732173,717655.99972868,721914.999912917,725895.9999891539,734251.0001926534,739905.9997900272,745682.0000692563,753391.9999545054,756441.0000669855
693527.9998008811,712933.9999732173,712969.9999038889,717655.99972868,721914.999912917,725895.9999891539,732135.0002567368,734251.0001926534,739905.9997900272,753391.9999545054,756441.0000669855
693527.9998008811,712969.9999038889,717655.99972868,719811.0000439717,721914.999912917,725895.9999891539,732135.0002567368,733028.9997192727,734251.0001926534,753391.9999545054,756441.0000669855
693527.9998008811,712969.9999038889,717655.99972868,719682.0000760353,719811.0000439717,721914.999912917,733028.9997192727,734251.0001926534,738349.0001698553,753391.9999545054,756441.0000669855
693527.9998008811,712969.9999038889,719682.0000760353,719811.0000439717,719875.9999434267,721914.999912917,732030.9999779067,733028.9997192727,738349.0001698553,753391.9999545054,756441.0000669855
693011.9999353077,693527.9998008811,719682.0000760353,719811.0000439717,719875.9999434267,732030.9999779067,733028.9997192727,738349.0001698553,741872.9998814983,753391.9999545054,756441.0000669855
693011.9999353077,693527.9998008811,718286.0000125049,719682.0000760353,719811.0000439717,733028.9997192727,733620.9999088284,738349.0001698553,741872.9998814983,753391.9999545054,756441.0000669855
693011.9999353077,703461.9999168023,718286.0000125049,719682.0000760353,719811.0000439717,731938.9997655771,733028.9997192727,733620.9999088284,738349.0001698553,753391.9999545054,756441.0000669855
693011.9999353077,703461.9999168023,717956.9999935122,718286.0000125049,719682.0000760353,731938.9997655771,733620.9999088284,734882.9997697322,738349.0001698553,753391.9999545054,756441.0000669855
693011.9999353077,703461.9999168023,717956.9999935122,718286.0000125049,719682.0000760353,726527.9999100956,731938.9997655771,734882.9997697322,738349.0001698553,756441.0000669855,760484.9999532382
693011.9999353077,703461.9999168023,713820.999910896,717956.9999935122,718286.0000125049,731938.9997655771,732389.0000752349,734882.9997697322,738349.0001698553,756441.0000669855,760484.9999532382
693011.9999353077,694193.000162964,713820.999910896,717956.9999935122,718286.0000125049,731938.9997655771,734882.9997697322,738349.0001698553,741657.9998290732,756441.0000669855,760484.9999532382
693011.9999353077,713218.9998157447,713820.999910896,717956.9999935122,718286.0000125049,722632.0001762925,731938.9997655771,734882.9997697322,738349.0001698553,756441.0000669855,760484.9999532382
708293.9998925548,713218.9998157447,713820.999910896,716656.99980833,717956.9999935122,718286.0000125049,722632.0001762925,734882.9997697322,738349.0001698553,756441.0000669855,760484.9999532382
694657.999950113,708293.9998925548,716656.99980833,717956.9999935122,718286.0000125049,722632.0001762925,732381.9997765276,734882.9997697322,738349.0001698553,756441.0000669855,760484.9999532382
691193.9999692955,708293.9998925548,716656.99980833,717956.9999935122,718286.0000125049,722632.0001762925,734882.9997697322,735845.9997573452,738349.0001698553,756441.0000669855,760484.9999532382
691193.9999692955,708293.9998925548,716656.99980833,718286.0000125049,722632.0001762925,724067.9997746992,728771.9999885452,735845.9997573452,738349.0001698553,756441.0000669855,760484.9999532382
708293.9998925548,716656.99980833,718286.0000125049,722632.0001762925,724067.9997746992,724722.9999356152,726955.9999869184,728771.9999885452,735845.9997573452,738349.0001698553,756441.0000669855
708293.9998925548,714934.0000705948,716656.99980833,718286.0000125049,724067.9997746992,724722.9999356152,726955.9999869184,728771.9999885452,738349.0001698553,743543.9998630428,756441.0000669855
708293.9998925548,716656.99980833,718286.0000125049,724067.9997746992,724722.9999356152,726955.9999869184,727788.0000900337,728771.9999885452,730689.9998436039,738349.0001698553,756441.0000669855
708293.9998925548,716656.99980833,717106.999908154,718286.0000125049,724067.9997746992,724722.9999356152,726955.9999869184,727788.0000900337,730689.9998436039,750014.0002502465,756441.0000669855
708293.9998925548,713791.9999978929,716656.99980833,718286.0000125049,724067.9997746992,724722.9999356152,726955.9999869184,727788.0000900337,730689.9998436039,753329.0001605076,756441.0000669855
708293.9998925548,716656.99980833,718286.0000125049,724067.9997746992,724722.9999356152,726955.9999869184,727788.0000900337,730689.9998436039,733154.9997807699,733966.0003776306,756441.0000669855
708064.9999210071,716885.9997798777,718286.0000125049,724067.9997746992,724722.9999356152,726955.9999869184,727788.0000900337,730689.9998436039,733154.9997807699,733966.0003776306,756441.0000669855
704906.9996632133,716885.9997798777,718286.0000125049,724067.9997746992,724722.9999356152,726955.9999869184,730689.9998436039,730946.0003478276,733154.9997807699,733966.0003776306,756441.0000669855
704906.9996632133,716885.9997798777,718286.0000125049,724067.9997746992,724722.9999356152,725767.0000410217,726955.9999869184,733154.9997807699,733966.0003776306,735869.0001504098,756441.0000669855
704906.9996632133,716885.9997798777,718286.0000125049,724067.9997746992,724722.9999356152,725767.0000410217,729666.9999219896,733154.9997807699,733966.0003776306,735869.0001504098,753730.0001319143
702945.9997780723,704906.9996632133,718286.0000125049,724067.9997746992,724722.9999356152,729666.9999219896,733154.9997807699,733966.0003776306,735869.0001504098,739707.0000428271,753730.0001319143
702945.9997780723,704906.9996632133,718286.0000125049,724067.9997746992,724722.9999356152,726789.0002092103,733154.9997807699,733966.0003776306,738746.9998631891,739707.0000428271,753730.0001319143
702945.9997780723,704906.9996632133,718286.0000125049,724067.9997746992,724722.9999356152,726789.0002092103,730222.000071908,733154.9997807699,733966.0003776306,739707.0000428271,762254.9999231953
702945.9997780723,704906.9996632133,714306.0002072501,724067.9997746992,724722.9999356152,730222.000071908,730769.0000144651,733154.9997807699,733966.0003776306,739707.0000428271,762254.9999231953
702945.9997780723,704906.9996632133,721226.0000490672,723849.000172648,724067.9997746992,724722.9999356152,730222.000071908,733154.9997807699,733966.0003776306,739707.0000428271,762254.9999231953
702945.9997780723,707533.00006598,721222.9997698813,721226.0000490672,724067.9997746992,724722.9999356152,730222.000071908,733154.9997807699,733966.0003776306,739707.0000428271,762254.9999231953
707533.00006598,714541.9999098759,721222.9997698813,721226.0000490672,724067.9997746992,724722.9999356152,728110.9999110235,730222.000071908,733154.9997807699,733966.0003776306,762254.9999231953
707533.00006598,714541.9999098759,721222.9997698813,721226.0000490672,724067.9997746992,724722.9999356152,727091.000188387,728110.9999110235,730222.000071908,740029.9999700135,762254.9999231953
707533.00006598,714541.9999098759,716311.9999936683,724067.9997746992,724722.9999356152,726136.9998252802,727091.000188387,728110.9999110235,730222.000071908,740029.9999700135,762254.9999231953
707533.00006598,714517.9999711206,714541.9999098759,716311.9999936683,724067.9997746992,726136.9998252802,727091.000188387,728110.9999110235,740029.9999700135,740427.0000364026,762254.9999231953
707533.00006598,714517.9999711206,714541.9999098759,716311.9999936683,724067.9997746992,726136.9998252802,727876.0000064204,728110.9999110235,739245.0001519801,740427.0000364026,762254.9999231953
707533.00006598,714541.9999098759,716311.9999936683,717452.0000384378,724067.9997746992,726136.9998252802,727876.0000064204,728110.9999110235,737492.9999690854,739245.0001519801,762254.9999231953
707533.00006598,714541.9999098759,717452.0000384378,721704.0001241887,724067.9997746992,726136.9998252802,727876.0000064204,728110.9999110235,737492.9999690854,739245.0001519801,756862.9997926749
707533.00006598,714541.9999098759,717452.0000384378,721704.0001241887,724067.9997746992,726136.9998252802,728110.9999110235,732093.9999633065,735027.000195094,737492.9999690854,756862.9997926749
707533.00006598,714541.9999098759,717452.0000384378,723697.0001431592,724067.9997746992,726136.9998252802,728110.9999110235,732093.9999633065,733034.0001761236,737492.9999690854,756862.9997926749
707533.00006598,714541.9999098759,714763.9998304334,717452.0000384378,723697.0001431592,726136.9998252802,728110.9999110235,732093.9999633065,737492.9999690854,742338.0001203895,756862.9997926749
707533.00006598,712820.9997409913,714763.9998304334,717452.0000384378,723697.0001431592,726136.9998252802,729832.0000799082,732093.9999633065,737492.9999690854,742338.0001203895,756862.9997926749
707533.00006598,712820.9997409913,714763.9998304334,717452.0000384378,726136.9998252802,729832.0000799082,732093.9999633065,735268.0000617986,737492.9999690854,742338.0001203895,745291.9998740355
707533.00006598,712820.9997409913,714763.9998304334,717452.0000384378,726245.9997836348,729832.0000799082,731985.0000049518,735268.0000617986,737492.9999690854,742338.0001203895,745291.9998740355
705729.9999360327,714623.9998709386,714763.9998304334,717452.0000384378,726245.9997836348,729832.0000799082,731985.0000049518,735268.0000617986,737492.9999690854,742338.0001203895,745291.9998740355
705729.9999360327,713538.0000194127,714623.9998709386,714763.9998304334,717452.0000384378,729832.0000799082,731985.0000049518,735268.0000617986,737492.9999690854,745291.9998740355,755045.9998846116
705616.9999199039,713538.0000194127,714736.9998870674,714763.9998304334,717452.0000384378,729832.0000799082,731985.0000049518,735268.0000617986,737492.9999690854,745291.9998740355,755045.9998846116
705616.9999199039,713538.0000194127,714736.9998870674,717452.0000384378,726103.9996580606,729832.0000799082,731985.0000049518,735268.0000617986,737492.9999690854,743706.0000569844,745291.9998740355
705616.9999199039,713538.0000194127,714736.9998870674,725864.0000669416,726103.9996580606,729080.9999405816,729832.0000799082,731985.0000049518,735268.0000617986,743706.0000569844,745291.9998740355
703678.999739366,713538.0000194127,716675.0000676053,725864.0000669416,726103.9996580606,729080.9999405816,729832.0000799082,731985.0000049518,735268.0000617986,743706.0000569844,745291.9998740355
703678.999739366,713538.0000194127,716675.0000676053,725864.0000669416,726103.9996580606,726508.0000019198,729080.9999405816,729832.0000799082,731985.0000049518,743706.0000569844,754051.9999339143
703678.999739366,713538.0000194127,722252.0001863819,724254.9999611316,725864.0000669416,726103.9996580606,726508.0000019198,729080.9999405816,731985.0000049518,743706.0000569844,754051.9999339143
694731.9994431689,713538.0000194127,722252.0001863819,725864.0000669416,726103.9996580606,726508.0000019198,729080.9999405816,731985.0000049518,733202.0002573287,743706.0000569844,754051.9999339143
694731.9994431689,713492.0005326044,713538.0000194127,725864.0000669416,726103.9996580606,726508.0000019198,729080.9999405816,731985.0000049518,741961.9999111062,743706.0000569844,754051.9999339143
694731.9994431689,713492.0005326044,713538.0000194127,713933.9999780629,726103.9996580606,729080.9999405816,731985.0000049518,738438.0000907985,741961.9999111062,743706.0000569844,754051.9999339143
694731.9994431689,713492.0005326044,713538.0000194127,713933.9999780629,726103.9996580606,729080.9999405816,734553.000046244,738438.0000907985,741961.9999111062,743706.0000569844,751483.9998926221
694731.9994431689,713492.0005326044,713538.0000194127,713933.9999780629,715942.9996937878,729080.9999405816,734553.000046244,738438.0000907985,741961.9999111062,751483.9998926221,753867.0000212572
694731.9994431689,713492.0005326044,713538.0000194127,713933.9999780629,714315.0000786398,715942.9996937878,729080.9999405816,741961.9999111062,751483.9998926221,753867.0000212572,758676.0000584027
692173.0000230671,713538.0000194127,713933.9999780629,714315.0000786398,715942.9996937878,716050.9999527062,729080.9999405816,741961.9999111062,751483.9998926221,753867.0000212572,758676.0000584027
692173.0000230671,713538.0000194127,714315.0000786398,715942.9996937878,716050.9999527062,719098.0000721097,729080.9999405816,741961.9999111062,746319.9997985752,753867.0000212572,758676.0000584027
692173.0000230671,713538.0000194127,715942.9996937878,716050.9999527062,719098.0000721097,719536.999751467,729080.9999405816,741098.000125748,741961.9999111062,753867.0000212572,758676.0000584027
692173.0000230671,713538.0000194127,714929.999880327,715942.9996937878,716050.9999527062,723704.9999432497,729080.9999405816,741098.000125748,741961.9999111062,753867.0000212572,758676.0000584027
692173.0000230671,712794.9998498106,713538.0000194127,715942.9996937878,716050.9999527062,725839.9999737662,729080.9999405816,741098.000125748,741961.9999111062,753867.0000212572,758676.0000584027
692173.0000230671,712794.9998498106,713538.0000194127,715942.9996937878,717915.9999030201,725839.9999737662,729080.9999405816,741098.000125748,741961.9999111062,753867.0000212572,756811.0001080887
692173.0000230671,712794.9998498106,713538.0000194127,714562.9999976075,715942.9996937878,725839.9999737662,729080.9999405816,741098.000125748,741961.9999111062,753867.0000212572,760164.0000135013
692173.0000230671,712794.9998498106,713538.0000194127,714562.9999976075,715942.9996937878,718414.9999666432,725839.9999737662,741961.9999111062,751764.0000996864,753867.0000212572,760164.0000135013
692173.0000230671,712794.9998498106,713538.0000194127,714562.9999976075,715942.9996937878,724310.9997251233,725839.9999737662,741961.9999111062,745868.0003412063,753867.0000212572,760164.0000135013
692173.0000230671,712794.9998498106,713538.0000194127,714562.9999976075,715942.9996937878,724310.9997251233,730355.9999188163,741961.9999111062,745868.0003412063,749351.0000762071,760164.0000135013
692173.0000230671,695418.0000706144,712794.9998498106,715942.9996937878,724310.9997251233,730355.9999188163,732682.9999464059,741961.9999111062,745868.0003412063,749351.0000762071,760164.0000135013
695418.0000706144,702036.9997943724,712794.9998498106,715942.9996937878,722819.0001751006,724310.9997251233,730355.9999188163,741961.9999111062,745868.0003412063,749351.0000762071,760164.0000135013
695418.0000706144,702036.9997943724,712794.9998498106,722249.9997827496,722819.0001751006,724310.9997251233,730355.9999188163,741961.9999111062,743043.9999872453,745868.0003412063,760164.0000135013
695418.0000706144,702036.9997943724,717662.0002190056,722249.9997827496,722819.0001751006,724310.9997251233,725488.9995496213,741961.9999111062,743043.9999872453,745868.0003412063,760164.0000135013
695418.0000706144,706142.9998003974,717662.0002190056,718713.0001690756,722249.9997827496,724310.9997251233,725488.9995496213,741961.9999111062,743043.9999872453,745868.0003412063,760164.0000135013
695418.0000706144,706142.9998003974,717662.0002190056,722249.9997827496,724310.9997251233,725488.9995496213,727932.9997959802,732742.0002842016,743043.9999872453,745868.0003412063,760164.0000135013
695418.0000706144,706142.9998003974,712901.0002444021,717662.0002190056,722249.9997827496,724310.9997251233,725488.9995496213,743043.9999872453,745868.0003412063,747773.9998357797,760164.0000135013
695418.0000706144,706142.9998003974,712901.0002444021,722249.9997827496,724310.9997251233,725488.9995496213,725950.0002573058,734755.9999489451,745868.0003412063,747773.9998357797,760164.0000135013
695418.0000706144,706142.9998003974,712901.0002444021,717910.000106801,722249.9997827496,724310.9997251233,733528.999700126,734755.9999489451,745868.0003412063,747773.9998357797,760164.0000135013
695418.0000706144,706142.9998003974,712901.0002444021,716828.9999169965,717910.000106801,722249.9997827496,724310.9997251233,745868.0003412063,747773.9998357797,751455.9997320747,760164.0000135013
695418.0000706144,706142.9998003974,712901.0002444021,716828.9999169965,722249.9997827496,724310.9997251233,736083.0000442192,741991.0000760831,745868.0003412063,747773.9998357797,751455.9997320747
695418.0000706144,712901.0002444021,715490.0001704849,716828.9999169965,722249.9997827496,724310.9997251233,726735.9996741317,741991.0000760831,745868.0003412063,747773.9998357797,751455.9997320747
695418.0000706144,715490.0001704849,715549.0001754265,716828.9999169965,722249.9997827496,724310.9997251233,726735.9996741317,741991.0000760831,745125.9999047553,745868.0003412063,751455.9997320747
699230.0000080119,715490.0001704849,715549.0001754265,716828.9999169965,722249.9997827496,724310.9997251233,726735.9996741317,738179.0001386856,745125.9999047553,745868.0003412063,751455.9997320747
699230.0000080119,715490.0001704849,715549.0001754265,716907.0001960287,722249.9997827496,724310.9997251233,726735.9996741317,738100.9998596533,745125.9999047553,745868.0003412063,751455.9997320747
699230.0000080119,715490.0001704849,715502.0000731568,716907.0001960287,722249.9997827496,724310.9997251233,726735.9996741317,738100.9998596533,745173.000007025,745868.0003412063,751455.9997320747
715490.0001704849,715502.0000731568,716907.0001960287,720501.9997164531,722249.9997827496,724310.9997251233,726735.9996741317,730184.0000236335,738100.9998596533,745173.000007025,745868.0003412063
715490.0001704849,715502.0000731568,716907.0001960287,721553.9998986222,722249.9997827496,724310.9997251233,726735.9996741317,729131.9998414645,738100.9998596533,745173.000007025,745868.0003412063
715490.0001704849,715502.0000731568,716907.0001960287,721553.9998986222,722249.9997827496,724310.9997251233,725637.9999039421,726735.9996741317,741594.9997971756,745173.000007025,745868.0003412063
715490.0001704849,715502.0000731568,716744.0002013008,716907.0001960287,721553.9998986222,722249.9997827496,724310.9997251233,725637.9999039421,741594.9997971756,745868.0003412063,755164.9994798559
704945.9999837038,715490.0001704849,715502.0000731568,716744.0002013008,722249.9997827496,724310.9997251233,725637.9999039421,733515.0001109471,741594.9997971756,745868.0003412063,755164.9994798559
704945.9999837038,715398.9997054628,715490.0001704849,715502.0000731568,722249.9997827496,724310.9997251233,725637.9999039421,733515.0001109471,741594.9997971756,745868.0003412063,756509.9999756939
704945.9999837038,715398.9997054628,715490.0001704849,715502.0000731568,720816.9999997291,722249.9997827496,724310.9997251233,725637.9999039421,745868.0003412063,754292.9999083937,756509.9999756939
704945.9999837038,715398.9997054628,715490.0001704849,715502.0000731568,716292.0000699433,722249.9997827496,724310.9997251233,725637.9999039421,745868.0003412063,756509.9999756939,758817.9998381796
704945.9999837038,715398.9997054628,715490.0001704849,715502.0000731568,716292.0000699433,719290.999597224,722249.9997827496,725637.9999039421,750888.0004691056,756509.9999756939,758817.9998381796
704945.9999837038,715490.0001704849,715502.0000731568,716292.0000699433,719290.999597224,722249.9997827496,725637.9999039421,730791.9999076317,741116.999773525,750888.0004691056,758817.9998381796
704945.9999837038,715502.0000731568,716292.0000699433,719290.999597224,722249.9997827496,725637.9999039421,727566.9997887939,729040.0001552161,730791.9999076317,750888.0004691056,758817.9998381796
701562.0000746967,704945.9999837038,715502.0000731568,719290.999597224,722249.9997827496,727566.9997887939,729040.0001552161,730791.9999076317,740367.9998991886,750888.0004691056,758817.9998381796
704945.9999837038,715502.0000731568,719290.999597224,722249.9997827496,727566.9997887939,727637.9999523313,729040.0001552161,730791.9999076317,732741.999960545,740367.9998991886,750888.0004691056
704945.9999837038,715502.0000731568,719290.999597224,720839.9999013179,727566.9997887939,727637.9999523313,729040.0001552161,730791.9999076317,734151.9998419767,740367.9998991886,750888.0004691056
704945.9999837038,713246.0000049393,719290.999597224,720839.9999013179,727566.9997887939,727637.9999523313,729040.0001552161,733047.9999758492,734151.9998419767,740367.9998991886,750888.0004691056
704945.9999837038,713246.0000049393,717569.9997990299,719290.999597224,720839.9999013179,727637.9999523313,729040.0001552161,734151.9998419767,740367.9998991886,743044.9999656131,750888.0004691056
704945.9999837038,713246.0000049393,714128.9998769619,717569.9997990299,719290.999597224,729040.0001552161,734151.9998419767,734348.9999766872,740367.9998991886,743044.9999656131,750888.0004691056
704945.9999837038,713246.0000049393,714395.9998926873,717569.9997990299,719290.999597224,729040.0001552161,734081.9999609619,734151.9998419767,740367.9998991886,743044.9999656131,750888.0004691056
704945.9999837038,713246.0000049393,714395.9998926873,719290.999597224,722082.0001998665,729040.0001552161,734081.9999609619,734151.9998419767,738532.9995647765,740367.9998991886,750888.0004691056
713246.0000049393,714395.9998926873,717282.0003742267,719290.999597224,722082.0001998665,729040.0001552161,734081.9999609619,734151.9998419767,738532.9995647765,738552.0000785827,740367.9998991886
713246.0000049393,714395.9998926873,715215.0000695761,717282.0003742267,719290.999597224,722082.0001998665,729040.0001552161,734081.9999609619,734151.9998419767,738532.9995647765,763704.9999081952
713246.0000049393,714395.9998926873,715215.0000695761,716306.0002231421,717282.0003742267,719290.999597224,734081.9999609619,734151.9998419767,734816.0001319405,738532.9995647765,763704.9999081952
713246.0000049393,715215.0000695761,716306.0002231421,717282.0003742267,719290.999597224,720533.9999112015,727943.9999424476,734151.9998419767,734816.0001319405,738532.9995647765,763704.9999081952
713246.0000049393,715215.0000695761,716306.0002231421,717282.0003742267,719290.999597224,720533.9999112015,727509.999785256,734585.9999991683,734816.0001319405,738532.9995647765,763704.9999081952
713246.0000049393,715215.0000695761,715360.0001185435,717282.0003742267,719290.999597224,720533.9999112015,727509.999785256,734585.9999991683,735762.000236539,738532.9995647765,763704.9999081952
713246.0000049393,715215.0000695761,715360.0001185435,719290.999597224,720533.9999112015,723088.0002187236,727509.999785256,734585.9999991683,735762.000236539,738532.9995647765,757899.0000636984
713246.0000049393,715215.0000695761,715360.0001185435,719290.999597224,720533.9999112015,727509.999785256,734585.9999991683,735762.000236539,738532.9995647765,738809.9998864796,742177.0003959424
713246.0000049393,715215.0000695761,719290.999597224,720533.9999112015,721883.0001332662,727509.999785256,734585.9999991683,735654.0003812197,735762.000236539,738532.9995647765,738809.9998864796
713246.0000049393,715215.0000695761,719290.999597224,720533.9999112015,725426.0004227823,727509.999785256,732111.0000917036,734585.9999991683,735762.000236539,738532.9995647765,738809.9998864796
712043.0003131507,713246.0000049393,715215.0000695761,720533.9999112015,727509.999785256,732111.0000917036,732673.9997068556,734585.9999991683,735762.000236539,738532.9995647765,738809.9998864796
712043.0003131507,713246.0000049393,714359.000039138,720533.9999112015,727509.999785256,732111.0000917036,732673.9997068556,734585.9999991683,735762.000236539,738532.9995647765,739665.9999169176
712043.0003131507,713246.0000049393,714359.000039138,719296.9998921622,720533.9999112015,727509.999785256,732673.9997068556,734585.9999991683,735762.000236539,738532.9995647765,752480.0001164591
712043.0003131507,713246.0000049393,714359.000039138,720533.9999112015,727509.999785256,732606.9997982981,732673.9997068556,734585.9999991683,735762.000236539,738532.9995647765,739170.0002103231
712043.0003131507,713246.0000049393,714359.000039138,715355.9998742834,727509.999785256,732606.9997982981,732673.9997068556,735762.000236539,738532.9995647765,739170.0002103231,739764.0000360864
712043.0003131507,713246.0000049393,714359.000039138,718075.9997510416,724789.9999084978,732606.9997982981,732673.9997068556,735762.000236539,738532.9995647765,739170.0002103231,739764.0000360864
712043.0003131507,713246.0000049393,714359.000039138,718075.9997510416,728414.9999106087,732606.9997982981,732673.9997068556,734907.9995626656,735762.000236539,739170.0002103231,739764.0000360864
712043.0003131507,713246.0000049393,714359.000039138,718075.9997510416,727698.9998699054,728414.9999106087,732673.9997068556,734907.9995626656,735762.000236539,739170.0002103231,744671.9999644791
712043.0003131507,713246.0000049393,718075.9997510416,727243.0000220602,727698.9998699054,728414.9999106087,731787.9999815569,732673.9997068556,734907.9995626656,735762.000236539,739170.0002103231
712043.0003131507,713246.0000049393,718075.9997510416,727698.9998699054,728414.9999106087,728507.9998386393,730523.0001649777,732673.9997068556,734907.9995626656,735762.000236539,739170.0002103231
712043.0003131507,713246.0000049393,718075.9997510416,727698.9998699054,728507.9998386393,730523.0001649777,732673.9997068556,733209.0000977477,734376.0000231842,734907.9995626656,735762.000236539
712043.0003131507,713246.0000049393,718075.9997510416,719436.9997027977,727698.9998699054,728507.9998386393,730523.0001649777,734376.0000231842,734907.9995626656,735762.000236539,746446.0001018055
712043.0003131507,713246.0000049393,717177.0002845856,718075.9997510416,719436.9997027977,727698.9998699054,734376.0000231842,734907.9995626656,735762.000236539,741853.9997190314,746446.0001018055
712043.0003131507,713107.9998334632,713246.0000049393,717177.0002845856,719436.9997027977,732666.9997874837,734376.0000231842,734907.9995626656,735762.000236539,741853.9997190314,746446.0001018055
713107.9998334632,713246.0000049393,715350.0001026087,716129.9999133397,717177.0002845856,732666.9997874837,734376.0000231842,734907.9995626656,735762.000236539,741853.9997190314,746446.0001018055
713107.9998334632,713246.0000049393,716129.9999133397,717177.0002845856,728729.0002717415,732666.9997874837,733066.9999326727,734376.0000231842,734907.9995626656,735762.000236539,741853.9997190314
713107.9998334632,713246.0000049393,715502.0000596679,716129.9999133397,717177.0002845856,732666.9997874837,733066.9999326727,734376.0000231842,734907.9995626656,735762.000236539,755080.9999311051
713246.0000049393,715502.0000596679,716129.9999133397,717071.9999977194,717177.0002845856,730411.999858928,732666.9997874837,733066.9999326727,734907.9995626656,735762.000236539,755080.9999311051
713246.0000049393,714855.0001369334,715502.0000596679,716129.9999133397,717177.0002845856,732628.999719714,732666.9997874837,733066.9999326727,734907.9995626656,735762.000236539,755080.9999311051
713246.0000049393,714855.0001369334,716129.9999133397,717177.0002845856,718405.0000870597,729725.9996923222,732666.9997874837,733066.9999326727,734907.9995626656,735762.000236539,755080.9999311051
713246.0000049393,714375.000167266,714855.0001369334,716129.9999133397,721207.0002043793,729725.9996923222,732666.9997874837,733066.9999326727,734907.9995626656,735762.000236539,755080.9999311051
713246.0000049393,714855.0001369334,716129.9999133397,721207.0002043793,722795.0000348384,729725.9996923222,732666.9997874837,733066.9999326727,734907.9995626656,735762.000236539,746661.0000635326
713246.0000049393,714855.0001369334,716196.9998527899,721140.0002649291,722795.0000348384,729725.9996923222,732666.9997874837,733066.9999326727,734907.9995626656,735762.000236539,746661.0000635326
713246.0000049393,714192.9999456195,714855.0001369334,722795.0000348384,723144.0001720996,729725.9996923222,732666.9997874837,733066.9999326727,734907.9995626656,735762.000236539,746661.0000635326
713246.0000049393,714192.9999456195,722795.0000348384,723144.0001720996,724815.0000735716,724947.9996260274,729725.9996923222,732666.9997874837,733066.9999326727,735762.000236539,746661.0000635326
712875.9999572579,713246.0000049393,714192.9999456195,723144.0001720996,724947.9996260274,729725.9996923222,732666.9997874837,733066.9999326727,734734.0001511521,735762.000236539,746661.0000635326
712875.9999572579,714192.9999456195,714611.0003721514,723144.0001720996,724947.9996260274,729725.9996923222,732666.9997874837,733066.9999326727,734396.9998693268,734734.0001511521,746661.0000635326
712875.9999572579,714192.9999456195,714611.0003721514,723144.0001720996,724947.9996260274,729725.9996923222,730167.0001046698,732666.9997874837,733066.9999326727,734396.9998693268,751228.0001100149
712875.9999572579,714192.9999456195,714611.0003721514,724947.9996260274,726865.0002468802,729345.999857892,729725.9996923222,730167.0001046698,732666.9997874837,734396.9998693268,751228.0001100149
714192.9999456195,714611.0003721514,719537.9998621712,723063.9997874089,724947.9996260274,726865.0002468802,729345.999857892,730167.0001046698,732666.9997874837,734396.9998693268,751228.0001100149
714192.9999456195,714611.0003721514,719537.9998621712,724947.9996260274,726865.0002468802,729345.999857892,730167.0001046698,732432.0000438183,732666.9997874837,734396.9998693268,741859.9998536055
714192.9999456195,718280.0005372266,719537.9998621712,721278.9994609522,726865.0002468802,729345.999857892,730167.0001046698,732432.0000438183,732666.9997874837,734396.9998693268,741859.9998536055
712176.999873865,718280.0005372266,719537.9998621712,721278.9994609522,726865.0002468802,730167.0001046698,731361.9999296465,732432.0000438183,732666.9997874837,734396.9998693268,741859.9998536055
712176.999873865,718280.0005372266,719537.9998621712,719831.0000580709,721278.9994609522,726865.0002468802,730167.0001046698,731361.9999296465,732666.9997874837,734396.9998693268,754460.9998393529
712176.999873865,714040.0002411652,719537.9998621712,719831.0000580709,725518.9997570136,726865.0002468802,730167.0001046698,731361.9999296465,732666.9997874837,734396.9998693268,754460.9998393529
712176.999873865,714040.0002411652,719537.9998621712,725518.9997570136,726865.0002468802,730167.0001046698,731361.9999296465,732413.9998755757,732666.9997874837,734396.9998693268,741878.0000218481
713969.9998712864,714040.0002411652,719537.9998621712,725518.9997570136,726865.0002468802,730167.0001046698,731361.9999296465,732413.9998755757,732666.9997874837,734396.9998693268,740085.0000244267
713969.9998712864,714040.0002411652,719585.9997858921,725518.9997570136,726865.0002468802,730167.0001046698,731361.9999296465,732413.9998755757,732618.9998637629,734396.9998693268,740085.0000244267
713197.9998916538,714040.0002411652,719585.9997858921,725518.9997570136,726865.0002468802,730167.0001046698,731361.9999296465,732413.9998755757,732618.9998637629,734396.9998693268,740857.0000040594
713197.9998916538,719585.9997858921,720071.0002357318,724136.0001101032,725518.9997570136,726865.0002468802,731361.9999296465,732413.9998755757,732618.9998637629,734396.9998693268,740857.0000040594
713197.9998916538,718950.0000732219,719585.9997858921,720071.0002357318,725518.9997570136,726865.0002468802,731361.9999296465,732618.9998637629,734396.9998693268,737599.999912457,740857.0000040594
713197.9998916538,718950.0000732219,719585.9997858921,720071.0002357318,725518.9997570136,726257.0000440879,731970.0001324388,732618.9998637629,734396.9998693268,737599.999912457,740857.0000040594
713197.9998916538,717524.9998152702,718950.0000732219,720071.0002357318,725518.9997570136,726257.0000440879,731970.0001324388,734396.9998693268,734679.9998343848,737599.999912457,740857.0000040594
713197.9998916538,714334.9999942196,717524.9998152702,718950.0000732219,720071.0002357318,725518.9997570136,726257.0000440879,731970.0001324388,734396.9998693268,737599.999912457,761201.9998442245
713197.9998916538,714334.9999942196,717524.9998152702,718950.0000732219,722146.00014091,725518.9997570136,726257.0000440879,731970.0001324388,734396.9998693268,737599.999912457,759126.9999390463
710745.0001715699,713197.9998916538,714334.9999942196,717524.9998152702,718950.0000732219,726257.0000440879,731970.0001324388,734396.9998693268,736919.9997263538,737599.999912457,759126.9999390463
710745.0001715699,713197.9998916538,714334.9999942196,717524.9998152702,725055.0000993833,726257.0000440879,728291.9998431654,731970.0001324388,736919.9997263538,737599.999912457,759126.9999390463
710745.0001715699,713197.9998916538,714334.9999942196,717524.9998152702,725055.0000993833,726257.0000440879,726814.9999334201,728291.9998431654,736919.9997263538,742755.0001114757,759126.9999390463
699322.0000522304,710745.0001715699,717524.9998152702,725055.0000993833,726257.0000440879,726814.9999334201,728210.999833643,728291.9998431654,736919.9997263538,742755.0001114757,759126.9999390463
699322.0000522304,710745.0001715699,717524.9998152702,719583.9997491085,726257.0000440879,726814.9999334201,728210.999833643,733763.0001934402,736919.9997263538,742755.0001114757,759126.9999390463
699322.0000522304,710745.0001715699,719583.9997491085,726257.0000440879,726814.9999334201,728210.999833643,733763.0001934402,736888.9999149098,736919.9997263538,739762.9998394067,742755.0001114757
699322.0000522304,710745.0001715699,717777.0002387933,719583.9997491085,726814.9999334201,733763.0001934402,736690.9996389375,736888.9999149098,736919.9997263538,739762.9998394067,742755.0001114757
699322.0000522304,710745.0001715699,717777.0002387933,719583.9997491085,732730.0000289797,733763.0001934402,736690.9996389375,736840.0000159161,736888.9999149098,736919.9997263538,739762.9998394067
699322.0000522304,710745.0001715699,717777.0002387933,719583.9997491085,732730.0000289797,733763.0001934402,736033.0000232104,736888.9999149098,736919.9997263538,737497.9996316432,739762.9998394067
699322.0000522304,710745.0001715699,717777.0002387933,719583.9997491085,724499.9998821183,732730.0000289797,733763.0001934402,736033.0000232104,737497.9996316432,739762.9998394067,749308.9997591453
699322.0000522304,710745.0001715699,717777.0002387933,719583.9997491085,724499.9998821183,730226.9995514109,733763.0001934402,736033.0000232104,739762.9998394067,740001.000109212,749308.9997591453
708037.0004239473,710745.0001715699,717777.0002387933,719583.9997491085,724499.9998821183,725047.9998217233,730226.9995514109,736033.0000232104,739762.9998394067,740001.000109212,749308.9997591453
708037.0004239473,710745.0001715699,716209.0002637655,719583.9997491085,724499.9998821183,725047.9998217233,730226.9995514109,736033.0000232104,739762.9998394067,741569.0000842399,749308.9997591453
708037.0004239473,716209.0002637655,719583.9997491085,724499.9998821183,724684.999707538,725047.9998217233,730226.9995514109,735369.0002231773,736033.0000232104,739762.9998394067,741569.0000842399
708037.0004239473,716209.0002637655,719583.9997491085,724499.9998821183,725047.9998217233,727310.0000547878,730226.9995514109,732743.9998759276,736033.0000232104,739762.9998394067,741569.0000842399
708037.0004239473,716209.0002637655,719583.9997491085,720050.9999147451,725047.9998217233,727310.0000547878,730226.9995514109,732743.9998759276,736033.0000232104,741569.0000842399,744211.9998067799
708037.0004239473,713776.0001090976,716209.0002637655,719583.9997491085,720050.9999147451,725047.9998217233,727310.0000547878,732743.9998759276,736033.0000232104,744211.9998067799,758019.9995265532
706550.0000269095,713776.0001090976,716209.0002637655,719583.9997491085,720050.9999147451,726535.0002187612,727310.0000547878,732743.9998759276,736033.0000232104,744211.9998067799,758019.9995265532
713776.0001090976,714130.0000045653,716209.0002637655,719583.9997491085,720050.9999147451,726535.0002187612,727310.0000547878,728453.0000455546,732743.9998759276,744211.9998067799,758019.9995265532
713776.0001090976,714130.0000045653,714189.0001914618,716209.0002637655,719583.9997491085,727310.0000547878,728453.0000455546,732396.9999420445,732743.9998759276,744211.9998067799,758019.9995265532
699865.0000119872,713776.0001090976,716209.0002637655,719583.9997491085,727310.0000547878,728453.0000455546,728454.0001840399,732396.9999420445,732743.9998759276,744211.9998067799,758019.9995265532
699865.0000119872,713776.0001090976,716209.0002637655,724052.000181288,727310.0000547878,728275.999443748,728453.0000455546,728454.0001840399,732396.9999420445,744211.9998067799,758019.9995265532
699865.0000119872,700914.0000156661,724052.000181288,727310.0000547878,728275.999443748,728453.0000455546,728454.0001840399,729071.0003571969,732396.9999420445,744211.9998067799,758019.9995265532
699865.0000119872,705964.0005433355,724020.9998295276,724052.000181288,727310.0000547878,728275.999443748,728453.0000455546,728454.0001840399,732396.9999420445,744211.9998067799,758019.9995265532
699865.0000119872,705964.0005433355,724020.9998295276,724052.000181288,727206.0000378757,727310.0000547878,728275.999443748,728453.0000455546,733645.0000882087,744211.9998067799,758019.9995265532
699865.0000119872,723144.0000910889,724020.9998295276,724052.000181288,727206.0000378757,727310.0000547878,728275.999443748,728453.0000455546,733645.0000882087,740839.9999787996,744211.9998067799
699865.0000119872,718287.9995580422,723144.0000910889,724020.9998295276,727206.0000378757,727310.0000547878,728453.0000455546,733645.0000882087,734040.0000669939,740839.9999787996,744211.9998067799
699865.0000119872,715569.000384641,718287.9995580422,723144.0000910889,724020.9998295276,727310.0000547878,728453.0000455546,733645.0000882087,734040.0000669939,740839.9999787996,755848.9994600146
699865.0000119872,714552.9997273886,715569.000384641,723144.0000910889,724020.9998295276,727310.0000547878,728453.0000455546,733645.0000882087,737774.9998976474,740839.9999787996,755848.9994600146
699865.0000119872,714552.9997273886,718749.9997853176,723144.0000910889,724020.9998295276,727310.0000547878,728453.0000455546,733645.0000882087,737774.9998976474,740839.9999787996,752668.000059338
699865.0000119872,702264.9999775002,718749.9997853176,723144.0000910889,724020.9998295276,728453.0000455546,733645.0000882087,737774.9998976474,739597.9998046763,740839.9999787996,752668.000059338
699865.0000119872,702264.9999775002,718472.9999997842,718749.9997853176,723144.0000910889,724020.9998295276,733645.0000882087,737774.9998976474,739597.9998046763,750820.00002457,752668.000059338
699865.0000119872,702264.9999775002,718472.9999997842,718749.9997853176,723144.0000910889,724020.9998295276,734632.9999959123,737774.9998976474,739597.9998046763,749832.0001168664,752668.000059338
699865.0000119872,702420.0000895286,718472.9999997842,718749.9997853176,723144.0000910889,724020.9998295276,734632.9999959123,737619.999785619,739597.9998046763,749832.0001168664,752668.000059338
699865.0000119872,702420.0000895286,718472.9999997842,718749.9997853176,723144.0000910889,724020.9998295276,725691.0001511064,737619.999785619,739597.9998046763,749832.0001168664,761609.999904144
699865.0000119872,718472.9999997842,718749.9997853176,719709.0001885352,722308.9997056697,723144.0000910889,724020.9998295276,725691.0001511064,737619.999785619,749832.0001168664,761609.999904144
699865.0000119872,714055.9997372148,718749.9997853176,719709.0001885352,722308.9997056697,724020.9998295276,725691.0001511064,727561.0003536583,737619.999785619,749832.0001168664,761609.999904144
699865.0000119872,705363.0000483401,718749.9997853176,719709.0001885352,722308.9997056697,724020.9998295276,725691.0001511064,736254.000042533,737619.999785619,749832.0001168664,761609.999904144
699865.0000119872,705363.0000483401,718578.0001255278,718749.9997853176,719709.0001885352,722308.9997056697,724020.9998295276,736254.000042533,737619.999785619,756945.000142445,761609.999904144
699865.0000119872,703019.0003480312,705363.0000483401,718578.0001255278,718749.9997853176,724020.9998295276,736254.000042533,737619.999785619,738998.9995461737,756945.000142445,761609.999904144
699865.0000119872,703019.0003480312,705363.0000483401,718578.0001255278,720144.9999040881,724020.9998295276,736254.000042533,737619.999785619,738998.9995461737,756945.000142445,760214.9997853735
699865.0000119872,705363.0000483401,716216.0002282016,718578.0001255278,720144.9999040881,724020.9998295276,724422.9999054485,736254.000042533,738998.9995461737,756945.000142445,760214.9997853735
699865.0000119872,705363.0000483401,712998.0000434078,718578.0001255278,720144.9999040881,724020.9998295276,724422.9999054485,736254.000042533,742216.9997309677,756945.000142445,760214.9997853735
699865.0000119872,705363.0000483401,712998.0000434078,716406.9999656338,722316.0000639821,724020.9998295276,724422.9999054485,736254.000042533,742216.9997309677,756945.000142445,760214.9997853735
699865.0000119872,705363.0000483401,712998.0000434078,715099.0000556284,722316.0000639821,724020.9998295276,724422.9999054485,736254.000042533,742216.9997309677,756945.000142445,761522.9996953789
699865.0000119872,705363.0000483401,712998.0000434078,713761.0000596608,723654.0000599497,724020.9998295276,724422.9999054485,736254.000042533,742216.9997309677,756945.000142445,761522.9996953789
699865.0000119872,705363.0000483401,712998.0000434078,718420.0001132948,718995.0000063156,724020.9998295276,724422.9999054485,736254.000042533,742216.9997309677,756945.000142445,761522.9996953789
699865.0000119872,705363.0000483401,712998.0000434078,718420.0001132948,721024.9998860965,724020.9998295276,724422.9999054485,736254.000042533,742216.9997309677,756945.000142445,759492.9998155981
699865.0000119872,706497.99988721,712998.0000434078,718420.0001132948,721024.9998860965,724020.9998295276,724422.9999054485,735119.0002036631,742216.9997309677,756945.000142445,759492.9998155981
706497.99988721,712998.0000434078,718420.0001132948,721024.9998860965,723816.0000847966,724020.9998295276,724422.9999054485,732994.0000696356,735119.0002036631,742216.9997309677,759492.9998155981
712490.0002835123,712998.0000434078,718420.0001132948,721024.9998860965,723816.0000847966,724020.9998295276,724422.9999054485,729126.9998073608,732994.0000696356,742216.9997309677,759492.9998155981
712998.0000434078,717313.9999147253,718420.0001132948,721024.9998860965,723816.0000847966,724020.9998295276,724303.0001761478,724422.9999054485,732994.0000696356,742216.9997309677,759492.9998155981
717313.9999147253,718043.9999085723,718420.0001132948,719377.000040284,721024.9998860965,723816.0000847966,724020.9998295276,724303.0001761478,732994.0000696356,742216.9997309677,759492.9998155981
708887.0000504968,717313.9999147253,718043.9999085723,718420.0001132948,719377.000040284,721024.9998860965,723816.0000847966,732994.0000696356,739436.9999551786,742216.9997309677,759492.9998155981
711793.0001769263,717313.9999147253,718043.9999085723,718420.0001132948,719377.000040284,721024.9998860965,723816.0000847966,732994.0000696356,736530.9998287491,742216.9997309677,759492.9998155981
711793.0001769263,713981.0000584358,718043.9999085723,718420.0001132948,719377.000040284,721024.9998860965,723816.0000847966,736326.999925925,736530.9998287491,742216.9997309677,759492.9998155981
711793.0001769263,713981.0000584358,718043.9999085723,718420.0001132948,721024.9998860965,723816.0000847966,729633.9997221233,731960.0000491284,736326.999925925,736530.9998287491,759492.9998155981
711793.0001769263,713981.0000584358,717127.0000487418,718043.9999085723,722317.9999506494,723816.0000847966,729633.9997221233,731960.0000491284,736326.999925925,736530.9998287491,759492.9998155981
713981.0000584358,717127.0000487418,718043.9999085723,721260.9998441454,722317.9999506494,723816.0000847966,726859.0002587059,729633.9997221233,731960.0000491284,736530.9998287491,759492.9998155981
713981.0000584358,717127.0000487418,718043.9999085723,721260.9998441454,721778.9999690938,722317.9999506494,723816.0000847966,729633.9997221233,731960.0000491284,741611.0001183612,759492.9998155981
713981.0000584358,717127.0000487418,718043.9999085723,721260.9998441454,721778.9999690938,723816.0000847966,729086.9997029228,729633.9997221233,731960.0000491284,741611.0001183612,752724.0000633248
713981.0000584358,715558.9999691148,717127.0000487418,718043.9999085723,721260.9998441454,721778.9999690938,723816.0000847966,729086.9997029228,741611.0001183612,746034.9998021369,752724.0000633248
706406.0000286336,715558.9999691148,718043.9999085723,721260.9998441454,721778.9999690938,723816.0000847966,724702.000078544,729086.9997029228,741611.0001183612,746034.9998021369,752724.0000633248
706406.0000286336,715558.9999691148,721260.9998441454,721778.9999690938,723410.9996833964,723816.0000847966,724702.000078544,729086.9997029228,740668.0000273128,741611.0001183612,752724.0000633248
711483.0000413705,715558.9999691148,719625.0000658071,721260.9998441454,721778.9999690938,723410.9996833964,723816.0000847966,729086.9997029228,740668.0000273128,741611.0001183612,752724.0000633248
694593.9999787449,715558.9999691148,719625.0000658071,721778.9999690938,723410.9996833964,723816.0000847966,729086.9997029228,738149.999906771,740668.0000273128,741611.0001183612,752724.0000633248
694593.9999787449,715558.9999691148,715720.9998780399,719625.0000658071,721778.9999690938,723410.9996833964,729086.9997029228,738149.999906771,741611.0001183612,748763.0002340694,752724.0000633248
694593.9999787449,715558.9999691148,719625.0000658071,721778.9999690938,723410.9996833964,729086.9997029228,732177.0002737859,732306.9998383234,738149.999906771,741611.0001183612,752724.0000633248
694593.9999787449,715558.9999691148,719625.0000658071,722041.0005066236,723410.9996833964,729086.9997029228,732177.0002737859,732306.9998383234,738149.999906771,741348.9995808314,752724.0000633248
694593.9999787449,715558.9999691148,719625.0000658071,722041.0005066236,723410.9996833964,725124.0000336848,732177.0002737859,732306.9998383234,738149.999906771,741348.9995808314,756686.9997325628
706743.9999840948,712974.0000283349,715558.9999691148,719625.0000658071,722041.0005066236,723410.9996833964,732177.0002737859,732306.9998383234,738149.999906771,741348.9995808314,756686.9997325628
703429.999885222,706743.9999840948,712974.0000283349,719625.0000658071,722041.0005066236,732177.0002737859,732306.9998383234,735539.9997672893,738149.999906771,741348.9995808314,756686.9997325628
703429.999885222,706743.9999840948,712974.0000283349,719625.0000658071,722041.0005066236,725433.9996281397,732177.0002737859,738149.999906771,741348.9995808314,742412.999977473,756686.9997325628
706743.9999840948,712620.9995422974,712974.0000283349,716242.9999710642,719625.0000658071,722041.0005066236,732177.0002737859,738149.999906771,741348.9995808314,742412.999977473,756686.9997325628
706743.9999840948,712620.9995422974,712974.0000283349,716242.9999710642,716683.0000031034,719625.0000658071,732177.0002737859,738149.999906771,742412.999977473,746707.0000843516,756686.9997325628
706743.9999840948,712620.9995422974,713635.0001508656,716242.9999710642,716683.0000031034,719625.0000658071,732177.0002737859,738149.999906771,742412.999977473,746707.0000843516,756025.9996100321
712620.9995422974,713635.0001508656,714772.0002428348,716242.9999710642,716683.0000031034,719625.0000658071,730121.999648031,732177.0002737859,742412.999977473,746707.0000843516,756025.9996100321
712620.9995422974,713635.0001508656,715199.9999063744,716242.9999710642,716683.0000031034,719625.0000658071,729693.9999844914,732177.0002737859,742412.999977473,746707.0000843516,756025.9996100321
712620.9995422974,713635.0001508656,716242.9999710642,716683.0000031034,717593.9998936509,719625.0000658071,729693.9999844914,732177.0002737859,742412.999977473,744313.0000970751,756025.9996100321
712620.9995422974,713635.0001508656,715991.0003929988,716242.9999710642,716683.0000031034,717593.9998936509,729693.9999844914,735810.9999465942,742412.999977473,744313.0000970751,756025.9996100321
712620.9995422974,713635.0001508656,714813.9999134763,716242.9999710642,716683.0000031034,717593.9998936509,729693.9999844914,736988.0004261167,742412.999977473,744313.0000970751,756025.9996100321
712620.9995422974,714158.9997846726,714813.9999134763,716242.9999710642,716683.0000031034,717593.9998936509,729693.9999844914,736988.0004261167,742412.999977473,744313.0000970751,755501.9999762252
712620.9995422974,714158.9997846726,714494.9999803483,714813.9999134763,716242.9999710642,716683.0000031034,732792.999897794,736988.0004261167,742412.999977473,744313.0000970751,755501.9999762252
712620.9995422974,714158.9997846726,714813.9999134763,716242.9999710642,716683.0000031034,719264.9999227347,728022.9999554076,736988.0004261167,742412.999977473,744313.0000970751,755501.9999762252
712620.9995422974,714158.9997846726,714813.9999134763,716242.9999710642,718745.0000522404,719264.9999227347,725960.9999062705,736988.0004261167,742412.999977473,744313.0000970751,755501.9999762252
712620.9995422974,713201.9999138055,714158.9997846726,716242.9999710642,719264.9999227347,720357.0000519112,725960.9999062705,736988.0004261167,742412.999977473,744313.0000970751,755501.9999762252
712620.9995422974,714158.9997846726,716242.9999710642,719264.9999227347,720357.0000519112,722525.0000258216,725960.9999062705,727665.0003141006,742412.999977473,744313.0000970751,755501.9999762252
712620.9995422974,714158.9997846726,716242.9999710642,717782.0003594534,719264.9999227347,720357.0000519112,725960.9999062705,732407.999980469,742412.999977473,744313.0000970751,755501.9999762252
713829.9997694347,714158.9997846726,715033.9997439269,717782.0003594534,719264.9999227347,720357.0000519112,725960.9999062705,732407.999980469,742412.999977473,744313.0000970751,755501.9999762252
713829.9997694347,714158.9997846726,715033.9997439269,717782.0003594534,719264.9999227347,720357.0000519112,725960.9999062705,731393.9997018494,742412.999977473,744313.0000970751,756516.0002548448
713829.9997694347,714158.9997846726,717782.0003594534,719022.9998077233,719264.9999227347,720357.0000519112,725960.9999062705,731393.9997018494,738423.9999136766,744313.0000970751,756516.0002548448
713829.9997694347,714158.9997846726,714479.000095687,719022.9998077233,719264.9999227347,723660.0003156776,725960.9999062705,731393.9997018494,738423.9999136766,744313.0000970751,756516.0002548448
713829.9997694347,714158.9997846726,714479.000095687,717073.0002938128,719022.9998077233,719264.9999227347,725960.9999062705,737980.9997237142,738423.9999136766,744313.0000970751,756516.0002548448
713222.9999763293,713829.9997694347,714158.9997846726,717073.0002938128,719022.9998077233,720521.0000420924,725960.9999062705,737980.9997237142,738423.9999136766,744313.0000970751,756516.0002548448
713222.9999763293,713829.9997694347,714070.0001690194,717073.0002938128,719022.9998077233,720521.0000420924,725960.9999062705,737980.9997237142,738423.9999136766,744313.0000970751,756604.999870498
713222.9999763293,713829.9997694347,714070.0001690194,717073.0002938128,719022.9998077233,725960.9999062705,726260.9999972186,732240.999768588,738423.9999136766,744313.0000970751,756604.999870498
709412.9998118095,713829.9997694347,714070.0001690194,717073.0002938128,719022.9998077233,725960.9999062705,726260.9999972186,736050.9999331078,738423.9999136766,744313.0000970751,756604.999870498
707649.0000341147,709412.9998118095,714070.0001690194,719022.9998077233,723254.0000291328,725960.9999062705,726260.9999972186,736050.9999331078,738423.9999136766,744313.0000970751,756604.999870498
707649.0000341147,714070.0001690194,715658.9997889313,719022.9998077233,720015.0000200968,723254.0000291328,725960.9999062705,736050.9999331078,738423.9999136766,744313.0000970751,756604.999870498
707649.0000341147,714070.0001690194,715658.9997889313,719022.9998077233,720015.0000200968,723254.0000291328,725527.9999344833,736483.999904895,738423.9999136766,744313.0000970751,756604.999870498
707649.0000341147,714070.0001690194,715546.9999659277,715658.9997889313,719022.9998077233,720015.0000200968,723254.0000291328,738423.9999136766,744313.0000970751,746464.9998734506,756604.999870498
714070.0001690194,714694.9998825507,715546.9999659277,715658.9997889313,719022.9998077233,720015.0000200968,723254.0000291328,731378.0000652407,744313.0000970751,746464.9998734506,756604.999870498
714070.0001690194,714694.9998825507,715658.9997889313,718431.9999186832,719022.9998077233,720015.0000200968,723254.0000291328,731378.0000652407,743579.9999206951,744313.0000970751,756604.999870498
714694.9998825507,715658.9997889313,718431.9999186832,719022.9998077233,720015.0000200968,723254.0000291328,728453.9997577451,731378.0000652407,742221.0002817723,743579.9999206951,744313.0000970751
712965.0001649993,714694.9998825507,715658.9997889313,719022.9998077233,720015.0000200968,723254.0000291328,728453.9997577451,731378.0000652407,742221.0002817723,744313.0000970751,749046.999674379
712965.0001649993,714694.9998825507,715658.9997889313,719022.9998077233,723254.0000291328,728453.9997577451,731378.0000652407,733326.9996513296,735735.0000431462,742221.0002817723,744313.0000970751
704825.9997762045,714694.9998825507,719022.9998077233,723254.0000291328,723798.0001777261,728453.9997577451,731378.0000652407,733326.9996513296,735735.0000431462,742221.0002817723,744313.0000970751
704825.9997762045,714694.9998825507,718031.0002198089,719022.9998077233,723798.0001777261,728453.9997577451,733326.9996513296,735735.0000431462,736600.9998745646,742221.0002817723,744313.0000970751
714694.9998825507,715420.9999188267,718031.0002198089,719022.9998077233,723798.0001777261,728453.9997577451,731626.0001391501,733326.9996513296,735735.0000431462,736600.9998745646,744313.0000970751
714694.9998825507,715420.9999188267,718031.0002198089,719022.9998077233,723630.999865657,728453.9997577451,731626.0001391501,733493.9999633988,735735.0000431462,736600.9998745646,744313.0000970751
707163.999931006,714694.9998825507,718031.0002198089,719022.9998077233,728453.9997577451,731626.0001391501,731887.9998534777,733493.9999633988,735735.0000431462,736600.9998745646,744313.0000970751
713858.9998273471,714694.9998825507,718031.0002198089,719022.9998077233,721758.999861404,731626.0001391501,731887.9998534777,733493.9999633988,735735.0000431462,736600.9998745646,744313.0000970751
713858.9998273471,714694.9998825507,716440.999886006,718031.0002198089,719022.9998077233,721758.999861404,731626.0001391501,735735.0000431462,736600.9998745646,744313.0000970751,748940.9999308705
713858.9998273471,714694.9998825507,716440.999886006,719022.9998077233,719797.0002267228,721758.999861404,731626.0001391501,734834.9998676507,735735.0000431462,744313.0000970751,748940.9999308705
711754.9999344265,713858.9998273471,714694.9998825507,716440.999886006,719022.9998077233,719797.0002267228,734834.9998676507,735735.0000431462,741630.0000661275,744313.0000970751,748940.9999308705
713858.9998273471,714694.9998825507,716440.999886006,719022.9998077233,719797.0002267228,721369.9999441069,732015.000056447,734834.9998676507,735735.0000431462,744313.0000970751,748940.9999308705
713858.9998273471,714205.9998808311,714694.9998825507,719022.9998077233,719797.0002267228,721369.9999441069,732015.000056447,734834.9998676507,735735.0000431462,744313.0000970751,751175.9999360454
713858.9998273471,714205.9998808311,714694.9998825507,719022.9998077233,719797.0002267228,721369.9999441069,732015.000056447,734834.9998676507,740759.0001115426,744313.0000970751,746151.9998676488
713858.9998273471,714694.9998825507,717842.0001844728,719022.9998077233,719797.0002267228,721369.9999441069,732015.000056447,734834.9998676507,737122.999807901,744313.0000970751,746151.9998676488
713858.9998273471,714694.9998825507,717405.0000532842,717842.0001844728,721369.9999441069,721414.9999811619,732015.000056447,734834.9998676507,737122.999807901,744313.0000970751,746151.9998676488
713858.9998273471,714694.9998825507,716515.9999419106,717405.0000532842,721369.9999441069,721414.9999811619,732015.000056447,734834.9998676507,737122.999807901,744313.0000970751,747478.0001102111
713858.9998273471,714694.9998825507,716515.9999419106,717405.0000532842,721369.9999441069,721414.9999811619,734834.9998676507,737122.999807901,739039.0000922075,740454.0000744506,744313.0000970751
713858.9998273471,714694.9998825507,716515.9999419106,717405.0000532842,721369.9999441069,721414.9999811619,722561.9998835942,737122.999807901,739039.0000922075,744313.0000970751,752727.0000585071
713858.9998273471,715619.9998665607,716515.9999419106,717405.0000532842,720489.9999971519,721369.9999441069,722561.9998835942,737122.999807901,739039.0000922075,744313.0000970751,752727.0000585071
713858.9998273471,715619.9998665607,716515.9999419106,717405.0000532842,719227.9999486116,720489.9999971519,721369.9999441069,737122.999807901,739039.0000922075,744313.0000970751,756060.9999934897
715619.9998665607,716515.9999419106,717405.0000532842,717591.9998923987,717636.9998790553,719227.9999486116,720489.9999971519,737122.999807901,739039.0000922075,744313.0000970751,756060.9999934897
715619.9998665607,716515.9999419106,717405.0000532842,717591.9998923987,717636.9998790553,719091.9999322133,719227.9999486116,720489.9999971519,739039.0000922075,756060.9999934897,762343.9999727628
714969.9999564041,715619.9998665607,716515.9999419106,717405.0000532842,719091.9999322133,719227.9999486116,720258.9998150499,720489.9999971519,739039.0000922075,756060.9999934897,762343.9999727628
715619.9998665607,716363.9997149402,716515.9999419106,717405.0000532842,718865.0000565138,719091.9999322133,719227.9999486116,720489.9999971519,739039.0000922075,756060.9999934897,762343.9999727628
715619.9998665607,716363.9997149402,716515.9999419106,716661.9998742169,717405.0000532842,718865.0000565138,719091.9999322133,720489.9999971519,739039.0000922075,758627.0000678845,762343.9999727628
712863.9999305552,715619.9998665607,716363.9997149402,716515.9999419106,716661.9998742169,717405.0000532842,718865.0000565138,720489.9999971519,745267.0000938656,758627.0000678845,762343.9999727628
703932.9999818729,712863.9999305552,715619.9998665607,716363.9997149402,716515.9999419106,718865.0000565138,720489.9999971519,730133.9999456282,745267.0000938656,758627.0000678845,762343.9999727628
712863.9999305552,715619.9998665607,716363.9997149402,716515.9999419106,718865.0000565138,719258.0001337614,720489.9999971519,729941.999941977,730133.9999456282,758627.0000678845,762343.9999727628
712863.9999305552,715619.9998665607,716363.9997149402,716515.9999419106,718865.0000565138,720489.9999971519,721822.9999820279,727377.0000937105,730133.9999456282,758627.0000678845,762343.9999727628
712863.9999305552,715338.0001428111,716363.9997149402,716515.9999419106,718865.0000565138,720771.9997209015,721822.9999820279,727377.0000937105,730133.9999456282,758627.0000678845,762343.9999727628
712863.9999305552,713165.9999602888,715338.0001428111,716363.9997149402,716515.9999419106,718865.0000565138,720771.9997209015,730133.9999456282,736034.0001154497,758627.0000678845,762343.9999727628
712863.9999305552,713165.9999602888,715338.0001428111,716515.9999419106,716755.9999583676,718472.9998130866,720771.9997209015,730133.9999456282,736034.0001154497,758627.0000678845,762343.9999727628
712863.9999305552,713165.9999602888,715338.0001428111,716515.9999419106,718472.9998130866,720771.9997209015,730133.9999456282,735582.9997159531,736034.0001154497,739800.0003102989,762343.9999727628
712185.9999519493,712863.9999305552,715338.0001428111,716515.9999419106,718472.9998130866,720771.9997209015,730133.9999456282,735582.9997159531,737014.0001237891,739800.0003102989,762343.9999727628
712185.9999519493,712863.9999305552,713242.9999264623,715338.0001428111,716515.9999419106,718472.9998130866,720771.9997209015,730133.9999456282,737014.0001237891,762140.0000997897,762343.9999727628
712185.9999519493,712863.9999305552,713242.9999264623,715338.0001428111,716515.9999419106,720771.9997209015,730133.9999456282,731845.0000588876,737014.0001237891,748767.9998539886,762343.9999727628
712863.9999305552,713242.9999264623,715338.0001428111,716515.9999419106,720771.9997209015,720891.9999614909,723139.0000493461,730133.9999456282,737014.0001237891,748767.9998539886,762343.9999727628
713242.9999264623,715338.0001428111,716515.9999419106,720771.9997209015,720891.9999614909,723139.0000493461,730133.9999456282,731118.9995958563,737014.0001237891,744089.0003074617,748767.9998539886
713242.9999264623,715338.0001428111,716515.9999419106,720771.9997209015,720891.9999614909,723112.0001643045,723139.0000493461,730133.9999456282,737014.0001237891,748767.9998539886,752095.9997390135
713242.9999264623,715338.0001428111,719565.0001332397,720771.9997209015,720891.9999614909,723112.0001643045,723139.0000493461,730133.9999456282,733964.99993246,748767.9998539886,752095.9997390135
713242.9999264623,714935.0001260586,719565.0001332397,720891.9999614909,721174.999737654,723112.0001643045,723139.0000493461,730133.9999456282,733964.99993246,748767.9998539886,752095.9997390135
713242.9999264623,714935.0001260586,720891.9999614909,721046.0003042738,721174.999737654,723112.0001643045,723139.0000493461,730133.9999456282,732483.9997614259,748767.9998539886,752095.9997390135
713242.9999264623,714935.0001260586,720891.9999614909,721174.999737654,723112.0001643045,723139.0000493461,730133.9999456282,732483.9997614259,732717.0002778498,740424.9997654374,748767.9998539886
713242.9999264623,714935.0001260586,720891.9999614909,721174.999737654,722729.0000458143,723112.0001643045,723139.0000493461,730133.9999456282,740424.9997654374,742471.9999934614,748767.9998539886
713242.9999264623,714935.0001260586,720891.9999614909,721174.999737654,723112.0001643045,723139.0000493461,724632.9996681046,730133.9999456282,738521.0001431472,742471.9999934614,748767.9998539886
713242.9999264623,714935.0001260586,720891.9999614909,721174.999737654,723112.0001643045,724107.0001475591,724632.9996681046,730133.9999456282,737553.0000449342,742471.9999934614,748767.9998539886
710905.0000306912,713242.9999264623,720891.9999614909,723112.0001643045,724107.0001475591,724632.9996681046,725204.9998330214,730133.9999456282,737553.0000449342,742471.9999934614,748767.9998539886
710905.0000306912,713242.9999264623,720891.9999614909,723112.0001643045,723496.9997299118,725204.9998330214,725243.0000857519,730133.9999456282,737553.0000449342,742471.9999934614,748767.9998539886
710905.0000306912,713242.9999264623,720891.9999614909,723112.0001643045,723496.9997299118,725204.9998330214,725243.0000857519,729668.9999935147,730133.9999456282,748767.9998539886,750356.0000448809
710905.0000306912,713242.9999264623,713989.9999355378,723112.0001643045,723496.9997299118,725204.9998330214,725243.0000857519,729668.9999935147,730133.9999456282,748767.9998539886,757258.000070834
710905.0000306912,713989.9999355378,723112.0001643045,723496.9997299118,724479.0000275642,725204.9998330214,725243.0000857519,729668.9999935147,730133.9999456282,737531.9997528867,757258.000070834
702367.9999574977,713989.9999355378,723112.0001643045,723496.9997299118,724479.0000275642,725243.0000857519,729668.9999935147,730133.9999456282,733741.9999062149,737531.9997528867,757258.000070834
702367.9999574977,713989.9999355378,717473.9996261549,723112.0001643045,724479.0000275642,729668.9999935147,730133.9999456282,731266.0001895088,733741.9999062149,737531.9997528867,757258.000070834
702367.9999574977,713989.9999355378,717473.9996261549,723112.0001643045,724479.0000275642,728720.0002666014,730133.9999456282,732214.9999164221,733741.9999062149,737531.9997528867,757258.000070834
702367.9999574977,713989.9999355378,717473.9996261549,720867.9999062243,723112.0001643045,728720.0002666014,730133.9999456282,733741.9999062149,735826.000037762,737531.9997528867,757258.000070834
713989.9999355378,716004.9999811263,716496.9999219996,717473.9996261549,720867.9999062243,723112.0001643045,728720.0002666014,733741.9999062149,735826.000037762,737531.9997528867,757258.000070834
713989.9999355378,716004.9999811263,716496.9999219996,717473.9996261549,717858.9999142927,723112.0001643045,731729.000258533,733741.9999062149,735826.000037762,737531.9997528867,757258.000070834
713989.9999355378,716004.9999811263,716496.9999219996,717473.9996261549,717858.9999142927,723112.0001643045,731729.000258533,733741.9999062149,734698.999777906,738659.0000127427,757258.000070834
716004.9999811263,716496.9999219996,717473.9996261549,717858.9999142927,721261.0000552947,723112.0001643045,731729.000258533,733741.9999062149,734698.999777906,738659.0000127427,749986.999951077
716004.9999811263,716496.9999219996,717473.9996261549,717858.9999142927,721261.0000552947,722101.9999633618,723112.0001643045,733741.9999062149,734698.999777906,738659.0000127427,759614.0002462483
716004.9999811263,716496.9999219996,716904.0000551997,717473.9996261549,721261.0000552947,722101.9999633618,723112.0001643045,733741.9999062149,734698.999777906,738659.0000127427,760569.0001053414
713622.9998353912,716004.9999811263,716496.9999219996,716904.0000551997,721261.0000552947,722101.9999633618,726962.9999550682,733741.9999062149,734698.999777906,738659.0000127427,760569.0001053414
703637.0000618917,713622.9998353912,716004.9999811263,716904.0000551997,721261.0000552947,726962.9999550682,733741.9999062149,734698.999777906,734961.9998234697,738659.0000127427,760569.0001053414
703637.0000618917,713622.9998353912,716004.9999811263,716904.0000551997,721261.0000552947,723645.999778261,726962.9999550682,733741.9999062149,734961.9998234697,749712.0000123878,760569.0001053414
703637.0000618917,713622.9998353912,715574.9998395595,716004.9999811263,716904.0000551997,721261.0000552947,726962.9999550682,733741.9999062149,734961.9998234697,757782.9999510892,760569.0001053414
703637.0000618917,713622.9998353912,716004.9999811263,716904.0000551997,721261.0000552947,726962.9999550682,733697.9997639629,733741.9999062149,734961.9998234697,739660.0000266858,760569.0001053414
703637.0000618917,713622.9998353912,714591.9998155589,716004.9999811263,721261.0000552947,726962.9999550682,733697.9997639629,733741.9999062149,737274.0000631105,739660.0000266858,760569.0001053414
703637.0000618917,713622.9998353912,714591.9998155589,716004.9999811263,726962.9999550682,729979.0001112645,730941.999970716,733697.9997639629,733741.9999062149,737274.0000631105,760569.0001053414
703637.0000618917,713622.9998353912,714591.9998155589,716004.9999811263,717899.9999203387,726962.9999550682,729979.0001112645,733741.9999062149,737274.0000631105,746739.9998143401,760569.0001053414
703637.0000618917,713622.9998353912,714591.9998155589,716004.9999811263,717899.9999203387,726962.9999550682,729979.0001112645,733741.9999062149,738207.9999908042,745805.9998866464,760569.0001053414
703637.0000618917,713622.9998353912,714591.9998155589,716004.9999811263,726962.9999550682,728420.9999708704,729979.0001112645,733741.9999062149,735284.9998361147,738207.9999908042,760569.0001053414
703637.0000618917,713013.9999327118,713622.9998353912,714591.9998155589,716004.9999811263,726962.9999550682,733741.9999062149,735284.9998361147,738207.9999908042,745386.0001494231,760569.0001053414
703637.0000618917,712021.9997069335,713013.9999327118,713622.9998353912,718575.0000897518,726962.9999550682,733741.9999062149,735284.9998361147,738207.9999908042,745386.0001494231,760569.0001053414
703637.0000618917,712021.9997069335,713013.9999327118,713622.9998353912,718575.0000897518,733741.9999062149,734154.0001019803,735284.9998361147,738207.9999908042,745386.0001494231,753377.9999584294
703637.0000618917,712021.9997069335,713013.9999327118,713622.9998353912,715561.9999755424,733741.9999062149,734154.0001019803,735284.9998361147,738207.9999908042,745386.0001494231,756391.0000726387
703637.0000618917,713013.9999327118,713622.9998353912,715561.9999755424,724335.0000325083,733741.9999062149,734154.0001019803,735284.9998361147,738207.9999908042,744077.999747064,745386.0001494231
703637.0000618917,713013.9999327118,713622.9998353912,715561.9999755424,733180.999853488,733741.9999062149,734154.0001019803,735231.9999260842,735284.9998361147,738207.9999908042,745386.0001494231
703637.0000618917,713013.9999327118,713622.9998353912,715561.9999755424,727299.0000513201,733180.999853488,733741.9999062149,734154.0001019803,735284.9998361147,738207.9999908042,753319.0000241873
703637.0000618917,707292.0001094497,713622.9998353912,715561.9999755424,727299.0000513201,733180.999853488,733741.9999062149,734154.0001019803,738207.9999908042,741006.9996593768,753319.0000241873
703637.0000618917,713622.9998353912,715561.9999755424,723367.00024258,727299.0000513201,733180.999853488,733741.9999062149,734154.0001019803,737243.9998910569,738207.9999908042,741006.9996593768
703637.0000618917,713622.9998353912,715561.9999755424,719932.0001058097,723367.00024258,727299.0000513201,733180.999853488,733741.9999062149,737243.9998910569,741006.9996593768,752429.9999869749
703637.0000618917,713622.9998353912,719932.0001058097,723367.00024258,727299.0000513201,731004.9999638504,733180.999853488,733741.9999062149,736986.9999986669,737243.9998910569,741006.9996593768
713622.9998353912,716595.9999864394,719932.0001058097,720221.9999289404,723367.00024258,727299.0000513201,731004.9999638504,733741.9999062149,736986.9999986669,737243.9998910569,741006.9996593768
714055.9999367483,716595.9999864394,719499.0000044524,720221.9999289404,723367.00024258,727299.0000513201,731004.9999638504,733741.9999062149,736986.9999986669,737243.9998910569,741006.9996593768
714055.9999367483,716595.9999864394,719499.0000044524,720221.9999289404,720913.000004799,727299.0000513201,733459.0002016313,733741.9999062149,736986.9999986669,737243.9998910569,741006.9996593768
714055.9999367483,714568.0001648258,716595.9999864394,719499.0000044524,720221.9999289404,727299.0000513201,733459.0002016313,733741.9999062149,737243.9998910569,741006.9996593768,743331.9998386401
714055.9999367483,714568.0001648258,716595.9999864394,719499.0000044524,720221.9999289404,725109.0001495242,727299.0000513201,733741.9999062149,737243.9998910569,741006.9996593768,751681.9998907472
700551.0000444103,714055.9999367483,716595.9999864394,719499.0000044524,720221.9999289404,727299.0000513201,733741.9999062149,737243.9998910569,739126.0002699397,741006.9996593768,751681.9998907472
714055.9999367483,716595.9999864394,719499.0000044524,720221.9999289404,722925.9999361959,727299.0000513201,729306.9999989617,733741.9999062149,737243.9998910569,739126.0002699397,741006.9996593768
714055.9999367483,716595.9999864394,717664.0000006888,719499.0000044524,720221.9999289404,722925.9999361959,727299.0000513201,729306.9999989617,733741.9999062149,739126.0002699397,760586.9995497449
714055.9999367483,716595.9999864394,717126.9999665191,717664.0000006888,720221.9999289404,722925.9999361959,727299.0000513201,731679.000036895,733741.9999062149,739126.0002699397,760586.9995497449
712717.9999065158,714055.9999367483,716595.9999864394,717664.0000006888,720221.9999289404,722925.9999361959,727299.0000513201,733741.9999062149,736088.0000968983,739126.0002699397,760586.9995497449
714055.9999367483,716595.9999864394,717664.0000006888,720221.9999289404,722925.9999361959,725096.9998357128,726747.0003407426,727299.0000513201,733741.9999062149,736088.0000968983,760586.9995497449
714055.9999367483,716595.9999864394,717664.0000006888,722925.9999361959,725096.9998357128,726207.9996673319,726747.0003407426,727299.0000513201,727756.0001678234,736088.0000968983,760586.9995497449
714055.9999367483,716595.9999864394,717664.0000006888,717761.0000227168,726207.9996673319,726747.0003407426,727299.0000513201,727756.0001678234,730261.9997491919,736088.0000968983,760586.9995497449
714055.9999367483,716595.9999864394,717159.0003045049,717761.0000227168,726207.9996673319,727252.0000369266,727299.0000513201,727756.0001678234,730261.9997491919,736088.0000968983,760586.9995497449
709416.9998538569,714055.9999367483,716595.9999864394,717159.0003045049,726207.9996673319,727299.0000513201,727756.0001678234,730261.9997491919,735596.0002057867,736088.0000968983,760586.9995497449
709416.9998538569,710164.0000266044,714055.9999367483,717159.0003045049,727299.0000513201,727756.0001678234,730261.9997491919,732639.9996271669,735596.0002057867,736088.0000968983,760586.9995497449
704716.9995270562,709416.9998538569,714055.9999367483,717159.0003045049,727299.0000513201,730261.9997491919,732639.9996271669,733203.0006673716,735596.0002057867,736088.0000968983,760586.9995497449
704716.9995270562,709416.9998538569,714055.9999367483,717159.0003045049,727299.0000513201,730352.9997601926,732639.9996271669,733203.0006673716,735596.0002057867,735997.0000858976,760586.9995497449
702830.0000325562,704716.9995270562,709416.9998538569,714055.9999367483,730352.9997601926,732639.9996271669,733203.0006673716,735596.0002057867,735997.0000858976,741628.0003232687,760586.9995497449
702830.0000325562,709416.9998538569,714055.9999367483,715419.0002853656,722500.9999090622,730352.9997601926,732639.9996271669,735596.0002057867,735997.0000858976,741628.0003232687,760586.9995497449
702830.0000325562,709416.9998538569,715419.0002853656,717843.0000898014,722500.9999090622,730352.9997601926,732209.9999328445,732639.9996271669,735596.0002057867,741628.0003232687,760586.9995497449
709416.9998538569,715419.0002853656,717843.0000898014,718814.0005227083,722500.9999090622,725643.9998331167,730352.9997601926,732209.9999328445,732639.9996271669,735596.0002057867,760586.9995497449
709416.9998538569,715419.0002853656,718814.0005227083,722500.9999090622,723102.0001887827,725643.9998331167,726950.9998338632,730352.9997601926,732639.9996271669,735596.0002057867,760586.9995497449
715419.0002853656,716373.9997436671,718814.0005227083,722500.9999090622,723102.0001887827,723395.9998703824,725643.9998331167,726950.9998338632,732639.9996271669,735596.0002057867,760586.9995497449
713963.9997913081,715419.0002853656,718814.0005227083,722500.9999090622,723102.0001887827,723395.9998703824,725643.9998331167,729360.9997862222,732639.9996271669,735596.0002057867,760586.9995497449
713963.9997913081,715419.0002853656,718814.0005227083,722500.9999090622,723102.0001887827,725643.9998331167,726098.0000734645,729360.9997862222,732639.9996271669,732894.0000027046,760586.9995497449
713963.9997913081,715419.0002853656,718814.0005227083,720915.999856268,722500.9999090622,725643.9998331167,726098.0000734645,731547.0001187369,732639.9996271669,732894.0000027046,760586.9995497449
715419.0002853656,718562.9999918924,718814.0005227083,720915.999856268,721498.9998728803,722500.9999090622,725643.9998331167,731547.0001187369,732639.9996271669,732894.0000027046,760586.9995497449
715419.0002853656,718562.9999918924,718814.0005227083,721498.9998728803,722500.9999090622,724070.0003431116,725643.9998331167,728392.9996318932,732639.9996271669,732894.0000027046,760586.9995497449
715419.0002853656,717423.00002351,718562.9999918924,718814.0005227083,722500.9999090622,724070.0003431116,725643.9998331167,728392.9996318932,732639.9996271669,736969.9998520749,760586.9995497449
715419.0002853656,717423.00002351,718562.9999918924,718814.0005227083,720151.0000178954,724070.0003431116,725643.9998331167,728392.9996318932,734989.9995183337,736969.9998520749,760586.9995497449
715419.0002853656,717423.00002351,718562.9999918924,718814.0005227083,720151.0000178954,724070.0003431116,725643.9998331167,732066.9998422591,733295.999641709,734989.9995183337,760586.9995497449
715419.0002853656,717423.00002351,718431.9999235343,718562.9999918924,720151.0000178954,724070.0003431116,725643.9998331167,732449.000441433,733295.999641709,734989.9995183337,760586.9995497449
708160.0003935223,717423.00002351,718431.9999235343,718562.9999918924,720151.0000178954,724070.0003431116,732449.000441433,732902.99972496,733295.999641709,734989.9995183337,760586.9995497449
708160.0003935223,717423.00002351,717864.9999222573,719129.9999931694,720151.0000178954,724070.0003431116,732449.000441433,732902.99972496,733295.999641709,734989.9995183337,760586.9995497449
708160.0003935223,713659.9995810052,717423.00002351,717864.9999222573,720151.0000178954,724070.0003431116,732449.000441433,732902.99972496,734989.9995183337,738766.0000538733,760586.9995497449
708160.0003935223,713659.9995810052,714237.0001511662,717864.9999222573,720151.0000178954,724070.0003431116,732449.000441433,732902.99972496,734989.9995183337,741951.999926217,760586.9995497449
713659.9995810052,714237.0001511662,717864.9999222573,717915.9997764799,720151.0000178954,723147.0003420024,724070.0003431116,732449.000441433,734989.9995183337,741951.999926217,760586.9995497449
713659.9995810052,714237.0001511662,715116.0001290408,717864.9999222573,717915.9997764799,723147.0003420024,724070.0003431116,732449.000441433,740024.9994071883,741951.999926217,760586.9995497449
713659.9995810052,714237.0001511662,715116.0001290408,717915.9997764799,720974.9998410782,723147.0003420024,724070.0003431116,729339.0005226121,740024.9994071883,741951.999926217,760586.9995497449
713659.9995810052,714237.0001511662,715116.0001290408,715330.999705032,717915.9997764799,723147.0003420024,724070.0003431116,734983.0006586584,740024.9994071883,741951.999926217,760586.9995497449
703614.0001805546,714237.0001511662,715116.0001290408,715330.999705032,717915.9997764799,723147.0003420024,734115.9997435622,734983.0006586584,740024.9994071883,741951.999926217,760586.9995497449
703614.0001805546,714237.0001511662,715116.0001290408,716429.0001604853,717915.9997764799,723147.0003420024,733885.0002032052,734115.9997435622,740024.9994071883,741951.999926217,760586.9995497449
703614.0001805546,714237.0001511662,715116.0001290408,716429.0001604853,717915.9997764799,722921.0000827012,733885.0002032052,734115.9997435622,740250.9996664894,741951.999926217,760586.9995497449
714237.0001511662,715116.0001290408,715696.9999216532,716429.0001604853,717915.9997764799,722921.0000827012,729869.0001851184,733885.0002032052,734115.9997435622,740250.9996664894,760586.9995497449
713066.0000172606,714237.0001511662,715116.0001290408,715696.9999216532,716429.0001604853,717915.9997764799,729869.0001851184,733885.0002032052,734115.9997435622,750105.9997319301,760586.9995497449
714237.0001511662,715116.0001290408,715696.9999216532,716429.0001604853,716447.9995617878,717915.9997764799,729869.0001851184,733885.0002032052,734115.9997435622,746724.0001874028,760586.9995497449
714237.0001511662,715116.0001290408,715696.9999216532,716447.9995617878,717915.9997764799,719102.9999992062,729869.0001851184,731211.0003644843,734115.9997435622,746724.0001874028,760586.9995497449
696646.0000128795,715116.0001290408,716447.9995617878,717915.9997764799,719102.9999992062,729869.0001851184,731211.0003644843,733288.0000599399,734115.9997435622,746724.0001874028,760586.9995497449
696646.0000128795,712921.0000277843,715116.0001290408,716447.9995617878,719102.9999992062,729869.0001851184,733288.0000599399,734115.9997435622,736206.0001131799,746724.0001874028,760586.9995497449
696646.0000128795,712921.0000277843,715116.0001290408,716447.9995617878,719102.9999992062,729869.0001851184,733288.0000599399,734115.9997435622,734766.9998947574,746724.0001874028,762025.9997681674
696646.0000128795,712921.0000277843,715116.0001290408,716447.9995617878,719102.9999992062,721390.00012755,733288.0000599399,734766.9998947574,742594.9998011306,746724.0001874028,762025.9997681674
696646.0000128795,715116.0001290408,716447.9995617878,719102.9999992062,721390.00012755,723223.9999168918,724464.0000056499,733288.0000599399,742594.9998011306,746724.0001874028,762025.9997681674
696646.0000128795,715116.0001290408,716447.9995617878,719102.9999992062,721390.00012755,722974.999983566,723223.9999168918,733288.0000599399,742594.9998011306,748213.0002094866,762025.9997681674
696646.0000128795,715116.0001290408,716447.9995617878,719102.9999992062,721390.00012755,723223.9999168918,725702.9999320004,733288.0000599399,742594.9998011306,745485.0002610522,762025.9997681674
696646.0000128795,715116.0001290408,716447.9995617878,719102.9999992062,723223.9999168918,725702.9999320004,730436.9993372415,733288.0000599399,733548.0005914392,745485.0002610522,762025.9997681674
696646.0000128795,708851.9998697521,715116.0001290408,719102.9999992062,723223.9999168918,730436.9993372415,733288.0000599399,733298.9996240361,733548.0005914392,745485.0002610522,762025.9997681674
696646.0000128795,708851.9998697521,715116.0001290408,715361.9997141517,719102.9999992062,723223.9999168918,733298.9996240361,733548.0005914392,745485.0002610522,748362.9996830297,762025.9997681674
696646.0000128795,708851.9998697521,715116.0001290408,715361.9997141517,718889.0001481085,719102.9999992062,723223.9999168918,733548.0005914392,748362.9996830297,759894.9997369798,762025.9997681674
700353.000126702,708851.9998697521,715116.0001290408,715361.9997141517,715395.9998853836,718889.0001481085,723223.9999168918,733548.0005914392,748362.9996830297,759894.9997369798,762025.9997681674
700353.000126702,708851.9998697521,715361.9997141517,715395.9998853836,716835.9999021514,717169.0003749978,723223.9999168918,733548.0005914392,748362.9996830297,759894.9997369798,762025.9997681674
700353.000126702,708851.9998697521,715361.9997141517,715395.9998853836,716835.9999021514,717169.0003749978,723223.9999168918,724481.0005312335,757429.9997432354,759894.9997369798,762025.9997681674
700353.000126702,708851.9998697521,715361.9997141517,715395.9998853836,716835.9999021514,717169.0003749978,724481.0005312335,729084.9998406298,756164.9998444294,757429.9997432354,759894.9997369798
700353.000126702,715361.9997141517,715395.9998853836,716835.9999021514,717169.0003749978,724481.0005312335,728083.9998002134,729084.9998406298,736932.9999139681,757429.9997432354,759894.9997369798
700353.000126702,715361.9997141517,715395.9998853836,716439.9998345303,716835.9999021514,717169.0003749978,724481.0005312335,729084.9998406298,748576.9998796512,757429.9997432354,759894.9997369798
700353.000126702,715086.0000116251,715395.9998853836,716439.9998345303,716835.9999021514,717169.0003749978,724757.0002337601,729084.9998406298,748576.9998796512,757429.9997432354,759894.9997369798
715086.0000116251,715395.9998853836,716439.9998345303,716835.9999021514,717169.0003749978,723365.0000453363,724757.0002337601,725564.9999610169,729084.9998406298,757429.9997432354,759894.9997369798
715086.0000116251,716439.9998345303,716835.9999021514,717169.0003749978,718582.9999403921,720177.9999903279,724757.0002337601,725564.9999610169,729084.9998406298,757429.9997432354,759894.9997369798
715086.0000116251,716439.9998345303,717169.0003749978,718582.9999403921,719130.9998771811,720177.9999903279,724757.0002337601,725564.9999610169,729084.9998406298,757429.9997432354,757599.9997619501
715086.0000116251,717169.0003749978,718582.9999403921,719130.9998771811,720177.9999903279,724757.0002337601,725564.9999610169,729084.9998406298,736484.9998760447,737554.9997204357,757429.9997432354
717169.0003749978,717416.0000250393,718582.9999403921,719130.9998771811,720177.9999903279,722427.0002203459,725564.9999610169,729084.9998406298,736484.9998760447,737554.9997204357,757429.9997432354
715223.9999842914,717169.0003749978,717416.0000250393,719130.9998771811,722427.0002203459,723536.9999464286,725564.9999610169,729084.9998406298,736484.9998760447,737554.9997204357,757429.9997432354
715758.999903838,717169.0003749978,717416.0000250393,719130.9998771811,722427.0002203459,723002.0000268819,725564.9999610169,729084.9998406298,736484.9998760447,737554.9997204357,757429.9997432354
703364.9999658475,715758.999903838,717169.0003749978,719130.9998771811,723002.0000268819,725564.9999610169,729084.9998406298,736478.0002795378,736484.9998760447,737554.9997204357,757429.9997432354
703364.9999658475,714231.9996378538,715758.999903838,717169.0003749978,719130.9998771811,723002.0000268819,736478.0002795378,736484.9998760447,737554.9997204357,740418.0001637929,757429.9997432354
703364.9999658475,715758.999903838,717169.0003749978,719130.9998771811,723002.0000268819,725250.0000855846,729399.9997160621,736478.0002795378,736484.9998760447,737554.9997204357,757429.9997432354
715758.999903838,717169.0003749978,718434.0002110032,719130.9998771811,721409.0000343821,723002.0000268819,725250.0000855846,729399.9997160621,736484.9998760447,737554.9997204357,757429.9997432354
715758.999903838,717169.0003749978,718964.9999563422,719130.9998771811,720878.0002890432,723002.0000268819,725250.0000855846,729399.9997160621,736484.9998760447,737554.9997204357,757429.9997432354
715758.999903838,717169.0003749978,717543.9998597465,718964.9999563422,719130.9998771811,720878.0002890432,723002.0000268819,736484.9998760447,737105.9999419001,737554.9997204357,757429.9997432354
706956.0003132378,715758.999903838,717169.0003749978,717543.9998597465,719130.9998771811,723002.0000268819,732886.9999321476,736484.9998760447,737105.9999419001,737554.9997204357,757429.9997432354
715758.999903838,716412.999939714,717169.0003749978,717543.9998597465,719130.9998771811,723002.0000268819,723430.0003056712,736484.9998760447,737105.9999419001,737554.9997204357,757429.9997432354
698407.0000412436,715758.999903838,717169.0003749978,717543.9998597465,719130.9998771811,723002.0000268819,736484.9998760447,737105.9999419001,737554.9997204357,741436.0002041416,757429.9997432354
698407.0000412436,714932.0000368474,717169.0003749978,717543.9998597465,719130.9998771811,723828.9998938725,736484.9998760447,737105.9999419001,737554.9997204357,741436.0002041416,757429.9997432354
698407.0000412436,715651.0000743561,717169.0003749978,717543.9998597465,719130.9998771811,723109.9998563639,736484.9998760447,737105.9999419001,737554.9997204357,741436.0002041416,757429.9997432354
698407.0000412436,715760.9998810051,717169.0003749978,717543.9998597465,719130.9998771811,723000.0000497148,736484.9998760447,737105.9999419001,737554.9997204357,741436.0002041416,757429.9997432354
698407.0000412436,715753.9997770549,717169.0003749978,717543.9998597465,719130.9998771811,723000.0000497148,736484.9998760447,737113.0000458504,737554.9997204357,741436.0002041416,757429.9997432354
703055.0000398672,715753.9997770549,717169.0003749978,717543.9998597465,719130.9998771811,723000.0000497148,731836.9998774211,737113.0000458504,737554.9997204357,741436.0002041416,757429.9997432354
703055.0000398672,709532.0003473159,715753.9997770549,717543.9998597465,723000.0000497148,726767.9999048631,731836.9998774211,737113.0000458504,737554.9997204357,741436.0002041416,757429.9997432354
703055.0000398672,709532.0003473159,715753.9997770549,717543.9998597465,723000.0000497148,726767.9999048631,731836.9998774211,737113.0000458504,737554.9997204357,740884.9996897653,757981.0002576117
703055.0000398672,709532.0003473159,715753.9997770549,717543.9998597465,723000.0000497148,726767.9999048631,728277.999816968,737113.0000458504,740884.9996897653,741113.9997808888,757981.0002576117
703055.0000398672,709532.0003473159,717543.9998597465,721057.9998488915,723000.0000497148,726767.9999048631,728277.999816968,731808.9999740138,740884.9996897653,741113.9997808888,757981.0002576117
703055.0000398672,709532.0003473159,713657.9999065183,717543.9998597465,721057.9998488915,723000.0000497148,726767.9999048631,728277.999816968,740884.9996897653,757981.0002576117,759264.9998483843
703055.0000398672,709532.0003473159,713657.9999065183,717543.9998597465,719537.9999664223,723000.0000497148,726767.9999048631,728277.999816968,740884.9996897653,757981.0002576117,760784.9997308535
703055.0000398672,706230.9994269433,713657.9999065183,717543.9998597465,719537.9999664223,723000.0000497148,728277.999816968,730069.0008252357,740884.9996897653,757981.0002576117,760784.9997308535
706230.9994269433,713657.9999065183,717543.9998597465,719537.9999664223,723000.0000497148,725320.9998810769,728277.999816968,730069.0008252357,735715.0004164021,740884.9996897653,760784.9997308535
706230.9994269433,713657.9999065183,717543.9998597465,719537.9999664223,723000.0000497148,725320.9998810769,728277.999816968,730069.0008252357,731572.0000349922,745028.0000711752,760784.9997308535
706230.9994269433,715161.0000867174,717543.9998597465,718034.9997862232,723000.0000497148,725320.9998810769,728277.999816968,730069.0008252357,731572.0000349922,745028.0000711752,760784.9997308535
706230.9994269433,715161.0000867174,717543.9998597465,718034.9997862232,723000.0000497148,724388.0002214706,725320.9998810769,728277.999816968,730069.0008252357,752211.9998846968,760784.9997308535
715045.0000159009,715161.0000867174,717543.9998597465,718034.9997862232,721255.000236278,723000.0000497148,724388.0002214706,725320.9998810769,728277.999816968,752211.9998846968,760784.9997308535
699986.9996148746,715161.0000867174,717543.9998597465,721255.000236278,723000.0000497148,724388.0002214706,725320.9998810769,728277.999816968,733093.0001872494,752211.9998846968,760784.9997308535
699986.9996148746,713551.9998283162,715161.0000867174,717543.9998597465,723000.0000497148,724388.0002214706,725320.9998810769,733093.0001872494,735981.0002249299,752211.9998846968,760784.9997308535
711533.9996739938,713551.9998283162,715161.0000867174,717543.9998597465,721546.0001281302,723000.0000497148,724388.0002214706,725320.9998810769,735981.0002249299,752211.9998846968,760784.9997308535
711533.9996739938,713551.9998283162,715161.0000867174,717391.9999044086,721546.0001281302,723000.0000497148,724388.0002214706,725320.9998810769,735981.0002249299,752211.9998846968,760936.9996861914
711533.9996739938,713551.9998283162,715161.0000867174,717391.9999044086,721546.0001281302,724388.0002214706,725320.9998810769,734009.9997664104,735981.0002249299,749926.9999694958,752211.9998846968
711533.9996739938,713551.9998283162,713896.9999299113,715161.0000867174,721546.0001281302,724388.0002214706,725320.9998810769,734009.9997664104,735981.0002249299,752211.9998846968,753421.999943993
698680.9998581962,711533.9996739938,713551.9998283162,721546.0001281302,724388.0002214706,725320.9998810769,730377.0001584325,734009.9997664104,735981.0002249299,752211.9998846968,753421.999943993
698680.9998581962,711533.9996739938,713551.9998283162,721546.0001281302,724388.0002214706,725320.9998810769,734009.9997664104,735866.0001899695,735981.0002249299,747932.9999124559,752211.9998846968
698680.9998581962,711533.9996739938,713551.9998283162,720728.0001607717,724388.0002214706,725320.9998810769,734009.9997664104,735981.0002249299,736684.0001573281,747932.9999124559,752211.9998846968
698680.9998581962,709115.9995956004,715969.9999067095,720728.0001607717,724388.0002214706,725320.9998810769,734009.9997664104,735981.0002249299,736684.0001573281,747932.9999124559,752211.9998846968
698680.9998581962,709115.9995956004,717124.0000356828,720728.0001607717,724388.0002214706,725320.9998810769,734009.9997664104,735530.0000283548,735981.0002249299,747932.9999124559,752211.9998846968
698680.9998581962,709115.9995956004,717124.0000356828,717206.9999867544,720728.0001607717,732502.0001157931,734009.9997664104,735530.0000283548,735981.0002249299,747932.9999124559,752211.9998846968
698680.9998581962,709115.9995956004,717206.9999867544,720183.0002381244,720728.0001607717,732470.9998259132,732502.0001157931,734009.9997664104,735981.0002249299,747932.9999124559,752211.9998846968
698680.9998581962,709115.9995956004,717206.9999867544,720183.0002381244,732470.9998259132,732502.0001157931,732519.0001170018,734009.9997664104,735981.0002249299,736141.9999562257,752211.9998846968
698680.9998581962,716896.9996961175,717206.9999867544,720183.0002381244,724689.9997253962,732502.0001157931,732519.0001170018,734009.9997664104,735981.0002249299,736141.9999562257,752211.9998846968
698680.9998581962,716896.9996961175,717206.9999867544,720183.0002381244,724689.9997253962,730900.9999059228,732519.0001170018,735610.9999762807,735981.0002249299,736141.9999562257,752211.9998846968
698680.9998581962,716896.9996961175,720183.0002381244,720607.9996692762,724689.9997253962,730900.9999059228,732519.0001170018,735610.9999762807,735981.0002249299,736141.9999562257,748811.000202175
698680.9998581962,716896.9996961175,720183.0002381244,723579.0000056031,724689.9997253962,730900.9999059228,732519.0001170018,732639.9996399538,735981.0002249299,736141.9999562257,748811.000202175
698680.9998581962,716896.9996961175,717186.9998196894,720183.0002381244,723579.0000056031,724689.9997253962,730900.9999059228,732519.0001170018,735981.0002249299,748811.000202175,751594.9997764901
698680.9998581962,716896.9996961175,717186.9998196894,720183.0002381244,723579.0000056031,725535.99958293,730900.9999059228,732519.0001170018,735135.000367396,748811.000202175,751594.9997764901
698680.9998581962,716896.9996961175,717186.9998196894,719730.9999037276,723579.0000056031,725987.9999173267,730900.9999059228,732519.0001170018,735135.000367396,748811.000202175,751594.9997764901
698680.9998581962,716056.9998937804,716896.9996961175,717186.9998196894,723579.0000056031,729661.9999272738,730900.9999059228,732519.0001170018,735135.000367396,748811.000202175,751594.9997764901
698680.9998581962,716056.9998937804,716896.9996961175,723579.0000056031,729661.9999272738,730900.9999059228,732519.0001170018,733110.9998854058,735135.000367396,735670.9997107738,748811.000202175
698680.9998581962,714730.9999751678,716056.9998937804,716896.9996961175,729661.9999272738,730900.9999059228,732519.0001170018,733110.9998854058,735135.000367396,744518.9997412091,748811.000202175
698680.9998581962,714730.9999751678,716056.9998937804,716896.9996961175,729661.9999272738,730541.000088703,732519.0001170018,733110.9998854058,735135.000367396,744878.9995584289,748811.000202175
698680.9998581962,716056.9998937804,716896.9996961175,719893.9998520566,729661.9999272738,730541.000088703,732519.0001170018,733110.9998854058,735135.000367396,743648.0003252862,744878.9995584289
711916.9998433272,716056.9998937804,716896.9996961175,719283.0001318709,719893.9998520566,729661.9999272738,730541.000088703,733110.9998854058,735135.000367396,743648.0003252862,744878.9995584289
716056.9998937804,716896.9996961175,719283.0001318709,719893.9998520566,721480.9997467207,723546.9999820123,729661.9999272738,730541.000088703,735135.000367396,743648.0003252862,744878.9995584289
716056.9998937804,716637.0002960206,716896.9996961175,719283.0001318709,721480.9997467207,723546.9999820123,729661.9999272738,730541.000088703,735135.000367396,744878.9995584289,746904.9998813221
716056.9998937804,716637.0002960206,716896.9996961175,719283.0001318709,721089.9994174615,721480.9997467207,729661.9999272738,730541.000088703,735135.000367396,746904.9998813221,747336.0001229797
716637.0002960206,716896.9996961175,719283.0001318709,721089.9994174615,721480.9997467207,723685.0004668289,727506.9997943476,729661.9999272738,730541.000088703,746904.9998813221,747336.0001229797
716637.0002960206,716896.9996961175,720157.0001343584,721089.9994174615,721480.9997467207,723685.0004668289,727506.9997943476,729661.9999272738,730541.000088703,746462.0001204922,746904.9998813221
700273.9999002285,716637.0002960206,716896.9996961175,721480.9997467207,723685.0004668289,727506.9997943476,729661.9999272738,730541.000088703,740972.9996515914,746462.0001204922,746904.9998813221
700273.9999002285,716637.0002960206,716896.9996961175,720155.9997090567,721480.9997467207,723685.0004668289,727506.9997943476,729661.9999272738,746462.0001204922,746904.9998813221,751358.0000312377
700273.9999002285,714174.0005105407,716637.0002960206,716896.9996961175,720155.9997090567,721480.9997467207,729661.9999272738,737017.9997506358,746462.0001204922,746904.9998813221,751358.0000312377
700273.9999002285,714174.0005105407,716637.0002960206,716896.9996961175,720155.9997090567,720504.0000826606,721480.9997467207,746175.9995952491,746462.0001204922,746904.9998813221,751358.0000312377
700273.9999002285,713151.0000758118,714174.0005105407,716637.0002960206,716896.9996961175,720155.9997090567,721480.9997467207,746175.9995952491,746904.9998813221,751358.0000312377,753815.000127341
700273.9999002285,713151.0000758118,714174.0005105407,716637.0002960206,716896.9996961175,720155.9997090567,732818.0001847477,742477.9996893139,746175.9995952491,746904.9998813221,751358.0000312377
700273.9999002285,713151.0000758118,714174.0005105407,716258.9992872851,716637.0002960206,720155.9997090567,732818.0001847477,742477.9996893139,746814.0000040814,746904.9998813221,751358.0000312377
712719.9998848888,713151.0000758118,714174.0005105407,716258.9992872851,716637.0002960206,720155.9997090567,732818.0001847477,734458.9998966618,742477.9996893139,746814.0000040814,751358.0000312377
711412.000138569,712719.9998848888,714174.0005105407,716258.9992872851,716637.0002960206,720155.9997090567,734458.9998966618,734557.0001219905,742477.9996893139,746814.0000040814,751358.0000312377
711412.000138569,712719.9998848888,714174.0005105407,716258.9992872851,716428.9997778491,716637.0002960206,734557.0001219905,738185.9998278695,742477.9996893139,746814.0000040814,751358.0000312377
712719.9998848888,714174.0005105407,716258.9992872851,716428.9997778491,716637.0002960206,731170.0000635347,731600.000106272,734557.0001219905,738185.9998278695,742477.9996893139,746814.0000040814
706942.9999405973,714174.0005105407,716258.9992872851,716428.9997778491,716637.0002960206,731170.0000635347,731600.000106272,738185.9998278695,740334.0000662819,742477.9996893139,746814.0000040814
706942.9999405973,713490.0003197124,714174.0005105407,716258.9992872851,716428.9997778491,731170.0000635347,731600.000106272,740334.0000662819,741332.9998041777,742477.9996893139,746814.0000040814
706942.9999405973,714174.0005105407,716258.9992872851,716428.9997778491,724606.0002892156,729218.0000967787,731170.0000635347,731600.000106272,741332.9998041777,742477.9996893139,746814.0000040814
706942.9999405973,714174.0005105407,714472.9998759412,716258.9992872851,716428.9997778491,729218.0000967787,731170.0000635347,731600.000106272,742477.9996893139,746814.0000040814,751466.0002174521
707819.0000904074,714174.0005105407,714472.9998759412,716258.9992872851,716428.9997778491,729218.0000967787,730293.9999137246,731600.000106272,742477.9996893139,746814.0000040814,751466.0002174521
702340.9999842565,714174.0005105407,714472.9998759412,716258.9992872851,716428.9997778491,729218.0000967787,731600.000106272,735772.0000198755,742477.9996893139,746814.0000040814,751466.0002174521
702340.9999842565,714174.0005105407,714472.9998759412,716258.9992872851,716428.9997778491,719151.9997477346,731600.000106272,735772.0000198755,746814.0000040814,751466.0002174521,752544.000038358
702340.9999842565,714174.0005105407,714472.9998759412,716258.9992872851,716428.9997778491,717442.0000435358,731600.000106272,737481.9997240743,746814.0000040814,751466.0002174521,752544.000038358
702340.9999842565,713908.0002066833,714174.0005105407,716258.9992872851,716428.9997778491,717442.0000435358,731600.000106272,737481.9997240743,746814.0000040814,752030.99988671,752544.000038358
702340.9999842565,713908.0002066833,714174.0005105407,716258.9992872851,716428.9997778491,717442.0000435358,724032.0001015823,737481.9997240743,752030.99988671,752544.000038358,754382.0000087712
702340.9999842565,713908.0002066833,714174.0005105407,716258.9992872851,717442.0000435358,719758.9999323387,720701.9999470926,737481.9997240743,752030.99988671,752544.000038358,754382.0000087712
702340.9999842565,713908.0002066833,714174.0005105407,716258.9992872851,719758.9999323387,720701.9999470926,731249.9999820384,737481.9997240743,738736.0000998555,752030.99988671,754382.0000087712
702340.9999842565,713908.0002066833,714174.0005105407,716258.9992872851,720701.9999470926,720860.0001527609,731249.9999820384,737481.9997240743,738736.0000998555,752030.99988671,753280.999788349
702340.9999842565,714174.0005105407,716258.9992872851,720701.9999470926,720860.0001527609,731004.0003520732,731249.9999820384,734934.99974132,737481.9997240743,738736.0000998555,753280.999788349
702340.9999842565,714174.0005105407,715008.0000493864,716258.9992872851,720701.9999470926,720860.0001527609,731004.0003520732,734934.99974132,737481.9997240743,753280.999788349,754978.0000325076
702340.9999842565,714174.0005105407,715008.0000493864,715789.9995034637,716258.9992872851,720701.9999470926,720860.0001527609,737481.9997240743,750149.0005899295,753280.999788349,754978.0000325076
702340.9999842565,714174.0005105407,715789.9995034637,716258.9992872851,720701.9999470926,720860.0001527609,723528.0005933311,737481.9997240743,741629.0000459849,753280.999788349,754978.0000325076
714174.0005105407,715789.9995034637,716258.9992872851,720701.9999470926,720860.0001527609,721934.9998635662,723528.0005933311,733686.9999090392,737481.9997240743,741629.0000459849,754978.0000325076
714174.0005105407,715789.9995034637,716258.9992872851,720701.9999470926,720860.0001527609,723528.0005933311,729291.999979075,733686.9999090392,734271.9999304761,737481.9997240743,754978.0000325076
700880.0000598698,714174.0005105407,715789.9995034637,716258.9992872851,723528.0005933311,729291.999979075,733686.9999090392,734271.9999304761,737481.9997240743,740682.0000399838,754978.0000325076
700880.0000598698,714174.0005105407,715789.9995034637,716258.9992872851,718053.9999385789,723528.0005933311,733686.9999090392,737481.9997240743,740682.0000399838,745509.9999709722,754978.0000325076
700880.0000598698,708993.9998901249,714174.0005105407,716258.9992872851,718053.9999385789,730324.0002066699,733686.9999090392,737481.9997240743,740682.0000399838,745509.9999709722,754978.0000325076
700880.0000598698,708993.9998901249,714174.0005105407,714649.0000123369,716258.9992872851,730324.0002066699,737091.9998352813,737481.9997240743,740682.0000399838,745509.9999709722,754978.0000325076
708993.9998901249,714174.0005105407,714649.0000123369,716258.9992872851,719315.9998199582,727074.0002108838,730324.0002066699,737091.9998352813,737481.9997240743,740682.0000399838,754978.0000325076
708993.9998901249,712879.000510355,715944.0000125226,716258.9992872851,719315.9998199582,727074.0002108838,730324.0002066699,737091.9998352813,737481.9997240743,740682.0000399838,754978.0000325076
708993.9998901249,712879.000510355,713745.0003744325,715944.0000125226,716258.9992872851,719315.9998199582,730324.0002066699,737091.9998352813,737481.9997240743,754010.999876435,754978.0000325076
698822.9998781785,712879.000510355,713745.0003744325,715944.0000125226,716258.9992872851,719315.9998199582,737091.9998352813,737481.9997240743,740495.0002186163,754010.999876435,754978.0000325076
698822.9998781785,712879.000510355,715944.0000125226,716258.9992872851,719315.9998199582,730794.0001019974,736962.0001488702,737091.9998352813,737481.9997240743,740495.0002186163,754978.0000325076
698822.9998781785,712779.000409151,715944.0000125226,716358.9993884892,719315.9998199582,730794.0001019974,736962.0001488702,737091.9998352813,737481.9997240743,740495.0002186163,754978.0000325076
698822.9998781785,712779.000409151,714498.9996802983,717803.9997207135,719315.9998199582,730794.0001019974,736962.0001488702,737091.9998352813,737481.9997240743,740495.0002186163,754978.0000325076
698822.9998781785,712779.000409151,714498.9996802983,714503.999833325,717803.9997207135,719315.9998199582,736962.0001488702,737481.9997240743,740495.0002186163,753382.0001039536,754978.0000325076
712779.000409151,714498.9996802983,714503.999833325,717144.0000813673,717803.9997207135,719315.9998199582,722174.0000154275,736962.0001488702,737481.9997240743,753382.0001039536,754978.0000325076
712779.000409151,712989.9998074425,714498.9996802983,714503.999833325,717144.0000813673,717803.9997207135,722174.0000154275,737481.9997240743,743288.0001613859,753382.0001039536,754978.0000325076
712779.000409151,712989.9998074425,713619.9995020956,714503.999833325,717144.0000813673,718682.9998989161,722174.0000154275,737481.9997240743,743288.0001613859,753382.0001039536,754978.0000325076
711318.9998140959,712779.000409151,712989.9998074425,714503.999833325,717144.0000813673,720983.9995869157,722174.0000154275,737481.9997240743,743288.0001613859,753382.0001039536,754978.0000325076
711318.9998140959,712779.000409151,714503.999833325,717144.0000813673,720983.9995869157,721667.9999596535,722174.0000154275,734610.0000091749,737481.9997240743,753382.0001039536,754978.0000325076
695574.9998975741,711318.9998140959,714503.999833325,717144.0000813673,721667.9999596535,722174.0000154275,734610.0000091749,737481.9997240743,738188.0000984926,753382.0001039536,754978.0000325076
695574.9998975741,705439.0000589718,711318.9998140959,714503.999833325,721667.9999596535,733879.000037823,734610.0000091749,737481.9997240743,738188.0000984926,753382.0001039536,754978.0000325076
695574.9998975741,705439.0000589718,714503.999833325,721667.9999596535,722332.9998215089,727174.0000910796,733879.000037823,734610.0000091749,737481.9997240743,753382.0001039536,754978.0000325076
695574.9998975741,713482.9997383459,714503.999833325,721667.9999596535,722332.9998215089,725835.000358449,727174.0000910796,734610.0000091749,737481.9997240743,753382.0001039536,754978.0000325076
695574.9998975741,713482.9997383459,714503.999833325,721667.9999596535,722332.9998215089,725835.000358449,727174.0000910796,728993.0000974662,737481.9997240743,754978.0000325076,758999.0000156624
695574.9998975741,713482.9997383459,714503.999833325,721667.9999596535,724167.9998008161,725835.000358449,727174.0000910796,728993.0000974662,737481.9997240743,754978.0000325076,757164.0000363552
695574.9998975741,713482.9997383459,714503.999833325,721667.9999596535,721954.0000779264,724167.9998008161,725835.000358449,727174.0000910796,737481.9997240743,757164.0000363552,762017.0000520473
713482.9997383459,714190.9999438636,714503.999833325,721667.9999596535,721954.0000779264,724167.9998008161,725835.000358449,727174.0000910796,737481.9997240743,738547.9999900657,762017.0000520473
714190.9999438636,714503.999833325,716312.0001807347,721667.9999596535,721954.0000779264,723005.9999160601,724167.9998008161,727174.0000910796,737481.9997240743,738547.9999900657,762017.0000520473
713069.9998637863,714190.9999438636,714503.999833325,721667.9999596535,721954.0000779264,724167.9998008161,726248.0002330085,727174.0000910796,737481.9997240743,738547.9999900657,762017.0000520473
713069.9998637863,713330.0001313303,714190.9999438636,721954.0000779264,722841.9996616482,724167.9998008161,726248.0002330085,727174.0000910796,737481.9997240743,738547.9999900657,762017.0000520473
713069.9998637863,713330.0001313303,714190.9999438636,722841.9996616482,724167.9998008161,726248.0002330085,727174.0000910796,729532.9998065596,729902.999995441,738547.9999900657,762017.0000520473
713069.9998637863,713330.0001313303,714190.9999438636,724167.9998008161,726248.0002330085,727174.0000910796,729532.9998065596,729902.999995441,738326.9997979006,738547.9999900657,746531.9999157949
713069.9998637863,714190.9999438636,718250.9998360374,724167.9998008161,726248.0002330085,727174.0000910796,729532.9998065596,729902.999995441,738326.9997979006,738547.9999900657,741611.0002110878
714190.9999438636,717692.0001257552,718250.9998360374,721625.9999710396,724167.9998008161,727174.0000910796,729532.9998065596,729902.999995441,738326.9997979006,738547.9999900657,741611.0002110878
714190.9999438636,717692.0001257552,718250.9998360374,721625.9999710396,724167.9998008161,727174.0000910796,729532.9998065596,729902.999995441,734665.0001356923,738547.9999900657,745272.999873296
714190.9999438636,715856.999904267,717692.0001257552,721625.9999710396,724167.9998008161,727174.0000910796,729532.9998065596,729902.999995441,737059.0000674627,738547.9999900657,745272.999873296
714190.9999438636,715856.999904267,717692.0001257552,719470.9997228382,721625.9999710396,727174.0000910796,729532.9998065596,729902.999995441,737059.0000674627,743245.0000680436,745272.999873296
701047.9999017508,714190.9999438636,715856.999904267,719470.9997228382,727174.0000910796,729532.9998065596,729902.999995441,737059.0000674627,738270.000195044,743245.0000680436,745272.999873296
701047.9999017508,714190.9999438636,715856.999904267,721367.0000467169,727174.0000910796,729532.9998065596,729902.999995441,737059.0000674627,738270.000195044,741348.9997441649,745272.999873296
701047.9999017508,715818.9999803789,715856.999904267,719739.0000102016,727174.0000910796,729532.9998065596,729902.999995441,737059.0000674627,738270.000195044,741348.9997441649,745272.999873296
701047.9999017508,715856.999904267,716587.0000196466,718970.9999709339,727174.0000910796,729532.9998065596,729902.999995441,737059.0000674627,738270.000195044,741348.9997441649,745272.999873296
701047.9999017508,716587.0000196466,718419.9998350968,718970.9999709339,727174.0000910796,729532.9998065596,729902.999995441,734496.0001366329,738270.000195044,741348.9997441649,745272.999873296
701047.9999017508,713791.999982263,716587.0000196466,718970.9999709339,727174.0000910796,729532.9998065596,729902.999995441,738270.000195044,739123.9999894667,741348.9997441649,745272.999873296
701047.9999017508,713791.999982263,716587.0000196466,718970.9999709339,719161.9993286426,729532.9998065596,729902.999995441,738270.000195044,739123.9999894667,745272.999873296,749361.0005066019
713791.999982263,714689.0003286094,716587.0000196466,718970.9999709339,719161.9993286426,724628.9997681854,729532.9998065596,729902.999995441,739123.9999894667,745272.999873296,749361.0005066019
713791.999982263,716587.0000196466,717663.9998021186,718970.9999709339,719161.9993286426,721654.000294676,729532.9998065596,729902.999995441,739123.9999894667,745272.999873296,749361.0005066019
713791.999982263,716587.0000196466,716808.0004208942,718970.9999709339,719161.9993286426,722509.9996759004,729532.9998065596,729902.999995441,739123.9999894667,745272.999873296,749361.0005066019
713791.999982263,716587.0000196466,716808.0004208942,718970.9999709339,719161.9993286426,722509.9996759004,728214.999892753,729902.999995441,739123.9999894667,746590.9997871027,749361.0005066019
713791.999982263,715099.9999446252,716587.0000196466,718970.9999709339,719161.9993286426,722509.9996759004,729902.999995441,729923.000369022,739123.9999894667,746590.9997871027,749361.0005066019
715099.9999446252,716587.0000196466,718970.9999709339,719161.9993286426,722509.9996759004,723113.0000499531,729802.9999217766,729902.999995441,729923.000369022,746590.9997871027,749361.0005066019
714684.0003896381,716587.0000196466,718970.9999709339,719161.9993286426,722509.9996759004,723113.0000499531,729802.9999217766,729902.999995441,730338.9999240091,746590.9997871027,749361.0005066019
713933.0003730607,716587.0000196466,718970.9999709339,719161.9993286426,722509.9996759004,723113.0000499531,729802.9999217766,729902.999995441,731089.9999405865,746590.9997871027,749361.0005066019
713933.0003730607,716587.0000196466,718970.9999709339,719161.9993286426,721537.9998562789,722509.9996759004,723113.0000499531,729802.9999217766,731089.9999405865,749361.0005066019,754955.9999262647
712883.0003942143,716587.0000196466,718970.9999709339,719161.9993286426,721537.9998562789,722509.9996759004,723113.0000499531,729802.9999217766,732139.9999194329,749361.0005066019,754955.9999262647
715277.9998067908,716587.0000196466,718970.9999709339,719161.9993286426,721537.9998562789,722509.9996759004,723113.0000499531,729745.0005068564,729802.9999217766,749361.0005066019,754955.9999262647
715277.9998067908,716587.0000196466,718970.9999709339,719161.9993286426,721537.9998562789,722509.9996759004,723113.0000499531,729802.9999217766,733677.0004339408,749361.0005066019,751023.9999991803
715277.9998067908,716587.0000196466,718970.9999709339,719161.9993286426,722509.9996759004,723113.0000499531,729802.9999217766,731385.9997572347,733677.0004339408,741176.0000982245,749361.0005066019
713362.0006675333,715277.9998067908,716587.0000196466,718970.9999709339,719161.9993286426,723113.0000499531,729802.9999217766,731385.9997572347,741176.0000982245,742824.999442308,749361.0005066019
709464.0007016733,715277.9998067908,716587.0000196466,718970.9999709339,719161.9993286426,727011.000015813,729802.9999217766,731385.9997572347,741176.0000982245,742824.999442308,749361.0005066019
713078.9997512504,715277.9998067908,716587.0000196466,718970.9999709339,719161.9993286426,727011.000015813,727771.0007076577,729802.9999217766,741176.0000982245,742824.999442308,749361.0005066019
710285.9998956202,713078.9997512504,716587.0000196466,718970.9999709339,719161.9993286426,727011.000015813,729802.9999217766,732763.0006188283,741176.0000982245,742824.999442308,749361.0005066019
710285.9998956202,713078.9997512504,716587.0000196466,718970.9999709339,727011.000015813,729471.9999188889,729802.9999217766,732763.0006188283,739050.9999163556,741176.0000982245,742824.999442308
707765.9998769976,713078.9997512504,716587.0000196466,718970.9999709339,729471.9999188889,729531.0000344357,729802.9999217766,732763.0006188283,739050.9999163556,741176.0000982245,742824.999442308
707765.9998769976,713078.9997512504,716587.0000196466,718970.9999709339,726054.9996437633,729471.9999188889,732763.0006188283,733279.000312449,739050.9999163556,741176.0000982245,742824.999442308
711817.0004951863,713078.9997512504,716587.0000196466,718970.9999709339,726054.9996437633,728712.0000006396,729471.9999188889,733279.000312449,739050.9999163556,741176.0000982245,742824.999442308
711817.0004951863,713078.9997512504,717840.000010472,718970.9999709339,726054.9996437633,728712.0000006396,729471.9999188889,733279.000312449,737797.9999255302,741176.0000982245,742824.999442308
711817.0004951863,712825.9999755382,713078.9997512504,723985.0000058677,726054.9996437633,728712.0000006396,729471.9999188889,733279.000312449,737797.9999255302,741176.0000982245,742824.999442308
711817.0004951863,712825.9999755382,713078.9997512504,716531.0000064416,723985.0000058677,729471.9999188889,733279.000312449,737797.9999255302,738235.9996379613,741176.0000982245,742824.999442308
711817.0004951863,712825.9999755382,713078.9997512504,716531.0000064416,723985.0000058677,727867.0001564428,733279.000312449,738235.9996379613,739402.9996879763,741176.0000982245,742824.999442308
708125.9999637052,712825.9999755382,713078.9997512504,720222.0005379227,723985.0000058677,727867.0001564428,733279.000312449,738235.9996379613,739402.9996879763,741176.0000982245,742824.999442308
708125.9999637052,712825.9999755382,713078.9997512504,713521.9999435651,723985.0000058677,727867.0001564428,733279.000312449,738235.9996379613,739402.9996879763,741176.0000982245,749525.0000366656
708125.9999637052,713078.9997512504,713521.9999435651,716443.9999409412,720367.0000404647,727867.0001564428,733279.000312449,738235.9996379613,739402.9996879763,741176.0000982245,749525.0000366656
708125.9999637052,713078.9997512504,715010.0005601996,716443.9999409412,720367.0000404647,727867.0001564428,733279.000312449,738235.9996379613,739402.9996879763,741176.0000982245,748036.9994200311
708125.9999637052,713078.9997512504,715010.0005601996,716647.0002925392,720367.0000404647,727663.9998048447,733279.000312449,738235.9996379613,739402.9996879763,741176.0000982245,748036.9994200311
713078.9997512504,715010.0005601996,716647.0002925392,720367.0000404647,721107.0002292737,727663.9998048447,728194.999832656,733279.000312449,738235.9996379613,739402.9996879763,748036.9994200311
713078.9997512504,715431.0002772721,716647.0002925392,720367.0000404647,721107.0002292737,727663.9998048447,728194.999832656,733279.000312449,738235.9996379613,739402.9996879763,747615.9997029586
715431.0002772721,716647.0002925392,716894.9997467473,720367.0000404647,721107.0002292737,724378.9998371591,727663.9998048447,733279.000312449,738235.9996379613,739402.9996879763,747615.9997029586
706859.0000285654,715431.0002772721,716647.0002925392,716894.9997467473,724378.9998371591,727663.9998048447,733279.000312449,734615.000241173,738235.9996379613,739402.9996879763,747615.9997029586
706859.0000285654,715431.0002772721,716647.0002925392,716894.9997467473,724378.9998371591,727663.9998048447,734460.0001411553,734615.000241173,737054.9998092549,739402.9996879763,747615.9997029586
706859.0000285654,715431.0002772721,716647.0002925392,716894.9997467473,718905.0001076104,727663.9998048447,734460.0001411553,734615.000241173,737054.9998092549,739402.9996879763,753089.9994325073
706859.0000285654,713165.9999721572,715431.0002772721,716647.0002925392,716894.9997467473,727663.9998048447,734460.0001411553,734615.000241173,737054.9998092549,739402.9996879763,758828.9995679605
706859.0000285654,715431.0002772721,716647.0002925392,716894.9997467473,722466.0001583488,725159.9999549637,727663.9998048447,734615.000241173,737054.9998092549,739402.9996879763,758828.9995679605
706859.0000285654,715431.0002772721,716894.9997467473,717966.0000180932,722466.0001583488,725159.9999549637,726345.0000792908,734615.000241173,737054.9998092549,739402.9996879763,758828.9995679605
706859.0000285654,711975.0001177741,715431.0002772721,716894.9997467473,717966.0000180932,726345.0000792908,734615.000241173,735650.9999955384,737054.9998092549,739402.9996879763,758828.9995679605
706859.0000285654,715431.0002772721,716894.9997467473,717966.0000180932,720527.0000720973,726345.0000792908,728502.9998549317,734615.000241173,735650.9999955384,739402.9996879763,758828.9995679605
706859.0000285654,714320.9999736839,715431.0002772721,716894.9997467473,717966.0000180932,720527.0000720973,726345.0000792908,734615.000241173,739402.9996879763,749832.9998767863,758828.9995679605
706859.0000285654,714320.9999736839,715431.0002772721,717966.0000180932,720527.0000720973,723612.0001861005,726345.0000792908,727897.9998018198,739402.9996879763,749832.9998767863,758828.9995679605
706859.0000285654,714320.9999736839,717966.0000180932,720527.0000720973,723612.0001861005,724770.0000188993,726345.0000792908,727897.9998018198,739402.9996879763,749489.9998263333,749832.9998767863
701092.0000644253,717966.0000180932,720087.999937824,720527.0000720973,723612.0001861005,724770.0000188993,726345.0000792908,727897.9998018198,739402.9996879763,749489.9998263333,749832.9998767863
701092.0000644253,715180.0001722821,717966.0000180932,720087.999937824,720527.0000720973,724770.0000188993,726345.0000792908,736329.9998156382,739402.9996879763,749489.9998263333,749832.9998767863
701092.0000644253,715180.0001722821,717382.0000199038,717966.0000180932,720087.999937824,724770.0000188993,726345.0000792908,736329.9998156382,739402.9996879763,749489.9998263333,752977.9999289797
699868.0001961228,716404.0000405846,717382.0000199038,717966.0000180932,720087.999937824,724770.0000188993,726345.0000792908,736329.9998156382,739402.9996879763,749489.9998263333,752977.9999289797
699868.0001961228,716404.0000405846,717382.0000199038,717966.0000180932,718438.9995201625,720087.999937824,724770.0000188993,736329.9998156382,747309.0002471047,749489.9998263333,752977.9999289797
699868.0001961228,701444.9999040767,717382.0000199038,717966.0000180932,718438.9995201625,724770.0000188993,735047.0000743319,736329.9998156382,747309.0002471047,749489.9998263333,752977.9999289797
699868.0001961228,701444.9999040767,714884.9998822622,717966.0000180932,718438.9995201625,724770.0000188993,735047.0000743319,736329.9998156382,747309.0002471047,751986.9999639748,752977.9999289797
699868.0001961228,714884.9998822622,715979.9999897028,717966.0000180932,718438.9995201625,724770.0000188993,735047.0000743319,736329.9998156382,738442.9998433535,747309.0002471047,751986.9999639748
699868.0001961228,714884.9998822622,715979.9999897028,717966.0000180932,724770.0000188993,730467.999550277,735047.0000743319,735280.0002169901,736329.9998156382,738442.9998433535,751986.9999639748
699868.0001961228,714884.9998822622,715979.9999897028,717966.0000180932,722581.9995526716,724770.0000188993,735047.0000743319,736329.9998156382,738442.9998433535,743166.0002145956,751986.9999639748
699064.9999280801,699868.0001961228,717966.0000180932,722581.9995526716,724770.0000188993,731799.9999438849,735047.0000743319,736329.9998156382,738442.9998433535,743166.0002145956,751986.9999639748
699064.9999280801,699868.0001961228,717966.0000180932,718125.9998460694,722581.9995526716,724770.0000188993,735047.0000743319,736329.9998156382,743166.0002145956,751986.9999639748,752116.999941169
699868.0001961228,699952.9996190493,717238.0001551002,717966.0000180932,722581.9995526716,724770.0000188993,735047.0000743319,736329.9998156382,743166.0002145956,751986.9999639748,752116.999941169
699952.9996190493,717153.0002051694,717238.0001551002,717966.0000180932,719044.9998065915,722581.9995526716,724770.0000188993,735047.0000743319,743166.0002145956,751986.9999639748,752116.999941169
717153.0002051694,717238.0001551002,717966.0000180932,719044.9998065915,721434.9996666915,722581.9995526716,724770.0000188993,730634.9998935268,735047.0000743319,743166.0002145956,751986.9999639748
714603.0001440744,717153.0002051694,717966.0000180932,719044.9998065915,721434.9996666915,722581.9995526716,724770.0000188993,733269.9999045527,735047.0000743319,743166.0002145956,751986.9999639748
717153.0002051694,717966.0000180932,718852.0000374753,719044.9998065915,721434.9996666915,722581.9995526716,724770.0000188993,729021.0000111519,735047.0000743319,743166.0002145956,751986.9999639748
714154.999981804,717153.0002051694,718852.0000374753,719044.9998065915,721434.9996666915,722581.9995526716,724770.0000188993,729021.0000111519,735047.0000743319,746977.0002508847,751986.9999639748
712473.9994448808,717153.0002051694,718852.0000374753,719044.9998065915,721434.9996666915,724263.0000895949,724770.0000188993,729021.0000111519,735047.0000743319,746977.0002508847,751986.9999639748
712473.9994448808,718852.0000374753,719044.9998065915,721434.9996666915,721498.0001640938,724263.0000895949,724770.0000188993,729021.0000111519,730702.0001154075,746977.0002508847,751986.9999639748
712473.9994448808,714019.0000170881,719044.9998065915,721434.9996666915,721498.0001640938,724263.0000895949,724770.0000188993,730702.0001154075,733854.000031539,746977.0002508847,751986.9999639748
712473.9994448808,714019.0000170881,718536.0002020337,719044.9998065915,721434.9996666915,724263.0000895949,724770.0000188993,733664.0000774676,733854.000031539,746977.0002508847,751986.9999639748
712473.9994448808,714019.0000170881,718536.0002020337,719044.9998065915,719817.9998264625,724263.0000895949,724770.0000188993,733664.0000774676,735470.999871768,746977.0002508847,751986.9999639748
696731.999648032,714019.0000170881,718536.0002020337,719044.9998065915,719817.9998264625,724770.0000188993,733664.0000774676,735470.999871768,740004.9998864436,746977.0002508847,751986.9999639748
696731.999648032,718536.0002020337,719044.9998065915,719817.9998264625,724770.0000188993,726810.9998621624,733664.0000774676,735470.999871768,739195.0001189006,740004.9998864436,746977.0002508847
696731.999648032,718536.0002020337,719044.9998065915,719817.9998264625,724510.0000067387,724770.0000188993,726810.9998621624,733664.0000774676,735470.999871768,739195.0001189006,762472.0001305896
696731.999648032,718536.0002020337,719044.9998065915,723761.0000057081,724510.0000067387,724770.0000188993,726810.9998621624,733664.0000774676,735251.999939655,735470.999871768,762472.0001305896
696731.999648032,718536.0002020337,719044.9998065915,723761.0000057081,724510.0000067387,724770.0000188993,726810.9998621624,732260.99997344,733664.0000774676,738461.999837983,762472.0001305896
696731.999648032,717973.000216008,718536.0002020337,719044.9998065915,723761.0000057081,724510.0000067387,726810.9998621624,733664.0000774676,738461.999837983,739057.9997763312,762472.0001305896
696731.999648032,716196.9999893856,717973.000216008,719044.9998065915,723761.0000057081,724510.0000067387,726810.9998621624,733664.0000774676,739057.9997763312,740801.0000506311,762472.0001305896
696731.999648032,716196.9999893856,717973.000216008,723761.0000057081,724510.0000067387,726810.9998621624,729036.0004220897,730809.9994351331,733664.0000774676,739057.9997763312,762472.0001305896
715486.9995576702,716196.9999893856,717973.000216008,723761.0000057081,724510.0000067387,726810.9998621624,729036.0004220897,730809.9994351331,733664.0000774676,739057.9997763312,743717.0002209514
715486.9995576702,716196.9999893856,716765.0001233806,723761.0000057081,724510.0000067387,726810.9998621624,729036.0004220897,730809.9994351331,733664.0000774676,740265.9998689587,743717.0002209514
716196.9999893856,716560.9996078002,716765.0001233806,723435.9999566087,723761.0000057081,726810.9998621624,729036.0004220897,730809.9994351331,733664.0000774676,740265.9998689587,743717.0002209514
716196.9999893856,716560.9996078002,722953.0002718839,723435.9999566087,723761.0000057081,726810.9998621624,729036.0004220897,730809.9994351331,733664.0000774676,734077.9997204554,743717.0002209514
716196.9999893856,716560.9996078002,722953.0002718839,723435.9999566087,723761.0000057081,723868.0001750931,726810.9998621624,733664.0000774676,734077.9997204554,735977.9996821297,743717.0002209514
713233.000481159,716196.9999893856,716560.9996078002,723435.9999566087,723761.0000057081,723868.0001750931,733664.0000774676,734077.9997204554,735977.9996821297,736530.9996528872,743717.0002209514
712415.0001463633,716196.9999893856,716560.9996078002,723435.9999566087,723761.0000057081,723868.0001750931,733664.0000774676,734077.9997204554,735977.9996821297,737348.9999876829,743717.0002209514
712415.0001463633,714343.9997008723,716196.9999893856,723761.0000057081,723868.0001750931,725652.9998635366,733664.0000774676,734077.9997204554,735977.9996821297,737348.9999876829,743717.0002209514
714343.9997008723,716196.9999893856,718431.0002749206,723761.0000057081,723868.0001750931,725652.9998635366,731332.9998591255,733664.0000774676,734077.9997204554,735977.9996821297,743717.0002209514
714343.9997008723,716196.9999893856,718826.0002147605,723761.0000057081,723868.0001750931,725652.9998635366,731332.9998591255,733664.0000774676,733682.9997806154,735977.9996821297,743717.0002209514
716196.9999893856,717946.9999773519,718826.0002147605,723761.0000057081,723868.0001750931,725652.9998635366,730060.9998009881,731332.9998591255,733682.9997806154,735977.9996821297,743717.0002209514
702574.0000784772,717946.9999773519,718826.0002147605,723868.0001750931,725652.9998635366,730060.9998009881,731332.9998591255,733682.9997806154,735977.9996821297,737383.9999166165,743717.0002209514
702574.0000784772,717946.9999773519,718826.0002147605,723868.0001750931,724967.9995277567,730746.000136768,731332.9998591255,733682.9997806154,735977.9996821297,737383.9999166165,743717.0002209514
702574.0000784772,715680.9999069615,717946.9999773519,718826.0002147605,723868.0001750931,724967.9995277567,731332.9998591255,733682.9997806154,735977.9996821297,737383.9999166165,758782.0004507579
702574.0000784772,715680.9999069615,717946.9999773519,718826.0002147605,723868.0001750931,730185.0001945568,731332.9998591255,733682.9997806154,735977.9996821297,737383.9999166165,753564.9997839578
694589.0001221362,715680.9999069615,717946.9999773519,718826.0002147605,730185.0001945568,731332.9998591255,731853.0001314341,733682.9997806154,735977.9996821297,737383.9999166165,753564.9997839578
709980.9999729487,715680.9999069615,717946.9999773519,718826.0002147605,720585.9998313172,730185.0001945568,731332.9998591255,731853.0001314341,733682.9997806154,737383.9999166165,753564.9997839578
709980.9999729487,715680.9999069615,717946.9999773519,720585.9998313172,720631.9999995928,729527.0000742932,730185.0001945568,731853.0001314341,733682.9997806154,737383.9999166165,753564.9997839578
709980.9999729487,717946.9999773519,720585.9998313172,720631.9999995928,728337.0000058073,729527.0000742932,730185.0001945568,731853.0001314341,733682.9997806154,737383.9999166165,740908.9996851122
709980.9999729487,717544.0000918236,717946.9999773519,720631.9999995928,728337.0000058073,729527.0000742932,730185.0001945568,733682.9997806154,734894.9998709277,737383.9999166165,740908.9996851122
709980.9999729487,710407.9998988645,717544.0000918236,717946.9999773519,728337.0000058073,730185.0001945568,733682.9997806154,734894.9998709277,737383.9999166165,739751.0001750215,740908.9996851122
699498.0000484806,710407.9998988645,717544.0000918236,728337.0000058073,728429.99990182,730185.0001945568,733682.9997806154,734894.9998709277,737383.9999166165,739751.0001750215,740908.9996851122
699498.0000484806,710407.9998988645,712939.9998154504,717544.0000918236,728337.0000058073,728429.99990182,730185.0001945568,734894.9998709277,737383.9999166165,740908.9996851122,760494.0001401865
699498.0000484806,710407.9998988645,712939.9998154504,717544.0000918236,727931.9996558728,728429.99990182,730185.0001945568,734894.9998709277,737383.9999166165,741314.0000350466,760494.0001401865
699498.0000484806,710407.9998988645,712939.9998154504,717544.0000918236,727659.0000495969,727931.9996558728,728429.99990182,734894.9998709277,737383.9999166165,743840.0001800065,760494.0001401865
699498.0000484806,710407.9998988645,712939.9998154504,727408.0002137752,727519.9997946649,727659.0000495969,727931.9996558728,728429.99990182,734894.9998709277,743840.0001800065,760494.0001401865
699498.0000484806,712939.9998154504,719026.9999361327,727408.0002137752,727519.9997946649,727659.0000495969,727931.9996558728,728429.99990182,734894.9998709277,743840.0001800065,751875.0001029184
712318.9999267369,712939.9998154504,715609.0000235636,719026.9999361327,727408.0002137752,727519.9997946649,727659.0000495969,727931.9996558728,734894.9998709277,743840.0001800065,751875.0001029184
695851.9999416415,712939.9998154504,719026.9999361327,727408.0002137752,727519.9997946649,727659.0000495969,727931.9996558728,732076.0000086592,734894.9998709277,743840.0001800065,751875.0001029184
695851.9999416415,712939.9998154504,715677.9998833769,719026.9999361327,727408.0002137752,727659.0000495969,727931.9996558728,734894.9998709277,743840.0001800065,743917.9999199472,751875.0001029184
695851.9999416415,714127.9999026208,715677.9998833769,717838.9998489623,727408.0002137752,727659.0000495969,727931.9996558728,734894.9998709277,743840.0001800065,743917.9999199472,751875.0001029184
695851.9999416415,713192.9999324259,714127.9999026208,715677.9998833769,727659.0000495969,727931.9996558728,732054.0001303116,734894.9998709277,743840.0001800065,743917.9999199472,751875.0001029184
695851.9999416415,713192.9999324259,714127.9999026208,715677.9998833769,716012.9999820638,727659.0000495969,727931.9996558728,734894.9998709277,743840.0001800065,751875.0001029184,759959.000068195
695851.9999416415,713192.9999324259,714127.9999026208,715677.9998833769,720881.9999905458,727659.0000495969,727931.9996558728,730025.9998624456,743840.0001800065,751875.0001029184,759959.000068195
695851.9999416415,713128.0000030744,713192.9999324259,714127.9999026208,723431.9998708483,727659.0000495969,727931.9996558728,730025.9998624456,743840.0001800065,751875.0001029184,759959.000068195
699712.9997832039,713128.0000030744,713192.9999324259,714127.9999026208,723431.9998708483,726165.0000208833,727659.0000495969,727931.9996558728,743840.0001800065,751875.0001029184,759959.000068195
699712.9997832039,713128.0000030744,713192.9999324259,714127.9999026208,716351.0000235816,727659.0000495969,727931.9996558728,733245.99986815,743840.0001800065,751875.0001029184,759959.000068195
699712.9997832039,713128.0000030744,714127.9999026208,716351.0000235816,727659.0000495969,727931.9996558728,728408.0002707117,733245.99986815,743840.0001800065,744743.9997299091,751875.0001029184
699712.9997832039,713128.0000030744,713738.0002536658,714127.9999026208,727659.0000495969,727931.9996558728,731021.0000406274,733245.99986815,743840.0001800065,744743.9997299091,751875.0001029184
699712.9997832039,713128.0000030744,713738.0002536658,714127.9999026208,715063.9998659302,727659.0000495969,727931.9996558728,743840.0001800065,744743.9997299091,749203.0000428472,751875.0001029184
699712.9997832039,713128.0000030744,713738.0002536658,714127.9999026208,714190.0002599077,715063.9998659302,727931.9996558728,744743.9997299091,749203.0000428472,751875.0001029184,757308.9999696957
699712.9997832039,713128.0000030744,714127.9999026208,714190.0002599077,715063.9998659302,727649.999992253,727931.9996558728,730831.9999913219,749203.0000428472,751875.0001029184,757308.9999696957
699712.9997832039,713128.0000030744,714127.9999026208,714190.0002599077,720087.999983158,722625.9998750252,727931.9996558728,730831.9999913219,749203.0000428472,751875.0001029184,757308.9999696957
713128.0000030744,714127.9999026208,714190.0002599077,717357.0000838512,720087.999983158,722625.9998750252,727931.9996558728,730831.9999913219,731558.9997422,751875.0001029184,757308.9999696957
713128.0000030744,714127.9999026208,717357.0000838512,720087.999983158,722625.9998750252,727931.9996558728,730831.9999913219,731558.9997422,731914.0000466241,739585.0001829793,751875.0001029184
713128.0000030744,714127.9999026208,716875.9999781164,717357.0000838512,725837.9998800668,727931.9996558728,730831.9999913219,731558.9997422,731914.0000466241,739585.0001829793,751875.0001029184
713128.0000030744,713917.9999494147,714127.9999026208,716875.9999781164,725837.9998800668,727931.9996558728,730831.9999913219,731914.0000466241,734997.9998766363,739585.0001829793,751875.0001029184
713128.0000030744,713917.9999494147,714127.9999026208,716875.9999781164,721093.999687514,725837.9998800668,730831.9999913219,734997.9998766363,738752.0000149829,739585.0001829793,751875.0001029184
713917.9999494147,714127.9999026208,716875.9999781164,718867.9999960988,721093.999687514,725091.9999982975,725837.9998800668,734997.9998766363,738752.0000149829,739585.0001829793,751875.0001029184
713917.9999494147,714127.9999026208,716875.9999781164,721093.999687514,721614.0000034223,722345.9999909741,725837.9998800668,734997.9998766363,738752.0000149829,739585.0001829793,751875.0001029184
713917.9999494147,716875.9999781164,721093.999687514,721614.0000034223,722345.9999909741,723948.9997684107,725837.9998800668,734997.9998766363,738752.0000149829,739585.0001829793,742054.0002371285
713917.9999494147,714808.0002735418,721093.999687514,722345.9999909741,723681.9997079968,723948.9997684107,725837.9998800668,734997.9998766363,738752.0000149829,739585.0001829793,742054.0002371285
708778.9999889982,713917.9999494147,714808.0002735418,721093.999687514,723948.9997684107,725837.9998800668,734997.9998766363,737248.9997099728,738752.0000149829,739585.0001829793,742054.0002371285
708778.9999889982,713917.9999494147,714808.0002735418,721093.999687514,723948.9997684107,725837.9998800668,734997.9998766363,735198.9999868897,738752.0000149829,739585.0001829793,744103.9999602116
708778.9999889982,713070.0003175354,713917.9999494147,714808.0002735418,721093.999687514,725837.9998800668,734997.9998766363,738752.0000149829,739585.0001829793,744103.9999602116,746077.999437765
708778.9999889982,713070.0003175354,713534.999737974,714808.0002735418,721093.999687514,725837.9998800668,735381.000088077,738752.0000149829,739585.0001829793,744103.9999602116,746077.999437765
708778.9999889982,713534.999737974,714808.0002735418,720997.0002571559,721093.999687514,725837.9998800668,735381.000088077,738150.9994981445,738752.0000149829,739585.0001829793,744103.9999602116
708778.9999889982,713534.999737974,714808.0002735418,720997.0002571559,721093.999687514,725837.9998800668,731444.9999859371,735381.000088077,738150.9994981445,744103.9999602116,746892.000212025
708778.9999889982,713534.999737974,714808.0002735418,716609.9997204507,720997.0002571559,730321.9998471302,731444.9999859371,735381.000088077,738150.9994981445,744103.9999602116,746892.000212025
708778.9999889982,713534.999737974,714808.0002735418,715276.0002350077,720997.0002571559,730321.9998471302,732778.9994713801,735381.000088077,738150.9994981445,744103.9999602116,746892.000212025
708778.9999889982,713534.999737974,714808.0002735418,720997.0002571559,721718.9998922753,726335.9998141126,730321.9998471302,735381.000088077,738150.9994981445,744103.9999602116,746892.000212025
708778.9999889982,714808.0002735418,719386.9993578116,720997.0002571559,721718.9998922753,726335.9998141126,729529.0004682394,730321.9998471302,738150.9994981445,744103.9999602116,746892.000212025
708778.9999889982,714808.0002735418,714829.9999564221,720997.0002571559,721718.9998922753,726335.9998141126,730321.9998471302,734085.9998696289,738150.9994981445,744103.9999602116,746892.000212025
708778.9999889982,714808.0002735418,714829.9999564221,717431.9996119745,721718.9998922753,726335.9998141126,730321.9998471302,734085.9998696289,741716.0001433259,744103.9999602116,746892.000212025
708778.9999889982,714829.9999564221,716838.9998601059,717431.9996119745,721718.9998922753,726335.9998141126,728291.000260566,734085.9998696289,741716.0001433259,744103.9999602116,746892.000212025
714129.9999259982,714829.9999564221,716838.9998601059,717431.9996119745,721718.9998922753,722940.000323566,726335.9998141126,734085.9998696289,741716.0001433259,744103.9999602116,746892.000212025
712920.0001023446,714129.9999259982,714829.9999564221,716838.9998601059,717431.9996119745,722940.000323566,734085.9998696289,735134.9996040433,741716.0001433259,744103.9999602116,746892.000212025
710310.9999681673,712920.0001023446,716838.9998601059,717431.9996119745,718648.999914253,722940.000323566,734085.9998696289,735134.9996040433,741716.0001433259,744103.9999602116,746892.000212025
710310.9999681673,716755.9998531265,716838.9998601059,717431.9996119745,718648.999914253,722940.000323566,731298.9998532614,734085.9998696289,741716.0001433259,744103.9999602116,746892.000212025
710310.9999681673,716755.9998531265,716838.9998601059,718648.999914253,722940.000323566,727411.0001313366,731298.9998532614,731736.9996239637,734085.9998696289,744103.9999602116,746892.000212025
710310.9999681673,716755.9998531265,716838.9998601059,718648.999914253,722940.000323566,727411.0001313366,731736.9996239637,732567.0003535958,734085.9998696289,744103.9999602116,745623.9997116906
710310.9999681673,716755.9998531265,717302.0002170656,718648.999914253,722476.9999666064,727411.0001313366,731736.9996239637,732567.0003535958,734085.9998696289,744103.9999602116,745623.9997116906
710310.9999681673,712850.9998951376,716755.9998531265,718648.999914253,722476.9999666064,727411.0001313366,731736.9996239637,732567.0003535958,734085.9998696289,745623.9997116906,748555.0002821395
710310.9999681673,712850.9998951376,716755.9998531265,718648.999914253,721919.000101019,727411.0001313366,731736.9996239637,733125.0002191832,734085.9998696289,745623.9997116906,748555.0002821395
701281.9998784864,712850.9998951376,716755.9998531265,721919.000101019,727411.0001313366,727678.0000039339,731736.9996239637,733125.0002191832,734085.9998696289,745623.9997116906,748555.0002821395
710466.9999033841,712850.9998951376,716755.9998531265,718492.9999790362,721919.000101019,727411.0001313366,731736.9996239637,733125.0002191832,734085.9998696289,745623.9997116906,748555.0002821395
710466.9999033841,712850.9998951376,714819.000090965,716755.9998531265,718492.9999790362,721919.000101019,731736.9996239637,733125.0002191832,734085.9998696289,745623.9997116906,761147.0003225112
710466.9999033841,712850.9998951376,715345.999949474,716755.9998531265,717966.0001205271,721919.000101019,731736.9996239637,733125.0002191832,734085.9998696289,745623.9997116906,761147.0003225112
710466.9999033841,712850.9998951376,715246.9999681343,715345.999949474,716755.9998531265,717966.0001205271,731736.9996239637,734085.9998696289,739797.0003520679,745623.9997116906,761147.0003225112
710466.9999033841,712850.9998951376,714616.9999430131,715345.999949474,716755.9998531265,717966.0001205271,731736.9996239637,734085.9998696289,740427.0003771891,745623.9997116906,761147.0003225112
710479.9999672017,712850.9998951376,714616.9999430131,715332.9998856564,716755.9998531265,717966.0001205271,731736.9996239637,734085.9998696289,740427.0003771891,745623.9997116906,761147.0003225112
708920.9999628826,712850.9998951376,715332.9998856564,716175.9999473322,716755.9998531265,717966.0001205271,731736.9996239637,734085.9998696289,740427.0003771891,745623.9997116906,761147.0003225112
708920.9999628826,710229.9998685715,715332.9998856564,716755.9998531265,717966.0001205271,718796.9999738983,731736.9996239637,734085.9998696289,740427.0003771891,745623.9997116906,761147.0003225112
699186.9999281818,708920.9999628826,710229.9998685715,716755.9998531265,717966.0001205271,731736.9996239637,734085.9998696289,734942.9999313729,740427.0003771891,745623.9997116906,761147.0003225112
699186.9999281818,708920.9999628826,710229.9998685715,717966.0001205271,724948.0002021301,731736.9996239637,734085.9998696289,734942.9999313729,737431.999362687,740427.0003771891,761147.0003225112
699186.9999281818,708920.9999628826,710229.9998685715,717508.999728454,724948.0002021301,732194.0000160368,734085.9998696289,734942.9999313729,737431.999362687,740427.0003771891,761147.0003225112
699186.9999281818,703714.9997521972,710229.9998685715,717508.999728454,724948.0002021301,732194.0000160368,734942.9999313729,737431.999362687,739292.0000803143,740427.0003771891,761147.0003225112
699186.9999281818,703714.9997521972,710229.9998685715,717508.999728454,724948.0002021301,732194.0000160368,734942.9999313729,736673.0002831246,739292.0000803143,741185.9994567514,761147.0003225112
699186.9999281818,703714.9997521972,710229.9998685715,718279.0000306639,724948.0002021301,732194.0000160368,734942.9999313729,736673.0002831246,739292.0000803143,741185.9994567514,760377.0000203013
699186.9999281818,703714.9997521972,710229.9998685715,718279.0000306639,722618.0001824927,724948.0002021301,736673.0002831246,739292.0000803143,741185.9994567514,744518.9997649172,760377.0000203013
703714.9997521972,710229.9998685715,714372.9999954511,718279.0000306639,722618.0001824927,724948.0002021301,729332.9996976479,736673.0002831246,739292.0000803143,741185.9994567514,760377.0000203013
703714.9997521972,710229.9998685715,714372.9999954511,717866.9995134658,718279.0000306639,722618.0001824927,724948.0002021301,729332.9996976479,739292.0000803143,759992.0002264102,760377.0000203013
703714.9997521972,710229.9998685715,717866.9995134658,718279.0000306639,719777.9997847591,722618.0001824927,723927.9999083398,724948.0002021301,739292.0000803143,759992.0002264102,760377.0000203013
703714.9997521972,710229.9998685715,717866.9995134658,719777.9997847591,721284.000356149,722618.0001824927,723927.9999083398,724948.0002021301,739292.0000803143,757371.9996948162,759992.0002264102
710229.9998685715,717866.9995134658,718974.9998331207,719777.9997847591,721284.000356149,722618.0001824927,723927.9999083398,724031.9999993907,724948.0002021301,757371.9996948162,759992.0002264102
710229.9998685715,717866.9995134658,718401.000097078,719777.9997847591,721284.000356149,722618.0001824927,723927.9999083398,724605.9997354334,724948.0002021301,757371.9996948162,759992.0002264102
702154.0000906584,710229.9998685715,717866.9995134658,719777.9997847591,721284.000356149,723927.9999083398,724605.9997354334,724948.0002021301,738865.0001889123,757371.9996948162,759992.0002264102
702154.0000906584,710229.9998685715,710772.9996879016,719777.9997847591,721284.000356149,723927.9999083398,724605.9997354334,732042.0000276943,738865.0001889123,757371.9996948162,759992.0002264102
702154.0000906584,710229.9998685715,710772.9996879016,715778.999874682,721284.000356149,724605.9997354334,727926.9998184169,732042.0000276943,738865.0001889123,757371.9996948162,759992.0002264102
702154.0000906584,710229.9998685715,710772.9996879016,715778.999874682,717916.0000013926,721284.000356149,724605.9997354334,732042.0000276943,748876.0000059365,757371.9996948162,759992.0002264102
693102.9997845117,710229.9998685715,710772.9996879016,715778.999874682,717916.0000013926,721284.000356149,732042.0000276943,733657.0000415801,748876.0000059365,757371.9996948162,759992.0002264102
693102.9997845117,710229.9998685715,710772.9996879016,715778.999874682,717722.9999657134,721284.000356149,732042.0000276943,733657.0000415801,749069.0000416157,757371.9996948162,759992.0002264102
693102.9997845117,710772.9996879016,715323.0000246007,715778.999874682,717722.9999657134,721284.000356149,728563.9998855509,732042.0000276943,749069.0000416157,757371.9996948162,759992.0002264102
693102.9997845117,715323.0000246007,715600.0002100974,715778.999874682,717722.9999657134,721284.000356149,728563.9998855509,732042.0000276943,749069.0000416157,755164.9997042144,757371.9996948162
693102.9997845117,715389.0000110561,715600.0002100974,715778.999874682,717722.9999657134,721284.000356149,728497.9998990955,732042.0000276943,749069.0000416157,755164.9997042144,757371.9996948162
693102.9997845117,715389.0000110561,715600.0002100974,717722.9999657134,721284.000356149,727057.9997906471,728497.9998990955,732042.0000276943,737790.0001256505,755164.9997042144,757371.9996948162
693102.9997845117,708799.0002032947,715389.0000110561,717722.9999657134,721284.000356149,727057.9997906471,728497.9998990955,737790.0001256505,738843.000034497,755164.9997042144,757371.9996948162
693102.9997845117,708799.0002032947,717722.9999657134,718892.999898395,721284.000356149,724994.0000117566,727057.9997906471,737790.0001256505,738843.000034497,755164.9997042144,757371.9996948162
693102.9997845117,716475.0000277421,717722.9999657134,718892.999898395,721284.000356149,724994.0000117566,727057.9997906471,731167.0002100496,737790.0001256505,755164.9997042144,757371.9996948162
693102.9997845117,714617.9997791311,716475.0000277421,721284.000356149,721998.0000849772,724994.0000117566,727057.9997906471,731167.0002100496,737790.0001256505,755164.9997042144,757371.9996948162
693102.9997845117,712914.0000090211,718178.9997978521,721284.000356149,721998.0000849772,724994.0000117566,727057.9997906471,731167.0002100496,737790.0001256505,755164.9997042144,757371.9996948162
693102.9997845117,712914.0000090211,715535.9994395094,718178.9997978521,721998.0000849772,724994.0000117566,727057.9997906471,731167.0002100496,737790.0001256505,755164.9997042144,763120.0006114559
693102.9997845117,712914.0000090211,713816.0002061431,715535.9994395094,718178.9997978521,724994.0000117566,731167.0002100496,735239.9996694812,737790.0001256505,755164.9997042144,763120.0006114559
692831.9999879148,693102.9997845117,712914.0000090211,715535.9994395094,724994.0000117566,731167.0002100496,735239.9996694812,737790.0001256505,739163.0000160804,755164.9997042144,763120.0006114559
693102.9997845117,712914.0000090211,713669.0002634189,715535.9994395094,718325.9997405764,724994.0000117566,731167.0002100496,735239.9996694812,737790.0001256505,755164.9997042144,763120.0006114559
693102.9997845117,713669.0002634189,713670.9996955435,715535.9994395094,718325.9997405764,724994.0000117566,730410.0005235272,735239.9996694812,737790.0001256505,755164.9997042144,763120.0006114559
693102.9997845117,713670.9996955435,713900.9998877485,715535.9994395094,718094.0001162468,724994.0000117566,730410.0005235272,735239.9996694812,737790.0001256505,755164.9997042144,763120.0006114559
693102.9997845117,710803.0000627332,713900.9998877485,715535.9994395094,718094.0001162468,724994.0000117566,733278.0001563375,735239.9996694812,737790.0001256505,755164.9997042144,763120.0006114559
703815.9997791569,710803.0000627332,713900.9998877485,714281.0000171114,715535.9994395094,718094.0001162468,733278.0001563375,735239.9996694812,737790.0001256505,755164.9997042144,763120.0006114559
697248.9999498425,710803.0000627332,713900.9998877485,715535.9994395094,718094.0001162468,720847.9998464258,733278.0001563375,735239.9996694812,737790.0001256505,755164.9997042144,763120.0006114559
697248.9999498425,710803.0000627332,713781.0001012337,713900.9998877485,715535.9994395094,720847.9998464258,733278.0001563375,735239.9996694812,742103.0001406636,755164.9997042144,763120.0006114559
697248.9999498425,710803.0000627332,713552.9998724072,714129.000116575,715535.9994395094,720847.9998464258,733278.0001563375,735239.9996694812,742103.0001406636,755164.9997042144,763120.0006114559
697248.9999498425,708402.9998839167,710803.0000627332,715535.9994395094,719279.0001050655,720847.9998464258,733278.0001563375,735239.9996694812,742103.0001406636,755164.9997042144,763120.0006114559
697248.9999498425,708402.9998839167,710803.0000627332,715535.9994395094,719279.0001050655,720847.9998464258,733278.0001563375,736199.9999189111,741142.9998912336,755164.9997042144,763120.0006114559
697248.9999498425,708402.9998839167,710803.0000627332,715535.9994395094,720847.9998464258,724024.9998914141,733278.0001563375,736199.9999189111,736397.0001048851,755164.9997042144,763120.0006114559
697248.9999498425,708402.9998839167,715535.9994395094,718462.9997612241,720847.9998464258,724024.9998914141,733278.0001563375,736199.9999189111,736397.0001048851,747505.0000057234,763120.0006114559
697248.9999498425,708402.9998839167,715535.9994395094,718462.9997612241,718938.9999159503,720847.9998464258,733278.0001563375,736397.0001048851,741285.9998943749,747505.0000057234,763120.0006114559
698497.9999601613,708402.9998839167,715535.9994395094,718462.9997612241,718938.9999159503,719598.999836107,733278.0001563375,736397.0001048851,741285.9998943749,747505.0000057234,763120.0006114559
698497.9999601613,708402.9998839167,715535.9994395094,716288.9999670079,718938.9999159503,719598.999836107,733278.0001563375,736397.0001048851,741285.9998943749,749678.9997999397,763120.0006114559
698497.9999601613,708402.9998839167,715535.9994395094,718938.9999159503,719598.999836107,727601.9998747255,733278.0001563375,736397.0001048851,738365.9998922221,741285.9998943749,763120.0006114559
698497.9999601613,707921.0000599124,715535.9994395094,718938.9999159503,719598.999836107,727601.9998747255,733278.0001563375,736878.9999288893,738365.9998922221,741285.9998943749,763120.0006114559
698497.9999601613,707921.0000599124,715535.9994395094,718938.9999159503,719598.999836107,727601.9998747255,731162.0002339559,736878.9999288893,740481.9998146037,741285.9998943749,763120.0006114559
705789.9999347744,707921.0000599124,715535.9994395094,718938.9999159503,719598.999836107,727601.9998747255,731162.0002339559,733993.9999197618,736878.9999288893,740481.9998146037,763120.0006114559
705789.9999347744,707921.0000599124,715535.9994395094,717621.9994519487,718938.9999159503,719598.999836107,727601.9998747255,733993.9999197618,736878.9999288893,754022.0005966108,763120.0006114559
705789.9999347744,715504.0001252022,715535.9994395094,717621.9994519487,718938.9999159503,719598.999836107,727601.9998747255,729295.9998635995,733993.9999197618,754022.0005966108,763120.0006114559
695882.0001322316,705789.9999347744,715535.9994395094,717621.9994519487,719598.999836107,727601.9998747255,729295.9998635995,733993.9999197618,738560.999908921,754022.0005966108,763120.0006114559
695882.0001322316,705789.9999347744,714114.9999410867,715535.9994395094,719598.999836107,727601.9998747255,729295.9998635995,733993.9999197618,738560.999908921,757529.0001074728,763120.0006114559
695882.0001322316,714114.9999410867,715535.9994395094,719598.999836107,727601.9998747255,728822.0006244627,729295.9998635995,733993.9999197618,738560.999908921,740087.9999217675,757529.0001074728
705419.9998341084,714114.9999410867,715535.9994395094,719598.999836107,719758.0001617228,727601.9998747255,728822.0006244627,733993.9999197618,738560.999908921,740087.9999217675,757529.0001074728
705419.9998341084,714114.9999410867,715535.9994395094,719598.999836107,719758.0001617228,728822.0006244627,733993.9999197618,737524.0003101843,738560.999908921,740087.9999217675,747606.9996720139
711374.9998048588,713803.0001909724,714114.9999410867,715535.9994395094,719598.999836107,728822.0006244627,733993.9999197618,737524.0003101843,738560.999908921,740087.9999217675,747606.9996720139
711374.9998048588,714114.9999410867,715535.9994395094,719598.999836107,720575.0000395505,728822.0006244627,733316.0000731894,733993.9999197618,737524.0003101843,738560.999908921,747606.9996720139
711374.9998048588,714114.9999410867,715535.9994395094,718637.0000688136,719598.999836107,728822.0006244627,733993.9999197618,735254.0000439263,737524.0003101843,738560.999908921,747606.9996720139
711374.9998048588,714114.9999410867,715535.9994395094,716864.9999694595,719598.999836107,728822.0006244627,733993.9999197618,735254.0000439263,737524.0003101843,740333.000008275,747606.9996720139
714114.9999410867,715535.9994395094,716864.9999694595,719598.999836107,719986.0000165654,726642.9998322197,728822.0006244627,733993.9999197618,737524.0003101843,740333.000008275,747606.9996720139
714114.9999410867,715535.9994395094,716864.9999694595,719598.999836107,719986.0000165654,728822.0006244627,733993.9999197618,734654.9997340316,737524.0003101843,739594.999770202,740333.000008275
714114.9999410867,715535.9994395094,719598.999836107,719986.0000165654,724353.999926216,728822.0006244627,732105.9998134456,733993.9999197618,734654.9997340316,737524.0003101843,740333.000008275
714114.9999410867,715535.9994395094,717455.9998762248,719598.999836107,719986.0000165654,732105.9998134456,733993.9999197618,734654.9997340316,735720.0006744539,737524.0003101843,740333.000008275
715535.9994395094,717455.9998762248,719598.999836107,719986.0000165654,723860.0000225919,727779.0002286792,732105.9998134456,733993.9999197618,734654.9997340316,735720.0006744539,740333.000008275
713504.9999635457,715535.9994395094,717455.9998762248,719598.999836107,723860.0000225919,727779.0002286792,732105.9998134456,733993.9999197618,734654.9997340316,735720.0006744539,746814.0000612948
713504.9999635457,715535.9994395094,717455.9998762248,719598.999836107,723860.0000225919,727779.0002286792,730668.9999156736,733993.9999197618,735720.0006744539,736091.9996318036,746814.0000612948
715535.9994395094,717455.9998762248,719598.999836107,723860.0000225919,726438.0001267812,727779.0002286792,730668.9999156736,733880.9998980593,733993.9999197618,735720.0006744539,736091.9996318036
715535.9994395094,715585.9998719951,719598.999836107,723860.0000225919,726438.0001267812,727779.0002286792,730668.9999156736,733993.9999197618,735720.0006744539,735750.999902289,736091.9996318036
715535.9994395094,715585.9998719951,719598.999836107,723860.0000225919,727779.0002286792,730668.9999156736,730829.9999808191,731359.0000482511,733993.9999197618,735720.0006744539,736091.9996318036
715535.9994395094,715585.9998719951,717226.0003796745,719598.999836107,730668.9999156736,730829.9999808191,731359.0000482511,733993.9999197618,734412.9998715966,735720.0006744539,736091.9996318036
715535.9994395094,717226.0003796745,719598.999836107,720086.9998646557,726328.9999881585,730668.9999156736,731359.0000482511,733993.9999197618,734412.9998715966,735720.0006744539,736091.9996318036
713858.0001432266,715535.9994395094,719598.999836107,720086.9998646557,726328.9999881585,730668.9999156736,731359.0000482511,733993.9999197618,735720.0006744539,736091.9996318036,737781.0001080445
713858.0001432266,715535.9994395094,719598.999836107,723635.0005523822,726328.9999881585,730668.9999156736,731359.0000482511,732171.9999867274,733993.9999197618,736091.9996318036,737781.0001080445
713858.0001432266,715535.9994395094,716288.0000997267,723635.0005523822,726328.9999881585,730668.9999156736,731359.0000482511,732171.9999867274,736091.9996318036,737304.9996561422,737781.0001080445
713858.0001432266,715535.9994395094,716288.0000997267,719773.0000344184,726328.9999881585,730668.9999156736,731359.0000482511,736034.0005046912,736091.9996318036,737304.9996561422,737781.0001080445
713858.0001432266,715172.0002224761,716288.0000997267,719773.0000344184,726328.9999881585,730668.9999156736,731359.0000482511,736091.9996318036,736397.9997217244,737304.9996561422,737781.0001080445
713858.0001432266,715172.0002224761,716288.0000997267,719773.0000344184,726328.9999881585,731359.0000482511,733482.0001031723,734967.9999205458,736091.9996318036,736397.9997217244,737304.9996561422
713858.0001432266,715172.0002224761,716288.0000997267,718231.000195697,719773.0000344184,733482.0001031723,734967.9999205458,736091.9996318036,736397.9997217244,737304.9996561422,739456.9998407126
712820.000123611,713858.0001432266,715172.0002224761,718231.000195697,719773.0000344184,733482.0001031723,734967.9999205458,736091.9996318036,736397.9997217244,739456.9998407126,740772.999632258
712820.000123611,713858.0001432266,715172.0002224761,716154.0001204046,719773.0000344184,733482.0001031723,734967.9999205458,736091.9996318036,736397.9997217244,740772.999632258,741533.999916005
712820.000123611,713858.0001432266,715172.0002224761,715340.0000561215,719773.0000344184,733482.0001031723,735781.999984829,736091.9996318036,736397.9997217244,740772.999632258,741533.999916005
709635.9998951184,712820.000123611,715172.0002224761,715340.0000561215,719773.0000344184,735781.999984829,736091.9996318036,736397.9997217244,737704.0003512804,740772.999632258,741533.999916005
712820.000123611,715172.0002224761,715340.0000561215,719155.9998198252,719773.0000344184,728184.0004265737,735781.999984829,736091.9996318036,736397.9997217244,740772.999632258,741533.999916005
715172.0002224761,715340.0000561215,717358.999781742,719155.9998198252,719773.0000344184,728184.0004265737,735781.999984829,736091.9996318036,736233.9999741269,736397.9997217244,741533.999916005
715172.0002224761,715340.0000561215,717358.999781742,719773.0000344184,721995.9998438549,728184.0004265737,732941.9999607992,736091.9996318036,736233.9999741269,736397.9997217244,741533.999916005
694863.0001350523,717358.999781742,719773.0000344184,721995.9998438549,728184.0004265737,732941.9999607992,735649.0001435453,736091.9996318036,736233.9999741269,736397.9997217244,741533.999916005
694863.0001350523,717358.999781742,719773.0000344184,721995.9998438549,724712.9998369429,732941.9999607992,735649.0001435453,736233.9999741269,736397.9997217244,739563.0002214344,741533.999916005
694863.0001350523,717358.999781742,718604.0000710349,721995.9998438549,724712.9998369429,734110.9999241828,735649.0001435453,736233.9999741269,736397.9997217244,739563.0002214344,741533.999916005
694017.0000960951,717358.999781742,719450.000109992,721995.9998438549,724712.9998369429,734110.9999241828,735649.0001435453,736233.9999741269,736397.9997217244,739563.0002214344,741533.999916005
694017.0000960951,717358.999781742,719450.000109992,721995.9998438549,724712.9998369429,731062.0001410962,736233.9999741269,736397.9997217244,738697.9999266319,739563.0002214344,741533.999916005
694017.0000960951,717358.999781742,719450.000109992,720199.0003558171,724712.9998369429,731062.0001410962,736233.9999741269,736397.9997217244,738697.9999266319,741359.9997094722,741533.999916005
694017.0000960951,717358.999781742,719450.000109992,720199.0003558171,721171.9998542939,731062.0001410962,736233.9999741269,736397.9997217244,738697.9999266319,741533.999916005,744900.9996921212
694017.0000960951,717358.999781742,720199.0003558171,721171.9998542939,726748.0000923526,731062.0001410962,734235.9999336443,736233.9999741269,736397.9997217244,738697.9999266319,744900.9996921212
694017.0000960951,715772.9996681749,720199.0003558171,721171.9998542939,726748.0000923526,731062.0001410962,734235.9999336443,736397.9997217244,737820.000087694,738697.9999266319,744900.9996921212
694017.0000960951,715232.000151353,715772.9996681749,720199.0003558171,721171.9998542939,726748.0000923526,736397.9997217244,737820.000087694,738697.9999266319,744900.9996921212,750065.9999233875
694017.0000960951,715232.000151353,715772.9996681749,721171.9998542939,726748.0000923526,729426.9996736948,735673.0003742434,736397.9997217244,737820.000087694,738697.9999266319,750065.9999233875
694017.0000960951,715232.000151353,715772.9996681749,720406.0000044375,721171.9998542939,726748.0000923526,736397.9997217244,737820.000087694,738697.9999266319,744694.0000435007,750065.9999233875
694017.0000960951,709510.9999969283,715232.000151353,715772.9996681749,726748.0000923526,732066.9998618031,736397.9997217244,737820.000087694,738697.9999266319,744694.0000435007,750065.9999233875
694017.0000960951,709510.9999969283,715772.9996681749,724223.0000048181,726748.0000923526,728829.0002342289,732066.9998618031,736397.9997217244,738697.9999266319,744694.0000435007,750065.9999233875
694017.0000960951,709510.9999969283,713793.0002399727,724223.0000048181,726748.0000923526,730808.9996624311,732066.9998618031,736397.9997217244,738697.9999266319,744694.0000435007,750065.9999233875
694017.0000960951,709510.9999969283,718803.0002551778,724223.0000048181,726748.0000923526,730808.9996624311,732066.9998618031,733687.9999114268,736397.9997217244,744694.0000435007,750065.9999233875
694017.0000960951,709510.9999969283,715965.9999156403,718803.0002551778,724223.0000048181,730808.9996624311,732066.9998618031,733687.9999114268,736397.9997217244,744694.0000435007,760848.0001000997
694017.0000960951,709510.9999969283,714360.0001785895,715965.9999156403,728666.0000814064,730808.9996624311,732066.9998618031,733687.9999114268,736397.9997217244,744694.0000435007,760848.0001000997
694017.0000960951,705119.0000611343,709510.9999969283,715965.9999156403,730808.9996624311,732066.9998618031,733687.9999114268,736397.9997217244,737907.0001988616,744694.0000435007,760848.0001000997
694017.0000960951,705119.0000611343,715965.9999156403,718189.0001217814,725009.9997865737,730808.9996624311,732066.9998618031,736397.9997217244,737907.0001988616,744694.0000435007,760848.0001000997
705119.0000611343,710318.0001907301,715965.9999156403,718189.0001217814,721606.0001042266,725009.9997865737,730808.9996624311,732066.9998618031,736397.9997217244,744694.0000435007,760848.0001000997
707888.0002047035,710318.0001907301,715419.9999782122,715965.9999156403,721606.0001042266,725009.9997865737,730808.9996624311,732066.9998618031,736397.9997217244,744694.0000435007,760848.0001000997
707888.0002047035,710318.0001907301,715419.9999782122,715965.9999156403,721606.0001042266,725009.9997865737,730808.9996624311,731626.9996930514,736397.9997217244,745134.0002122524,760848.0001000997
707888.0002047035,710318.0001907301,715419.9999782122,718560.9998601505,721606.0001042266,725009.9997865737,730808.9996624311,731626.9996930514,736397.9997217244,745134.0002122524,758253.0001555895
707888.0002047035,715419.9999782122,715638.0000379455,718560.9998601505,721606.0001042266,725009.9997865737,725488.9998152157,731626.9996930514,736397.9997217244,745134.0002122524,758253.0001555895
707888.0002047035,715419.9999782122,715638.0000379455,718560.9998601505,719955.9998331962,721606.0001042266,725009.9997865737,725488.9998152157,736397.9997217244,756805.0000721077,758253.0001555895
697630.9999136737,707888.0002047035,718560.9998601505,719955.9998331962,721606.0001042266,725009.9997865737,725488.9998152157,733427.0001024839,736397.9997217244,756805.0000721077,758253.0001555895
697630.9999136737,707888.0002047035,718560.9998601505,719955.9998331962,725009.9997865737,725488.9998152157,733427.0001024839,736397.9997217244,737297.0001787341,742562.0000810821,756805.0000721077
697630.9999136737,707888.0002047035,718560.9998601505,719955.9998331962,725009.9997865737,725488.9998152157,733427.0001024839,737297.0001787341,738870.9996668373,740089.0001359691,756805.0000721077
707888.0002047035,711471.9999826571,718560.9998601505,719586.0000335005,719955.9998331962,725009.9997865737,725488.9998152157,737297.0001787341,738870.9996668373,740089.0001359691,756805.0000721077
707888.0002047035,711471.9999826571,718560.9998601505,718805.0000125988,719955.9998331962,725009.9997865737,725488.9998152157,738078.0001996357,738870.9996668373,740089.0001359691,756805.0000721077
707888.0002047035,711471.9999826571,714269.0000186226,718560.9998601505,719955.9998331962,725009.9997865737,730024.9998091919,738078.0001996357,738870.9996668373,740089.0001359691,756805.0000721077
707888.0002047035,711471.9999826571,714269.0000186226,716223.9998969676,719955.9998331962,725009.9997865737,730024.9998091919,738078.0001996357,738870.9996668373,742426.0000991521,756805.0000721077
707888.0002047035,711471.9999826571,714269.0000186226,716223.9998969676,725009.9997865737,730024.9998091919,731783.9999401462,738078.0001996357,738870.9996668373,742426.0000991521,744976.9999651576
707888.0002047035,711471.9999826571,714269.0000186226,716223.9998969676,719973.9995245775,725009.9997865737,730024.9998091919,731783.9999401462,738078.0001996357,744976.9999651576,761323.0002414118
710028.000229245,711471.9999826571,714269.0000186226,716223.9998969676,719973.9995245775,725009.9997865737,730024.9998091919,731783.9999401462,735938.0001750942,744976.9999651576,761323.0002414118
710028.000229245,711471.9999826571,714269.0000186226,719973.9995245775,724446.9999235307,725009.9997865737,727715.000148531,730024.9998091919,731783.9999401462,744976.9999651576,761323.0002414118
711471.9999826571,714269.0000186226,719973.9995245775,720735.9999937285,724446.9999235307,725009.9997865737,727715.000148531,730024.9998091919,731783.9999401462,734269.0002006742,761323.0002414118
711471.9999826571,712203.999966619,719973.9995245775,720735.9999937285,725009.9997865737,726511.9999755344,727715.000148531,730024.9998091919,731783.9999401462,734269.0002006742,761323.0002414118
711471.9999826571,712203.999966619,713907.0001739556,719973.9995245775,720735.9999937285,725009.9997865737,727715.000148531,730024.9998091919,731783.9999401462,746874.000002253,761323.0002414118
712203.999966619,713907.0001739556,713919.9999581876,719973.9995245775,720735.9999937285,725009.9997865737,727715.000148531,730024.9998091919,731783.9999401462,744426.0000267226,761323.0002414118
712203.999966619,713907.0001739556,713919.9999581876,717846.999909085,720735.9999937285,725009.9997865737,727715.000148531,730024.9998091919,731783.9999401462,744426.0000267226,763449.9998569044
712203.999966619,713907.0001739556,713919.9999581876,716588.0002955438,720735.9999937285,725009.9997865737,728973.9997620722,730024.9998091919,731783.9999401462,744426.0000267226,763449.9998569044
712203.999966619,713907.0001739556,713919.9999581876,716588.0002955438,722295.9996062021,725009.9997865737,728973.9997620722,730024.9998091919,730224.0003276726,744426.0000267226,763449.9998569044
710175.999929706,713907.0001739556,713919.9999581876,716588.0002955438,722295.9996062021,725009.9997865737,730024.9998091919,730224.0003276726,731001.9997989852,744426.0000267226,763449.9998569044
710175.999929706,713907.0001739556,716588.0002955438,722260.9998731519,722295.9996062021,725009.9997865737,730024.9998091919,730224.0003276726,731001.9997989852,736085.0001117582,763449.9998569044
713907.0001739556,714295.9998469732,716588.0002955438,722260.9998731519,722295.9996062021,725009.9997865737,726881.999881718,730024.9998091919,730224.0003276726,736085.0001117582,763449.9998569044
713907.0001739556,716221.999844916,716588.0002955438,720334.9998752091,722295.9996062021,725009.9997865737,726881.999881718,730024.9998091919,730224.0003276726,736085.0001117582,763449.9998569044
716221.999844916,716448.9999097664,716588.0002955438,720334.9998752091,722295.9996062021,724340.0001459072,725009.9997865737,730024.9998091919,730224.0003276726,736085.0001117582,763449.9998569044
716221.999844916,716448.9999097664,716588.0002955438,720334.9998752091,720611.0001948625,724340.0001459072,725009.9997865737,730024.9998091919,731908.9997390122,736085.0001117582,763449.9998569044
716221.999844916,716448.9999097664,716588.0002955438,720334.9998752091,720611.0001948625,724340.0001459072,724864.0001043282,730024.9998091919,731908.9997390122,736230.9997940038,763449.9998569044
710776.0000363626,716448.9999097664,716588.0002955438,720334.9998752091,720611.0001948625,724340.0001459072,730024.9998091919,730309.9999128818,731908.9997390122,736230.9997940038,763449.9998569044
710776.0000363626,716588.0002955438,717398.0000070538,719385.9997779215,720611.0001948625,724340.0001459072,730024.9998091919,730309.9999128818,731908.9997390122,736230.9997940038,763449.9998569044
710776.0000363626,712879.9995811094,716588.0002955438,720611.0001948625,723904.0002038659,724340.0001459072,730024.9998091919,730309.9999128818,731908.9997390122,736230.9997940038,763449.9998569044
705134.9996501758,710776.0000363626,716588.0002955438,720611.0001948625,724340.0001459072,730024.9998091919,730309.9999128818,731649.0001347995,731908.9997390122,736230.9997940038,763449.9998569044
705134.9996501758,710776.0000363626,716588.0002955438,720611.0001948625,723965.9999027639,724340.0001459072,730024.9998091919,730309.9999128818,731649.0001347995,744173.9996302521,763449.9998569044
699908.9999909955,705134.9996501758,716588.0002955438,720611.0001948625,723965.9999027639,724340.0001459072,730024.9998091919,731649.0001347995,741176.9999582488,744173.9996302521,763449.9998569044
699908.9999909955,705134.9996501758,715192.0002928328,716588.0002955438,720611.0001948625,730024.9998091919,731649.0001347995,733113.9997558382,741176.9999582488,744173.9996302521,763449.9998569044
699908.9999909955,714240.9996271882,715192.0002928328,716588.0002955438,720611.0001948625,730024.9998091919,731649.0001347995,732070.9999812364,733113.9997558382,744173.9996302521,763449.9998569044
710372.9998329675,714240.9996271882,715192.0002928328,716588.0002955438,719560.99996722,720611.0001948625,731649.0001347995,732070.9999812364,733113.9997558382,744173.9996302521,763449.9998569044
706053.0003316673,710372.9998329675,716588.0002955438,719560.99996722,720611.0001948625,723379.9995883538,731649.0001347995,732070.9999812364,733113.9997558382,744173.9996302521,763449.9998569044
710372.9998329675,716588.0002955438,716592.0001935764,719560.99996722,720611.0001948625,721532.0001193272,723379.9995883538,731649.0001347995,733113.9997558382,744173.9996302521,763449.9998569044
710372.9998329675,716588.0002955438,716592.0001935764,719560.99996722,719919.999921409,720611.0001948625,721532.0001193272,733113.9997558382,735108.9998017444,744173.9996302521,763449.9998569044
710372.9998329675,716588.0002955438,716592.0001935764,717531.9997943582,719560.99996722,720611.0001948625,721532.0001193272,733113.9997558382,737496.999928795,744173.9996302521,763449.9998569044
710372.9998329675,716588.0002955438,716592.0001935764,717531.9997943582,719560.99996722,720611.0001948625,721532.0001193272,724750.9997367611,737496.999928795,752536.9996493292,763449.9998569044
710372.9998329675,716588.0002955438,716592.0001935764,716770.000131915,719560.99996722,720611.0001948625,721532.0001193272,724750.9997367611,738258.9995912382,752536.9996493292,763449.9998569044
710372.9998329675,711735.0002802948,716588.0002955438,716770.000131915,719560.99996722,720611.0001948625,724750.9997367611,726389.0000326089,738258.9995912382,752536.9996493292,763449.9998569044
710372.9998329675,711735.0002802948,716427.9998374913,716588.0002955438,716770.000131915,720611.0001948625,724750.9997367611,729522.0001623376,738258.9995912382,752536.9996493292,763449.9998569044
710372.9998329675,711735.0002802948,716427.9998374913,716770.000131915,720611.0001948625,724750.9997367611,727479.9997022497,729522.0001623376,738258.9995912382,752536.9996493292,752558.0004501985
710372.9998329675,711735.0002802948,716427.9998374913,716770.000131915,720611.0001948625,721064.000463604,724750.9997367611,729522.0001623376,738258.9995912382,752536.9996493292,758973.9996888442
699241.0000980261,711735.0002802948,716427.9998374913,716770.000131915,720611.0001948625,721064.000463604,724750.9997367611,738258.9995912382,740653.9998972788,752536.9996493292,758973.9996888442
699241.0000980261,711735.0002802948,716427.9998374913,716770.000131915,720611.0001948625,721064.000463604,721936.9999747224,738258.9995912382,740653.9998972788,755350.9994113679,758973.9996888442
711735.0002802948,716427.9998374913,716770.000131915,717914.0000576576,720611.0001948625,721064.000463604,721936.9999747224,721980.9999376474,738258.9995912382,755350.9994113679,758973.9996888442
711735.0002802948,716024.9999701444,716427.9998374913,716770.000131915,720611.0001948625,721064.000463604,721936.9999747224,723870.0000251606,738258.9995912382,755350.9994113679,758973.9996888442
711735.0002802948,714761.0001464444,716024.9999701444,718436.9998229619,720611.0001948625,721064.000463604,721936.9999747224,723870.0000251606,738258.9995912382,755350.9994113679,758973.9996888442
698648.9999548102,711735.0002802948,718436.9998229619,720611.0001948625,721064.000463604,721936.9999747224,723870.0000251606,732137.0001617785,738258.9995912382,755350.9994113679,758973.9996888442
698648.9999548102,711735.0002802948,718436.9998229619,720611.0001948625,721064.000463604,721936.9999747224,723870.0000251606,730331.9996066319,740064.0001463848,755350.9994113679,758973.9996888442
698648.9999548102,711735.0002802948,718436.9998229619,720611.0001948625,721936.9999747224,723870.0000251606,730331.9996066319,731512.0007970557,740064.0001463848,748525.9993553925,755350.9994113679
698648.9999548102,711735.0002802948,717499.0005350708,718436.9998229619,720611.0001948625,721936.9999747224,723870.0000251606,730331.9996066319,740064.0001463848,755350.9994113679,762538.9996173774
698648.9999548102,711735.0002802948,718436.9998229619,720611.0001948625,721936.9999747224,723870.0000251606,725567.000194072,730331.9996066319,740064.0001463848,754470.9999583762,755350.9994113679
698648.9999548102,711735.0002802948,718436.9998229619,721936.9999747224,723870.0000251606,724523.9995766857,725567.000194072,730331.9996066319,740064.0001463848,751438.0000295447,754470.9999583762
698648.9999548102,711735.0002802948,718436.9998229619,721936.9999747224,723870.0000251606,725567.000194072,729043.99957318,730331.9996066319,740064.0001463848,746918.0000330503,754470.9999583762
695806.0001278005,711735.0002802948,718436.9998229619,721936.9999747224,725567.000194072,726712.9998521704,729043.99957318,730331.9996066319,740064.0001463848,746918.0000330503,754470.9999583762
695806.0001278005,711735.0002802948,718436.9998229619,721308.9995840726,721936.9999747224,725567.000194072,729043.99957318,735735.9998747297,740064.0001463848,746918.0000330503,754470.9999583762
695806.0001278005,711735.0002802948,714208.9996113363,721308.9995840726,721936.9999747224,725567.000194072,729043.99957318,739964.0000863553,740064.0001463848,746918.0000330503,754470.9999583762
695806.0001278005,711735.0002802948,714208.9996113363,716502.0000995006,721308.9995840726,721936.9999747224,729043.99957318,739964.0000863553,740064.0001463848,746918.0000330503,763536.0000529476
695806.0001278005,714208.9996113363,714362.0002925809,716502.0000995006,721308.9995840726,721936.9999747224,729043.99957318,737337.0000740691,740064.0001463848,746918.0000330503,763536.0000529476
695806.0001278005,714208.9996113363,714362.0002925809,715812.9999722125,716502.0000995006,721308.9995840726,729043.99957318,737337.0000740691,740064.0001463848,753042.0000355602,763536.0000529476
695806.0001278005,714362.0002925809,715812.9999722125,715942.000041057,716502.0000995006,721308.9995840726,729043.99957318,735603.9996443484,740064.0001463848,753042.0000355602,763536.0000529476
695806.0001278005,699304.00038414,715942.000041057,716502.0000995006,721308.9995840726,729043.99957318,730870.9998806535,735603.9996443484,740064.0001463848,753042.0000355602,763536.0000529476
695806.0001278005,699304.00038414,715004.0000367032,716502.0000995006,721308.9995840726,729043.99957318,730870.9998806535,736541.9996487022,740064.0001463848,753042.0000355602,763536.0000529476
695806.0001278005,699756.9999805943,714551.0004402489,716502.0000995006,721308.9995840726,729043.99957318,730870.9998806535,736541.9996487022,740064.0001463848,753042.0000355602,763536.0000529476
695806.0001278005,714551.0004402489,716502.0000995006,716828.9996894924,719469.999939804,721308.9995840726,729043.99957318,730870.9998806535,740064.0001463848,753042.0000355602,763536.0000529476
695806.0001278005,714551.0004402489,715616.0001959106,716502.0000995006,716828.9996894924,721308.9995840726,729043.99957318,730870.9998806535,743917.9998902782,753042.0000355602,763536.0000529476
695806.0001278005,714551.0004402489,715616.0001959106,716828.9996894924,721308.9995840726,723684.0001387876,729043.99957318,730870.9998806535,743917.9998902782,753042.0000355602,756354.0000136606
695806.0001278005,713438.9995965662,715616.0001959106,716828.9996894924,722421.0004277553,723684.0001387876,729043.99957318,730870.9998806535,743917.9998902782,753042.0000355602,756354.0000136606
695806.0001278005,715616.0001959106,716828.9996894924,722421.0004277553,722573.9998736228,723684.0001387876,729043.99957318,730870.9998806535,734782.9996132216,753042.0000355602,756354.0000136606
695806.0001278005,715616.0001959106,716828.9996894924,722421.0004277553,722573.9998736228,722657.9999993551,729043.99957318,730870.9998806535,734782.9996132216,753042.0000355602,757380.0001530931
695806.0001278005,708687.9996200389,715616.0001959106,722421.0004277553,722657.9999993551,729043.99957318,730714.9999430763,730870.9998806535,734782.9996132216,753042.0000355602,757380.0001530931
695806.0001278005,708687.9996200389,714006.0000923178,715616.0001959106,722657.9999993551,729043.99957318,730714.9999430763,734782.9996132216,739286.0002160909,753042.0000355602,757380.0001530931
695806.0001278005,708687.9996200389,715616.0001959106,722657.9999993551,725856.0001674148,727436.0001409941,729043.99957318,730714.9999430763,734782.9996132216,753042.0000355602,757380.0001530931
695806.0001278005,708687.9996200389,715616.0001959106,725856.0001674148,727436.0001409941,729043.99957318,730714.9999430763,734782.9996132216,739444.9996728319,740593.0004796163,753042.0000355602
695806.0001278005,708687.9996200389,715410.9999451347,725856.0001674148,727436.0001409941,729043.99957318,730714.9999430763,734987.9998639975,739444.9996728319,740593.0004796163,753042.0000355602
695806.0001278005,708687.9996200389,715410.9999451347,723123.0003884502,729043.99957318,730168.9999199586,730714.9999430763,734987.9998639975,739444.9996728319,740593.0004796163,753042.0000355602
695806.0001278005,708687.9996200389,715410.9999451347,723123.0003884502,725464.9995194601,729043.99957318,730168.9999199586,730714.9999430763,740593.0004796163,748968.0000173692,753042.0000355602
695806.0001278005,715232.9995994524,715410.9999451347,716578.0004090368,725464.9995194601,729043.99957318,730168.9999199586,730714.9999430763,740593.0004796163,748968.0000173692,753042.0000355602
695806.0001278005,715232.9995994524,715410.9999451347,716578.0004090368,722241.9995799373,729043.99957318,730168.9999199586,730714.9999430763,740593.0004796163,752190.999956892,753042.0000355602
695806.0001278005,715232.9995994524,715410.9999451347,716578.0004090368,721681.9999538297,729043.99957318,730168.9999199586,730714.9999430763,741153.000105724,752190.999956892,753042.0000355602
695806.0001278005,715232.9995994524,715410.9999451347,716578.0004090368,718800.9997007678,721681.9999538297,730168.9999199586,730714.9999430763,741153.000105724,752190.999956892,763284.9999079724
695806.0001278005,713297.9999049208,715232.9995994524,716578.0004090368,718800.9997007678,721681.9999538297,730168.9999199586,730714.9999430763,741153.000105724,754303.9999971059,763284.9999079724
695806.0001278005,713297.9999049208,715232.9995994524,715295.0000453556,718800.9997007678,721681.9999538297,730714.9999430763,731452.0002836396,741153.000105724,754303.9999971059,763284.9999079724
695806.0001278005,713297.9999049208,715232.9995994524,715295.0000453556,720498.9998689176,721681.9999538297,730714.9999430763,731452.0002836396,741153.000105724,754303.9999971059,761586.9997398226
695806.0001278005,708421.999991506,715232.9995994524,715295.0000453556,720498.9998689176,726557.9998672445,730714.9999430763,731452.0002836396,741153.000105724,754303.9999971059,761586.9997398226
695806.0001278005,708421.999991506,714219.9998354588,715232.9995994524,715295.0000453556,720498.9998689176,731452.0002836396,741153.000105724,743052.999974862,754303.9999971059,761586.9997398226
695806.0001278005,708421.999991506,714219.9998354588,715295.0000453556,717601.9996548942,720498.9998689176,731452.0002836396,740683.9999194201,741153.000105724,754303.9999971059,761586.9997398226
695806.0001278005,714219.9998354588,715295.0000453556,717601.9996548942,720498.9998689176,726092.9999390049,731452.0002836396,736633.000049607,740683.9999194201,741153.000105724,761586.9997398226
695806.0001278005,714219.9998354588,715295.0000453556,717601.9996548942,720498.9998689176,724117.0001529495,731452.0002836396,736633.000049607,740683.9999194201,743128.9998917794,761586.9997398226
695806.0001278005,714219.9998354588,715295.0000453556,720498.9998689176,721381.9996011016,724117.0001529495,731452.0002836396,736633.000049607,736903.9999732127,743128.9998917794,761586.9997398226
695806.0001278005,714219.9998354588,715295.0000453556,720498.9998689176,724117.0001529495,724997.9999493981,731452.0002836396,733287.9996249162,736633.000049607,743128.9998917794,761586.9997398226
695806.0001278005,714219.9998354588,715046.9999764443,715295.0000453556,720498.9998689176,724997.9999493981,731452.0002836396,733287.9996249162,736633.000049607,752199.0000682846,761586.9997398226
695806.0001278005,703943.0000738184,714219.9998354588,715046.9999764443,720498.9998689176,731452.0002836396,733287.9996249162,736349.9999209354,736633.000049607,752199.0000682846,761586.9997398226
695806.0001278005,703943.0000738184,714219.9998354588,715046.9999764443,717719.0000925955,733287.9996249162,734232.0000599618,736349.9999209354,736633.000049607,752199.0000682846,761586.9997398226
695806.0001278005,703943.0000738184,714219.9998354588,717719.0000925955,717754.0001154612,733287.9996249162,734232.0000599618,736349.9999209354,736633.000049607,749491.9999292677,761586.9997398226
695806.0001278005,703943.0000738184,714219.9998354588,717719.0000925955,724697.000072083,733287.9996249162,734232.0000599618,736349.9999209354,736633.000049607,742548.9999726459,761586.9997398226
695806.0001278005,703943.0000738184,714219.9998354588,724697.000072083,725171.9998770736,733287.9996249162,734232.0000599618,736349.9999209354,736633.000049607,742548.9999726459,754133.9999553445
695806.0001278005,703943.0000738184,714219.9998354588,724352.9997066583,725171.9998770736,733287.9996249162,734232.0000599618,736349.9999209354,736633.000049607,742893.0003380706,754133.9999553445
695806.0001278005,714219.9998354588,718668.0000975288,721624.999897225,724352.9997066583,725171.9998770736,733287.9996249162,734232.0000599618,736633.000049607,742893.0003380706,754133.9999553445
695806.0001278005,714219.9998354588,718684.0000411806,721624.999897225,724352.9997066583,725171.9998770736,733287.9996249162,734232.0000599618,736617.0001059552,742893.0003380706,754133.9999553445
693710.0000873769,714219.9998354588,718684.0000411806,721624.999897225,724352.9997066583,725171.9998770736,734232.0000599618,735383.9996653398,736617.0001059552,742893.0003380706,754133.9999553445
693710.0000873769,714219.9998354588,714942.0000324027,718684.0000411806,724352.9997066583,725171.9998770736,734232.0000599618,735383.9996653398,742893.0003380706,743299.9999707774,754133.9999553445
693710.0000873769,714219.9998354588,714942.0000324027,717997.9999517557,725038.9997960832,725171.9998770736,734232.0000599618,735383.9996653398,742893.0003380706,743299.9999707774,754133.9999553445
695625.0005877648,714219.9998354588,714942.0000324027,717997.9999517557,725038.9997960832,725171.9998770736,733468.999164952,734232.0000599618,742893.0003380706,743299.9999707774,754133.9999553445
695625.0005877648,714219.9998354588,717997.9999517557,725038.9997960832,725171.9998770736,728431.9999149942,729810.0000881859,733468.999164952,734232.0000599618,742893.0003380706,754133.9999553445
695625.0005877648,717309.0004062273,717997.9999517557,725038.9997960832,725171.9998770736,728431.9999149942,729810.0000881859,733468.999164952,734232.0000599618,739803.9997673021,754133.9999553445
695625.0005877648,710669.0004004659,717997.9999517557,725171.9998770736,728431.9999149942,729810.0000881859,731678.9998018446,733468.999164952,734232.0000599618,739803.9997673021,754133.9999553445
699357.000625487,710669.0004004659,717997.9999517557,725171.9998770736,726078.0000504637,728431.9999149942,731678.9998018446,733468.999164952,734232.0000599618,739803.9997673021,754133.9999553445
705941.000680292,710669.0004004659,717997.9999517557,719493.9999956586,725171.9998770736,728431.9999149942,731678.9998018446,733468.999164952,734232.0000599618,739803.9997673021,754133.9999553445
699483.0000681325,710669.0004004659,717997.9999517557,725171.9998770736,725952.0006078181,728431.9999149942,731678.9998018446,733468.999164952,734232.0000599618,739803.9997673021,754133.9999553445
699483.0000681325,710669.0004004659,717997.9999517557,720180.9999898286,725952.0006078181,728431.9999149942,731678.9998018446,733468.999164952,734232.0000599618,739803.9997673021,759124.9998425895
699483.0000681325,710669.0004004659,715593.0000744241,717997.9999517557,725952.0006078181,728431.9999149942,731678.9998018446,733468.999164952,738819.9999753663,739803.9997673021,759124.9998425895
699483.0000681325,710669.0004004659,714525.9999886085,715593.0000744241,717997.9999517557,728431.9999149942,731678.9998018446,738819.9999753663,739803.9997673021,744894.9997841616,759124.9998425895
699483.0000681325,710669.0004004659,712900.0002041296,714525.9999886085,717997.9999517557,728431.9999149942,731678.9998018446,739803.9997673021,741512.9998456608,744894.9997841616,759124.9998425895
699483.0000681325,712900.0002041296,713383.0003157882,714525.9999886085,715284.0000364335,728431.9999149942,731678.9998018446,739803.9997673021,741512.9998456608,744894.9997841616,759124.9998425895
699483.0000681325,712900.0002041296,714525.9999886085,715284.0000364335,721068.9999634953,723993.0001541375,728431.9999149942,739803.9997673021,741512.9998456608,744894.9997841616,759124.9998425895
698406.999989913,699483.0000681325,712900.0002041296,714525.9999886085,723993.0001541375,728431.9999149942,737946.0000100158,739803.9997673021,741512.9998456608,744894.9997841616,759124.9998425895
698406.999989913,699483.0000681325,712900.0002041296,714525.9999886085,723993.0001541375,729896.0000058518,736481.9999191582,739803.9997673021,741512.9998456608,744894.9997841616,759124.9998425895
698406.999989913,699483.0000681325,713321.0002786767,714525.9999886085,723993.0001541375,729896.0000058518,736481.9999191582,739803.9997673021,741512.9998456608,744894.9997841616,758703.9997680424
698406.999989913,699483.0000681325,714525.9999886085,717388.9998700692,723993.0001541375,729896.0000058518,736481.9999191582,737445.0002542683,739803.9997673021,744894.9997841616,758703.9997680424
699483.0000681325,709121.0000151477,714525.9999886085,717388.9998700692,719181.9999806171,723993.0001541375,736481.9999191582,737445.0002542683,739803.9997673021,744894.9997841616,758703.9997680424
709121.0000151477,714525.9999886085,716245.0000672891,717388.9998700692,719181.9999806171,723041.9997681455,723993.0001541375,736481.9999191582,737445.0002542683,744894.9997841616,758703.9997680424
709121.0000151477,714525.9999886085,716245.0000672891,719181.9999806171,720213.0000844332,723041.9997681455,723993.0001541375,734621.0000399043,736481.9999191582,744894.9997841616,758703.9997680424
712928.9999121131,714525.9999886085,715374.0000836517,716245.0000672891,720213.0000844332,723041.9997681455,723993.0001541375,734621.0000399043,736481.9999191582,744894.9997841616,758703.9997680424
703460.9999738832,714525.9999886085,715374.0000836517,720213.0000844332,723041.9997681455,723993.0001541375,725713.000005519,734621.0000399043,736481.9999191582,744894.9997841616,758703.9997680424
703460.9999738832,704563.0002052905,714525.9999886085,720213.0000844332,723993.0001541375,725713.000005519,733852.9996465067,734621.0000399043,736481.9999191582,744894.9997841616,758703.9997680424
704563.0002052905,714525.9999886085,718721.000034458,720213.0000844332,721221.9998585833,723993.0001541375,725713.000005519,733852.9996465067,734621.0000399043,744894.9997841616,758703.9997680424
704563.0002052905,714525.9999886085,716453.0000467121,720213.0000844332,721221.9998585833,723993.0001541375,727980.9999932649,733852.9996465067,734621.0000399043,744894.9997841616,758703.9997680424
704451.0000409491,714525.9999886085,716453.0000467121,720213.0000844332,721221.9998585833,723993.0001541375,727980.9999932649,733964.9998108482,734621.0000399043,744894.9997841616,758703.9997680424
704451.0000409491,714525.9999886085,716453.0000467121,716711.0000667577,720213.0000844332,721221.9998585833,727980.9999932649,734621.0000399043,741246.999898228,744894.9997841616,758703.9997680424
693891.0001042668,704451.0000409491,714525.9999886085,720213.0000844332,721221.9998585833,727980.9999932649,734621.0000399043,739273.000009203,741246.999898228,744894.9997841616,758703.9997680424
693891.0001042668,704451.0000409491,720213.0000844332,721221.9998585833,721342.9998419175,727980.9999932649,734621.0000399043,738077.9999308526,739273.000009203,741246.999898228,758703.9997680424
693891.0001042668,704451.0000409491,720213.0000844332,721221.9998585833,721342.9998419175,721752.9999277204,727980.9999932649,734621.0000399043,738077.9999308526,758703.9997680424,758766.9999797106
693891.0001042668,704451.0000409491,720213.0000844332,721221.9998585833,721342.9998419175,727980.9999932649,729158.9995761698,734621.0000399043,738077.9999308526,751361.0003312612,758703.9997680424
693891.0001042668,720213.0000844332,720688.0007252834,721221.9998585833,721342.9998419175,727980.9999932649,729158.9995761698,734621.0000399043,735123.9996469269,738077.9999308526,758703.9997680424
693891.0001042668,720213.0000844332,720688.0007252834,721221.9998585833,724172.000057557,727980.9999932649,729158.9995761698,734621.0000399043,735123.9996469269,735248.9997152131,758703.9997680424
693891.0001042668,715667.9999390816,720213.0000844332,720688.0007252834,724172.000057557,727980.9999932649,729158.9995761698,734621.0000399043,735248.9997152131,740677.9995664286,758703.9997680424
693891.0001042668,717891.0000926815,720213.0000844332,720688.0007252834,721948.9999039571,727980.9999932649,729158.9995761698,734621.0000399043,735248.9997152131,740677.9995664286,758703.9997680424
704225.0000573512,717891.0000926815,720213.0000844332,720688.0007252834,721948.9999039571,727980.9999932649,729158.9995761698,730343.9996133442,734621.0000399043,735248.9997152131,758703.9997680424
704225.0000573512,717891.0000926815,720688.0007252834,721948.9999039571,725494.9998772974,727980.9999932649,729158.9995761698,729339.0002470401,730343.9996133442,735248.9997152131,758703.9997680424
704225.0000573512,717891.0000926815,720688.0007252834,721948.9999039571,723652.9997087194,727980.9999932649,729158.9995761698,729339.0002470401,730343.9996133442,735248.9997152131,760545.9999366204
704225.0000573512,715514.9999240905,717891.0000926815,720688.0007252834,723652.9997087194,729158.9995761698,729339.0002470401,730343.9996133442,734414.9999731316,735248.9997152131,760545.9999366204
704225.0000573512,715514.9999240905,717891.0000926815,720688.0007252834,723652.9997087194,729158.9995761698,730343.9996133442,734414.9999731316,735248.9997152131,741767.0002055073,748117.9999781532
704225.0000573512,715514.9999240905,717029.0001500682,717891.0000926815,723652.9997087194,730343.9996133442,732818.000151385,734414.9999731316,735248.9997152131,741767.0002055073,748117.9999781532
704225.0000573512,713662.9999956284,715514.9999240905,717029.0001500682,723652.9997087194,730343.9996133442,732818.000151385,735248.9997152131,738643.0000701847,741767.0002055073,748117.9999781532
704225.0000573512,715514.9999240905,717029.0001500682,720233.0000337622,723652.9997087194,723773.9995752104,732818.000151385,735248.9997152131,738643.0000701847,741767.0002055073,748117.9999781532
704225.0000573512,713574.9999968116,715514.9999240905,717029.0001500682,720233.0000337622,723652.9997087194,732818.000151385,735248.9997152131,741767.0002055073,748117.9999781532,748841.9996485835
704225.0000573512,713574.9999968116,715514.9999240905,717029.0001500682,720233.0000337622,723652.9997087194,732818.000151385,734770.0000919987,735248.9997152131,748841.9996485835,755115.0000916617
704225.0000573512,715514.9999240905,717029.0001500682,720233.0000337622,723652.9997087194,724409.9999582655,724413.9997537592,732818.000151385,734770.0000919987,748841.9996485835,755115.0000916617
704225.0000573512,715514.9999240905,717029.0001500682,719434.000096608,720233.0000337622,723652.9997087194,729389.9996154167,732818.000151385,734770.0000919987,748841.9996485835,755115.0000916617
704225.0000573512,713118.9999943082,715514.9999240905,717029.0001500682,719434.000096608,723652.9997087194,729389.9996154167,732818.000151385,734770.0000919987,748841.9996485835,762229.0001311157
704225.0000573512,713118.9999943082,714752.0005894222,715514.9999240905,719434.000096608,723652.9997087194,729389.9996154167,734770.0000919987,735094.999712031,748841.9996485835,762229.0001311157
704225.0000573512,714752.0005894222,715514.9999240905,718804.0003592486,719434.000096608,723652.9997087194,729084.9997270582,729389.9996154167,735094.999712031,748841.9996485835,762229.0001311157
704225.0000573512,714752.0005894222,715514.9999240905,718804.0003592486,722950.9998920439,723652.9997087194,725872.9998199808,729084.9997270582,735094.999712031,748841.9996485835,762229.0001311157
704225.0000573512,714752.0005894222,715514.9999240905,717810.9998319108,718804.0003592486,723652.9997087194,729084.9997270582,731012.9998801139,735094.999712031,748841.9996485835,762229.0001311157
714752.0005894222,715514.9999240905,717810.9998319108,718635.999997746,718804.0003592486,723652.9997087194,729084.9997270582,731012.9998801139,734430.9997081886,735094.999712031,762229.0001311157
708786.9998617475,714752.0005894222,717810.9998319108,718635.999997746,718804.0003592486,723652.9997087194,729084.9997270582,734430.9997081886,735094.999712031,737740.9999424568,762229.0001311157
708786.9998617475,716999.0000193828,717810.9998319108,718635.999997746,718804.0003592486,723652.9997087194,729084.9997270582,732184.000278228,735094.999712031,737740.9999424568,762229.0001311157
711455.9999211316,715966.9999383618,716999.0000193828,717810.9998319108,718804.0003592486,723652.9997087194,729084.9997270582,732184.000278228,735094.999712031,737740.9999424568,762229.0001311157
713443.999782903,715822.9999701395,715966.9999383618,716999.0000193828,718804.0003592486,723652.9997087194,729084.9997270582,732184.000278228,735094.999712031,737740.9999424568,762229.0001311157
713443.999782903,715822.9999701395,715966.9999383618,718804.0003592486,723597.9998311314,723652.9997087194,728495.9999002824,729084.9997270582,732184.000278228,737740.9999424568,762229.0001311157
713443.999782903,715822.9999701395,715966.9999383618,719706.0003922015,723597.9998311314,723652.9997087194,728495.9999002824,729084.9997270582,732184.000278228,736838.999909504,762229.0001311157
713443.999782903,715822.9999701395,715966.9999383618,719706.0003922015,723597.9998311314,723652.9997087194,728495.9999002824,729084.9997270582,732184.000278228,736780.9999138576,762287.000126762
709535.9998207532,713443.999782903,715822.9999701395,719706.0003922015,723597.9998311314,723652.9997087194,729084.9997270582,732184.000278228,734927.0000178909,736780.9999138576,762287.000126762
709535.9998207532,712991.000050984,716275.9997020585,719706.0003922015,723597.9998311314,723652.9997087194,729084.9997270582,732184.000278228,734927.0000178909,736780.9999138576,762287.000126762
709535.9998207532,712991.000050984,716275.9997020585,723295.000093881,723597.9998311314,723652.9997087194,729084.9997270582,732184.000278228,734927.0000178909,736780.9999138576,758698.0004250824
709535.9998207532,712991.000050984,716275.9997020585,719403.0000393613,723597.9998311314,723652.9997087194,729084.9997270582,732184.000278228,734927.0000178909,740672.9999683773,758698.0004250824
709535.9998207532,712991.000050984,716275.9997020585,719403.0000393613,723597.9998311314,723652.9997087194,725437.0002419648,729084.9997270582,734927.0000178909,747420.0000046404,758698.0004250824
704661.999989012,712991.000050984,716275.9997020585,719403.0000393613,723597.9998311314,723652.9997087194,725437.0002419648,729084.9997270582,739800.9998496321,747420.0000046404,758698.0004250824
710544.0000788474,712991.000050984,716275.9997020585,719403.0000393613,723597.9998311314,723652.9997087194,725437.0002419648,729084.9997270582,739800.9998496321,741537.9999148049,758698.0004250824
710544.0000788474,712991.000050984,716275.9997020585,719403.0000393613,721134.9998661047,723652.9997087194,727900.0002069916,729084.9997270582,739800.9998496321,741537.9999148049,758698.0004250824
710544.0000788474,712991.000050984,716275.9997020585,717685.9999529679,719403.0000393613,723652.9997087194,729084.9997270582,731349.0001201284,739800.9998496321,741537.9999148049,758698.0004250824
710544.0000788474,712991.000050984,716275.9997020585,717685.9999529679,719403.0000393613,723652.9997087194,729084.9997270582,733588.000090732,739298.9999442013,739800.9998496321,758698.0004250824
710544.0000788474,712991.000050984,716275.9997020585,717685.9999529679,719403.0000393613,723652.9997087194,729084.9997270582,729263.0001157564,739298.9999442013,744125.9998246077,758698.0004250824
710544.0000788474,713913.0000940724,716275.9997020585,717685.9999529679,719403.0000393613,723652.9997087194,729084.9997270582,729263.0001157564,739298.9999442013,743203.9997815193,758698.0004250824
710544.0000788474,713913.0000940724,715213.9993895077,716275.9997020585,717685.9999529679,719403.0000393613,729263.0001157564,737524.00004627,739298.9999442013,743203.9997815193,758698.0004250824
710544.0000788474,713913.0000940724,716275.9997020585,717685.9999529679,719403.0000393613,719577.9994263493,729263.0001157564,733160.0000094285,739298.9999442013,743203.9997815193,758698.0004250824
703653.0000747392,710544.0000788474,717685.9999529679,719403.0000393613,719577.9994263493,726535.9997213917,729263.0001157564,733160.0000094285,739298.9999442013,743203.9997815193,758698.0004250824
706243.9999653499,710544.0000788474,716812.0001487506,717685.9999529679,719577.9994263493,726535.9997213917,729263.0001157564,733160.0000094285,739298.9999442013,743203.9997815193,758698.0004250824
706243.9999653499,706693.9999388627,710544.0000788474,716812.0001487506,719577.9994263493,726535.9997213917,733160.0000094285,739298.9999442013,740255.0001298615,743203.9997815193,758698.0004250824
706693.9999388627,710544.0000788474,716812.0001487506,719577.9994263493,720009.9998502992,725533.000059252,726535.9997213917,733160.0000094285,740255.0001298615,743203.9997815193,758698.0004250824
706693.9999388627,712849.0002112908,716812.0001487506,719577.9994263493,720009.9998502992,725533.000059252,726535.9997213917,733160.0000094285,740255.0001298615,740898.9996490759,758698.0004250824
706693.9999388627,716408.9997662085,716812.0001487506,719577.9994263493,720009.9998502992,725533.000059252,726535.9997213917,733160.0000094285,737339.0000941582,740255.0001298615,758698.0004250824
706693.9999388627,716408.9997662085,716812.0001487506,718011.9993738284,720009.9998502992,725533.000059252,726535.9997213917,734726.0000619494,737339.0000941582,740255.0001298615,758698.0004250824
706693.9999388627,716408.9997662085,716812.0001487506,718011.9993738284,720009.9998502992,722293.000273525,726535.9997213917,734726.0000619494,740255.0001298615,740578.9998798852,758698.0004250824
706693.9999388627,715099.000151883,716408.9997662085,716812.0001487506,718011.9993738284,720009.9998502992,722293.000273525,726535.9997213917,740255.0001298615,758698.0004250824,760205.9997899516
706693.9999388627,715099.000151883,716408.9997662085,716812.0001487506,720009.9998502992,722293.000273525,726535.9997213917,728201.999835603,740255.0001298615,748507.9999633078,760205.9997899516
706693.9999388627,715099.000151883,716408.9997662085,716812.0001487506,722218.9998345592,722293.000273525,726535.9997213917,728201.999835603,740255.0001298615,748507.9999633078,757996.9998056917
706693.9999388627,714980.9998333808,715099.000151883,716408.9997662085,716812.0001487506,722218.9998345592,722293.000273525,726535.9997213917,740255.0001298615,757996.9998056917,761728.99996553
714980.9998333808,715099.000151883,716408.9997662085,716812.0001487506,722218.9998345592,722293.000273525,722498.9999823876,724450.0000863366,726535.9997213917,757996.9998056917,761728.99996553
714980.9998333808,716408.9997662085,716812.0001487506,720176.0004782183,722218.9998345592,722293.000273525,722498.9999823876,724450.0000863366,726535.9997213917,756651.9996391947,757996.9998056917
713303.0001110067,714980.9998333808,719917.9998039524,720176.0004782183,722218.9998345592,722293.000273525,722498.9999823876,724450.0000863366,726535.9997213917,756651.9996391947,757996.9998056917
713303.0001110067,714980.9998333808,717655.9999122339,720176.0004782183,722218.9998345592,722293.000273525,724450.0000863366,724760.9998741061,726535.9997213917,756651.9996391947,757996.9998056917
713303.0001110067,714980.9998333808,717655.9999122339,722218.9998345592,722293.000273525,724450.0000863366,724760.9998741061,726535.9997213917,728717.0002528077,748110.9998646053,757996.9998056917
713303.0001110067,714980.9998333808,717655.9999122339,717869.9997260089,722293.000273525,724450.0000863366,724760.9998741061,726535.9997213917,728717.0002528077,748110.9998646053,762345.999914242
699133.9999814391,713303.0001110067,714980.9998333808,717655.9999122339,724450.0000863366,724760.9998741061,726535.9997213917,728717.0002528077,741029.0000180948,748110.9998646053,762345.999914242
699133.9999814391,714980.9998333808,715298.0001233043,715660.9998999363,724450.0000863366,724760.9998741061,726535.9997213917,728717.0002528077,741029.0000180948,748110.9998646053,762345.999914242
699133.9999814391,715298.0001233043,715660.9998999363,718062.9997489684,724450.0000863366,724760.9998741061,726535.9997213917,728717.0002528077,737947.0001025072,748110.9998646053,762345.999914242
699133.9999814391,715298.0001233043,715660.9998999363,718062.9997489684,724450.0000863366,724760.9998741061,726434.9999964308,726535.9997213917,740229.0003588842,748110.9998646053,762345.999914242
699133.9999814391,706104.9997514131,715298.0001233043,718062.9997489684,724450.0000863366,726434.9999964308,726535.9997213917,734317.0000226293,740229.0003588842,748110.9998646053,762345.999914242
699133.9999814391,706104.9997514131,713783.0001025662,718062.9997489684,724450.0000863366,726434.9999964308,726535.9997213917,735832.0000433674,740229.0003588842,748110.9998646053,762345.999914242
699133.9999814391,706104.9997514131,718062.9997489684,719808.9997082667,720510.0001156912,724450.0000863366,726434.9999964308,735832.0000433674,740229.0003588842,748110.9998646053,762345.999914242
699133.9999814391,710708.9997571434,718062.9997489684,719808.9997082667,720510.0001156912,721830.9999907005,724450.0000863366,735832.0000433674,740229.0003588842,748110.9998646053,762345.999914242
699133.9999814391,710708.9997571434,718062.9997489684,720510.0001156912,721830.9999907005,724450.0000863366,727527.9996333221,735832.0000433674,740229.0003588842,748110.9998646053,754626.9999891865
708019.0001320384,710708.9997571434,712945.9998401012,718062.9997489684,720510.0001156912,724450.0000863366,727527.9996333221,735832.0000433674,740229.0003588842,748110.9998646053,754626.9999891865
708796.0001301032,710708.9997571434,712945.9998401012,718062.9997489684,720510.0001156912,724450.0000863366,727527.9996333221,735055.0000453026,740229.0003588842,748110.9998646053,754626.9999891865
708796.0001301032,710708.9997571434,712945.9998401012,718062.9997489684,720510.0001156912,724450.0000863366,728375.9999685108,735055.0000453026,740229.0003588842,748110.9998646053,753778.9996539978
708796.0001301032,710708.9997571434,717873.0001410943,718062.9997489684,720510.0001156912,724450.0000863366,728375.9999685108,730127.9997443095,740229.0003588842,748110.9998646053,753778.9996539978
708796.0001301032,710708.9997571434,715099.9999780233,717873.0001410943,718062.9997489684,724450.0000863366,728375.9999685108,730127.9997443095,740229.0003588842,748110.9998646053,759188.9997916657
708796.0001301032,710708.9997571434,717873.0001410943,718062.9997489684,724450.0000863366,728375.9999685108,730127.9997443095,733173.9999188152,740229.0003588842,741114.9998508738,748110.9998646053
705077.0003981204,710708.9997571434,718062.9997489684,721591.9998730773,724450.0000863366,728375.9999685108,730127.9997443095,733173.9999188152,740229.0003588842,741114.9998508738,748110.9998646053
709180.9998921565,710708.9997571434,718062.9997489684,720346.0005923006,721591.9998730773,728375.9999685108,730127.9997443095,733173.9999188152,740229.0003588842,741114.9998508738,748110.9998646053
709180.9998921565,710708.9997571434,717350.0000730033,718062.9997489684,724588.0003923745,728375.9999685108,730127.9997443095,733173.9999188152,740229.0003588842,741114.9998508738,748110.9998646053
709180.9998921565,713501.0001159547,717350.0000730033,718062.9997489684,721796.0000335632,728375.9999685108,730127.9997443095,733173.9999188152,740229.0003588842,741114.9998508738,748110.9998646053
696106.000217653,709180.9998921565,718062.9997489684,721796.0000335632,728375.9999685108,730127.9997443095,733173.9999188152,734744.999971305,740229.0003588842,741114.9998508738,748110.9998646053
696106.000217653,709180.9998921565,718062.9997489684,721796.0000335632,724910.99999168,728375.9999685108,730127.9997443095,734744.999971305,740229.0003588842,748110.9998646053,749377.999778009
709180.9998921565,715178.000167523,715673.000021435,718062.9997489684,721796.0000335632,724910.99999168,728375.9999685108,730127.9997443095,740229.0003588842,748110.9998646053,749377.999778009
709180.9998921565,714023.0000629501,715178.000167523,718062.9997489684,721796.0000335632,724910.99999168,728375.9999685108,731777.9997027944,740229.0003588842,748110.9998646053,749377.999778009
709180.9998921565,714023.0000629501,715178.000167523,716053.9999783607,718062.9997489684,721796.0000335632,728375.9999685108,731777.9997027944,740229.0003588842,748110.9998646053,758234.9997913283
709180.9998921565,714023.0000629501,715178.000167523,716053.9999783607,717210.9998012454,721796.0000335632,728375.9999685108,731777.9997027944,741081.0003066072,748110.9998646053,758234.9997913283
693026.000023684,709180.9998921565,715178.000167523,717210.9998012454,721796.0000335632,728375.9999685108,731777.9997027944,737051.0000176268,741081.0003066072,748110.9998646053,758234.9997913283
693026.000023684,699816.999772307,715178.000167523,717210.9998012454,728375.9999685108,731160.0001534128,731777.9997027944,737051.0000176268,741081.0003066072,748110.9998646053,758234.9997913283
699816.999772307,709353.9999748764,715178.000167523,717210.9998012454,720723.0000664344,728375.9999685108,731160.0001534128,731777.9997027944,741081.0003066072,748110.9998646053,758234.9997913283
699816.999772307,709353.9999748764,715178.000167523,719932.0002991881,720723.0000664344,728375.9999685108,731160.0001534128,731777.9997027944,738359.9998086646,748110.9998646053,758234.9997913283
699816.999772307,709353.9999748764,715152.0001360246,715178.000167523,720723.0000664344,728375.9999685108,731160.0001534128,736557.9998659578,738359.9998086646,748110.9998646053,758234.9997913283
699816.999772307,702595.9999167746,715152.0001360246,720723.0000664344,721936.0002256249,728375.9999685108,731160.0001534128,736557.9998659578,738359.9998086646,748110.9998646053,758234.9997913283
699816.999772307,702595.9999167746,715152.0001360246,721936.0002256249,725002.000115616,728375.9999685108,731160.0001534128,736557.9998659578,738359.9998086646,748110.9998646053,753955.9997421467
702595.9999167746,706706.0004328919,715152.0001360246,721936.0002256249,724270.9994928279,725002.000115616,728375.9999685108,736557.9998659578,738359.9998086646,748110.9998646053,753955.9997421467
692401.9999698504,706706.0004328919,715152.0001360246,721936.0002256249,724270.9994928279,728375.9999685108,735196.0000625402,736557.9998659578,738359.9998086646,748110.9998646053,753955.9997421467
692401.9999698504,706706.0004328919,718381.0000174476,721936.0002256249,724270.9994928279,728375.9999685108,735130.9999272414,735196.0000625402,736557.9998659578,748110.9998646053,753955.9997421467
692401.9999698504,706706.0004328919,714540.0001079992,718381.0000174476,724270.9994928279,728375.9999685108,735130.9999272414,735196.0000625402,743953.9999835835,748110.9998646053,753955.9997421467
697990.0000278514,706706.0004328919,714540.0001079992,718381.0000174476,724270.9994928279,728375.9999685108,729608.0000045391,735130.9999272414,743953.9999835835,748110.9998646053,753955.9997421467
706706.0004328919,714540.0001079992,714829.9998213766,718381.0000174476,724270.9994928279,728375.9999685108,729608.0000045391,735130.9999272414,737115.9999486215,743953.9999835835,748110.9998646053
706706.0004328919,712553.9997761479,714540.0001079992,718381.0000174476,724270.9994928279,728375.9999685108,729608.0000045391,735130.9999272414,739391.9999938502,743953.9999835835,748110.9998646053
692515.9996702126,712553.9997761479,714540.0001079992,718381.0000174476,728375.9999685108,729608.0000045391,735130.9999272414,738461.0002555072,739391.9999938502,743953.9999835835,748110.9998646053
692515.9996702126,712553.9997761479,714540.0001079992,718381.0000174476,728375.9999685108,729608.0000045391,735708.999878992,738461.0002555072,739391.9999938502,743376.0000318328,748110.9998646053
692515.9996702126,712553.9997761479,714540.0001079992,719995.0000104916,728375.9999685108,729608.0000045391,735708.999878992,738461.0002555072,739391.9999938502,741762.0000387889,748110.9998646053
692515.9996702126,712553.9997761479,714370.9998943865,714540.0001079992,728375.9999685108,729608.0000045391,735708.999878992,738461.0002555072,739391.9999938502,741762.0000387889,753734.9999807103
692515.9996702126,712553.9997761479,714540.0001079992,727348.9998855868,728375.9999685108,729608.0000045391,735708.999878992,738461.0002555072,739391.9999938502,740756.99998951,741762.0000387889
692515.9996702126,712553.9997761479,719652.0001855252,724495.9999270132,727348.9998855868,728375.9999685108,735708.999878992,738461.0002555072,739391.9999938502,740756.99998951,741762.0000387889
692515.9996702126,712553.9997761479,718201.0000407869,725947.0000717514,727348.9998855868,728375.9999685108,735708.999878992,738461.0002555072,739391.9999938502,740756.99998951,741762.0000387889
692515.9996702126,718201.0000407869,721119.9998333876,725947.0000717514,727348.9998855868,728375.9999685108,730825.9999366107,735708.999878992,738461.0002555072,740756.99998951,741762.0000387889
692515.9996702126,714743.9999989596,718201.0000407869,725947.0000717514,727348.9998855868,728375.9999685108,735708.999878992,737201.9997710387,738461.0002555072,740756.99998951,741762.0000387889
692515.9996702126,714743.9999989596,718201.0000407869,725947.0000717514,728375.9999685108,733939.9998332734,734166.0000418235,735708.999878992,737201.9997710387,738461.0002555072,741762.0000387889
692515.9996702126,714743.9999989596,716022.9999615772,718201.0000407869,725947.0000717514,728375.9999685108,733939.9998332734,737201.9997710387,738461.0002555072,741762.0000387889,753851.9999592382
692515.9996702126,714743.9999989596,716022.9999615772,717997.0000070579,718201.0000407869,725947.0000717514,733939.9998332734,738461.0002555072,741762.0000387889,747580.9997324916,753851.9999592382
692515.9996702126,714743.9999989596,716022.9999615772,717997.0000070579,724107.9999530318,725947.0000717514,732554.0003432623,733939.9998332734,741762.0000387889,747580.9997324916,753851.9999592382
692515.9996702126,714743.9999989596,717997.0000070579,722927.9992587857,724107.9999530318,725947.0000717514,727035.0005360649,732554.0003432623,741762.0000387889,747580.9997324916,753851.9999592382
692515.9996702126,714743.9999989596,717997.0000070579,719568.9999698787,722927.9992587857,724107.9999530318,727035.0005360649,732554.0003432623,741762.0000387889,747580.9997324916,760230.000061111
692515.9996702126,714743.9999989596,717997.0000070579,719126.9999422058,722927.9992587857,724549.9999807046,727035.0005360649,732554.0003432623,741762.0000387889,747580.9997324916,760230.000061111
692515.9996702126,714743.9999989596,717997.0000070579,719126.9999422058,722927.9992587857,724549.9999807046,732554.0003432623,733530.0005406197,735267.000034234,747580.9997324916,760230.000061111
692515.9996702126,714743.9999989596,717997.0000070579,719126.9999422058,724549.9999807046,727557.9999730388,730636.999319981,732554.0003432623,733530.0005406197,747580.9997324916,760230.000061111
692515.9996702126,716836.000022276,717034.9999188895,717997.0000070579,724549.9999807046,727557.9999730388,730636.999319981,732554.0003432623,733530.0005406197,747580.9997324916,760230.000061111
692515.9996702126,716836.000022276,717034.9999188895,717997.0000070579,721865.9992298743,724549.9999807046,732554.0003432623,733530.0005406197,736329.0000631454,747580.9997324916,760230.000061111
711762.9999583664,713307.0000551086,716836.000022276,717034.9999188895,717997.0000070579,721865.9992298743,724549.9999807046,733530.0005406197,736329.0000631454,747580.9997324916,760230.000061111
710849.9999629399,714220.0000505351,716836.000022276,717034.9999188895,717997.0000070579,721865.9992298743,724549.9999807046,733530.0005406197,736329.0000631454,747580.9997324916,760230.000061111
693516.0000892897,710849.9999629399,716836.000022276,717997.0000070579,721865.9992298743,724549.9999807046,733530.0005406197,736329.0000631454,737738.9998801348,747580.9997324916,760230.000061111
693516.0000892897,710849.9999629399,714648.9998926057,716836.000022276,717997.0000070579,721865.9992298743,733530.0005406197,736329.0000631454,747580.9997324916,747639.9999682338,760230.000061111
693516.0000892897,710849.9999629399,713028.0005478846,714648.9998926057,716836.000022276,717997.0000070579,721865.9992298743,747580.9997324916,747639.9999682338,756831.0000558805,760230.000061111
710849.9999629399,713028.0005478846,714648.9998926057,716836.000022276,717997.0000070579,718685.0000695434,721865.9992298743,735061.0000808573,747580.9997324916,747639.9999682338,756831.0000558805
710849.9999629399,713028.0005478846,713094.999796196,714648.9998926057,717997.0000070579,718685.0000695434,721865.9992298743,735061.0000808573,747639.9999682338,751321.9999585715,756831.0000558805
710849.9999629399,713028.0005478846,714648.9998926057,717997.0000070579,718685.0000695434,721052.0000683328,721865.9992298743,735061.0000808573,743364.9996864347,747639.9999682338,756831.0000558805
710849.9999629399,713028.0005478846,714648.9998926057,718685.0000695434,719309.0001448791,719739.9999305116,721865.9992298743,735061.0000808573,743364.9996864347,747639.9999682338,756831.0000558805
712109.9999868671,713028.0005478846,714648.9998926057,717425.0000456162,719309.0001448791,719739.9999305116,721865.9992298743,735061.0000808573,743364.9996864347,747639.9999682338,756831.0000558805
712109.9999868671,714648.9998926057,716033.0000711795,717425.0000456162,718860.9997065795,719309.0001448791,719739.9999305116,735061.0000808573,743364.9996864347,747639.9999682338,756831.0000558805
712109.9999868671,714648.9998926057,716033.0000711795,717425.0000456162,717935.9996336324,719309.0001448791,719739.9999305116,735061.0000808573,743364.9996864347,747639.9999682338,757756.0001288276
712109.9999868671,714648.9998926057,716033.0000711795,717425.0000456162,717935.9996336324,719309.0001448791,729652.9999247161,735061.0000808573,737726.9999740293,743364.9996864347,757756.0001288276
712109.9999868671,713272.0000717381,714648.9998926057,717425.0000456162,719309.0001448791,720696.9996330737,729652.9999247161,735061.0000808573,737726.9999740293,743364.9996864347,757756.0001288276
712109.9999868671,713272.0000717381,714648.9998926057,716103.9995475572,717425.0000456162,719309.0001448791,734246.0000102326,735061.0000808573,737726.9999740293,743364.9996864347,757756.0001288276
709149.0000691207,712109.9999868671,713272.0000717381,716103.9995475572,719309.0001448791,722924.9998691012,734246.0000102326,735061.0000808573,737726.9999740293,743364.9996864347,757756.0001288276
709149.0000691207,712109.9999868671,713350.999824116,716103.9995475572,719309.0001448791,722924.9998691012,734246.0000102326,735061.0000808573,737726.9999740293,743364.9996864347,757677.0003764498
709149.0000691207,712109.9999868671,713350.999824116,716103.9995475572,719107.9998607467,719309.0001448791,735061.0000808573,737726.9999740293,738063.0000185871,743364.9996864347,757677.0003764498
709149.0000691207,712109.9999868671,713350.999824116,716103.9995475572,719107.9998607467,719309.0001448791,723530.0000237143,735061.0000808573,743364.9996864347,752259.9999689021,757677.0003764498
709149.0000691207,712109.9999868671,713350.999824116,714077.9997881553,716103.9995475572,719107.9998607467,723530.0000237143,735061.0000808573,748596.0000431585,752259.9999689021,757677.0003764498
709149.0000691207,712109.9999868671,713350.999824116,714077.9997881553,716103.9995475572,722827.9998731186,723530.0000237143,735061.0000808573,744876.0000307866,752259.9999689021,757677.0003764498
709149.0000691207,712109.9999868671,713350.999824116,714077.9997881553,716103.9995475572,723530.0000237143,730444.9999158311,735061.0000808573,737258.9999880741,752259.9999689021,757677.0003764498
709149.0000691207,712109.9999868671,713350.999824116,714077.9997881553,716103.9995475572,726805.0003648722,730444.9999158311,735061.0000808573,737258.9999880741,752259.9999689021,754402.0000352919
709149.0000691207,712109.9999868671,713350.999824116,714077.9997881553,716103.9995475572,726805.0003648722,735054.9999104342,735061.0000808573,737258.9999880741,747649.999974299,754402.0000352919
712109.9999868671,712542.0000854917,713350.999824116,714077.9997881553,716103.9995475572,726805.0003648722,731661.9998940632,735061.0000808573,737258.9999880741,747649.999974299,754402.0000352919
712109.9999868671,712542.0000854917,713350.999824116,714077.9997881553,716103.9995475572,726805.0003648722,729559.9999320179,737163.0000429027,737258.9999880741,747649.999974299,754402.0000352919
712109.9999868671,712542.0000854917,713350.999824116,714077.9997881553,716103.9995475572,726805.0003648722,727243.9999679445,729559.9999320179,747178.0000630323,747649.999974299,754402.0000352919
712109.9999868671,712542.0000854917,714077.9997881553,714428.0005183555,716103.9995475572,725727.9996706326,727243.9999679445,729559.9999320179,747178.0000630323,747649.999974299,754402.0000352919
712109.9999868671,712542.0000854917,714077.9997881553,714428.0005183555,716103.9995475572,718765.0000586472,727243.9999679445,729559.9999320179,747178.0000630323,747649.999974299,761364.9996472773
712109.9999868671,712542.0000854917,713293.0000743803,714077.9997881553,714428.0005183555,716103.9995475572,727243.9999679445,735031.9999162848,747178.0000630323,747649.999974299,761364.9996472773
712109.9999868671,712542.0000854917,713293.0000743803,714077.9997881553,714428.0005183555,724120.9999442217,727243.9999679445,735031.9999162848,739632.9995776345,747178.0000630323,761364.9996472773
708054.0002516232,713293.0000743803,714077.9997881553,714428.0005183555,716597.9998207355,724120.9999442217,727243.9999679445,735031.9999162848,739632.9995776345,747178.0000630323,761364.9996472773
708054.0002516232,713293.0000743803,714077.9997881553,714428.0005183555,716597.9998207355,718208.999978545,724120.9999442217,735031.9999162848,739632.9995776345,756213.0000524317,761364.9996472773
713293.0000743803,714077.9997881553,714428.0005183555,716597.9998207355,718208.999978545,724120.9999442217,726979.9997297858,735031.9999162848,737287.0005742691,739632.9995776345,761364.9996472773
713293.0000743803,714077.9997881553,714428.0005183555,718208.999978545,719664.000530466,724120.9999442217,726979.9997297858,734220.9998645387,735031.9999162848,739632.9995776345,761364.9996472773
713194.9994885378,713293.0000743803,714077.9997881553,714428.0005183555,718208.999978545,724120.9999442217,726979.9997297858,735031.9999162848,739632.9995776345,740690.0009064669,761364.9996472773
713194.9994885378,713293.0000743803,714077.9997881553,714428.0005183555,716345.9999029101,725984.0000198566,726979.9997297858,735031.9999162848,739632.9995776345,740690.0009064669,761364.9996472773
713123.9997890783,713194.9994885378,713293.0000743803,714428.0005183555,716345.9999029101,726938.0000189337,726979.9997297858,735031.9999162848,739632.9995776345,740690.0009064669,761364.9996472773
713123.9997890783,713194.9994885378,713293.0000743803,714428.0005183555,719788.9999714354,723494.9999504084,726979.9997297858,735031.9999162848,739632.9995776345,740690.0009064669,761364.9996472773
712036.9998662422,713194.9994885378,713293.0000743803,714428.0005183555,719788.9999714354,724581.9998732444,726979.9997297858,735031.9999162848,739632.9995776345,740690.0009064669,761364.9996472773
712036.9998662422,713194.9994885378,713293.0000743803,719788.9999714354,724581.9998732444,726979.9997297858,735031.9999162848,737157.9998738114,738635.0002918214,739632.9995776345,740690.0009064669
712036.9998662422,713194.9994885378,713293.0000743803,715370.0005659092,719788.9999714354,724581.9998732444,735031.9999162848,737157.9998738114,738635.0002918214,739632.9995776345,752300.0000703435
712036.9998662422,713194.9994885378,713759.0000886646,714904.0005516249,719788.9999714354,724581.9998732444,735031.9999162848,737157.9998738114,738635.0002918214,739632.9995776345,752300.0000703435
712036.9998662422,713194.9994885378,714904.0005516249,716560.9998062439,719788.9999714354,724581.9998732444,732230.0001987055,737157.9998738114,738635.0002918214,739632.9995776345,752300.0000703435
712036.9998662422,713194.9994885378,714904.0005516249,716560.9998062439,717178.9998606988,719788.9999714354,724581.9998732444,732230.0001987055,737157.9998738114,752300.0000703435,761089.0000087571
706187.9998353604,713194.9994885378,714904.0005516249,716560.9998062439,717178.9998606988,719788.9999714354,730430.9999041262,732230.0001987055,737157.9998738114,752300.0000703435,761089.0000087571
706187.9998353604,707360.0000168302,716560.9998062439,717178.9998606988,719788.9999714354,720739.0000233325,730430.9999041262,732230.0001987055,737157.9998738114,752300.0000703435,761089.0000087571
706187.9998353604,707360.0000168302,717178.9998606988,719788.9999714354,720739.0000233325,724209.0000986812,730430.9999041262,732230.0001987055,737157.9998738114,744651.9997779062,761089.0000087571
706187.9998353604,707360.0000168302,715410.9998735079,719788.9999714354,720739.0000233325,724209.0000986812,730430.9999041262,732230.0001987055,737157.9998738114,744651.9997779062,762856.999995948
706187.9998353604,707360.0000168302,715410.9998735079,719788.9999714354,720739.0000233325,724209.0000986812,730430.9999041262,732597.0001613002,737157.9998738114,744284.9998153115,762856.999995948
706187.9998353604,707360.0000168302,715410.9998735079,719788.9999714354,724209.0000986812,729546.0001088833,730430.9999041262,732597.0001613002,735477.9997297608,737157.9998738114,762856.999995948
697276.999846998,707360.0000168302,715410.9998735079,719788.9999714354,729546.0001088833,730430.9999041262,732597.0001613002,733120.0000870436,735477.9997297608,737157.9998738114,762856.999995948
705860.9998984529,707360.0000168302,715410.9998735079,719788.9999714354,724536.0000355887,729546.0001088833,730430.9999041262,732597.0001613002,735477.9997297608,737157.9998738114,762856.999995948
706548.9999179705,707360.0000168302,715410.9998735079,719788.9999714354,723848.0000160711,729546.0001088833,730430.9999041262,732597.0001613002,735477.9997297608,737157.9998738114,762856.999995948
706548.9999179705,707360.0000168302,715410.9998735079,715599.999856264,719788.9999714354,723848.0000160711,730430.9999041262,732597.0001613002,737157.9998738114,749423.9999823801,762856.999995948
706548.9999179705,715410.9998735079,715599.999856264,719788.9999714354,721550.9997568224,723848.0000160711,730430.9999041262,732597.0001613002,735233.0002423879,737157.9998738114,762856.999995948
706548.9999179705,713253.999964719,715599.999856264,721550.9997568224,721945.9998802242,723848.0000160711,730430.9999041262,732597.0001613002,735233.0002423879,737157.9998738114,762856.999995948
706548.9999179705,713253.999964719,715599.999856264,717655.0000378324,721550.9997568224,723848.0000160711,730430.9999041262,735233.0002423879,736888.000003692,737157.9998738114,762856.999995948
706548.9999179705,713253.999964719,715599.999856264,717655.0000378324,723848.0000160711,726443.0001060625,730340.9998931477,730430.9999041262,736888.000003692,737157.9998738114,762856.999995948
696202.9999954579,713253.999964719,717655.0000378324,723848.0000160711,725945.9997787764,726443.0001060625,730340.9998931477,730430.9999041262,736888.000003692,737157.9998738114,762856.999995948
696202.9999954579,713253.999964719,716350.9997848066,717655.0000378324,723848.0000160711,725945.9997787764,730430.9999041262,736888.000003692,737157.9998738114,740433.0002144036,762856.999995948
696202.9999954579,716350.9997848066,717655.0000378324,723142.9999916445,723848.0000160711,725945.9997787764,726998.9999767665,730430.9999041262,737157.9998738114,740433.0002144036,762856.999995948
696202.9999954579,714681.0000392649,716350.9997848066,717655.0000378324,723848.0000160711,726998.9999767665,730430.9999041262,734407.999731156,737157.9998738114,740433.0002144036,762856.999995948
696202.9999954579,713436.9996549296,714681.0000392649,717655.0000378324,723848.0000160711,726998.9999767665,730430.9999041262,734407.999731156,737157.9998738114,743347.0003442806,762856.999995948
707203.0001567475,712847.9998547815,713436.9996549296,714681.0000392649,717655.0000378324,726998.9999767665,730430.9999041262,734407.999731156,737157.9998738114,743347.0003442806,762856.999995948
707203.0001567475,712847.9998547815,713436.9996549296,714381.0002182592,717655.0000378324,726998.9999767665,730430.9999041262,734407.999731156,737157.9998738114,743647.0001652864,762856.999995948
707203.0001567475,712847.9998547815,713436.9996549296,716948.0004175842,717655.0000378324,726998.9999767665,730430.9999041262,734407.999731156,737157.9998738114,741079.9999659613,762856.999995948
707203.0001567475,712847.9998547815,713436.9996549296,713684.000357254,717655.0000378324,726998.9999767665,730430.9999041262,734407.999731156,737157.9998738114,744344.0000262916,762856.999995948
707203.0001567475,712847.9998547815,713436.9996549296,717655.0000378324,726998.9999767665,728436.0002717653,729592.0001117804,730430.9999041262,734407.999731156,737157.9998738114,762856.999995948
707203.0001567475,712847.9998547815,717655.0000378324,720568.9996823433,721304.0002443516,726998.9999767665,729592.0001117804,730430.9999041262,734407.999731156,737157.9998738114,762856.999995948
703892.0001650514,716158.9998464776,717655.0000378324,720568.9996823433,721304.0002443516,726998.9999767665,729592.0001117804,730430.9999041262,734407.999731156,737157.9998738114,762856.999995948
703892.0001650514,716158.9998464776,720568.9996823433,721304.0002443516,723469.9998920731,723777.0002575397,726998.9999767665,730430.9999041262,734407.999731156,737157.9998738114,762856.999995948
703892.0001650514,713723.9999834521,716158.9998464776,720568.9996823433,721304.0002443516,723469.9998920731,730430.9999041262,734407.999731156,737052.0002508541,737157.9998738114,762856.999995948
713723.9999834521,716158.9998464776,717538.9999639227,720568.9996823433,720760.9999322848,721304.0002443516,723469.9998920731,730430.9999041262,737052.0002508541,737157.9998738114,762856.999995948
711727.9999836419,716158.9998464776,717538.9999639227,720568.9996823433,720760.9999322848,721304.0002443516,725465.9998918833,730430.9999041262,737052.0002508541,737157.9998738114,762856.999995948
707280.0002800563,711727.9999836419,716158.9998464776,717538.9999639227,720760.9999322848,725465.9998918833,730430.9999041262,734592.9996466386,737052.0002508541,737157.9998738114,762856.999995948
707280.0002800563,711727.9999836419,716162.9999260294,717538.9999639227,720756.9998527331,725465.9998918833,730430.9999041262,734592.9996466386,737052.0002508541,737157.9998738114,762856.999995948
707280.0002800563,710123.0000008629,711727.9999836419,716162.9999260294,717538.9999639227,725465.9998918833,734592.9996466386,737052.0002508541,737157.9998738114,741064.9997559964,762856.999995948
710123.0000008629,711727.9999836419,716162.9999260294,716531.999754804,717538.9999639227,725341.000171891,725465.9998918833,737052.0002508541,737157.9998738114,741064.9997559964,762856.999995948
710123.0000008629,715255.9999204243,716162.9999260294,716531.999754804,717538.9999639227,721937.9999551009,725341.000171891,737052.0002508541,737157.9998738114,741064.9997559964,762856.999995948
710123.0000008629,714884.999971606,715255.9999204243,716162.9999260294,716531.999754804,721937.9999551009,725341.000171891,737052.0002508541,737157.9998738114,743718.9997483131,762856.999995948
710123.0000008629,714884.999971606,715255.9999204243,716162.9999260294,716531.999754804,721937.9999551009,725341.000171891,737157.9998738114,738028.0003104112,743718.9997483131,761880.9999363909
710123.0000008629,714105.9999277665,714884.999971606,716531.999754804,717312.9999186872,721937.9999551009,725341.000171891,737157.9998738114,738028.0003104112,743718.9997483131,761880.9999363909
714105.9999277665,714884.999971606,716531.999754804,717312.9999186872,721937.9999551009,722487.9998914971,725341.000171891,731353.9998576789,737157.9998738114,738028.0003104112,761880.9999363909
714105.9999277665,714884.999971606,716437.9997815448,717312.9999186872,721937.9999551009,722487.9998914971,725435.0001451501,731353.9998576789,737157.9998738114,738028.0003104112,761880.9999363909
714105.9999277665,714884.999971606,715019.999968813,716437.9997815448,717312.9999186872,721937.9999551009,725435.0001451501,737157.9998738114,738028.0003104112,738821.9997803629,761880.9999363909
714105.9999277665,714884.999971606,715019.999968813,716437.9997815448,717312.9999186872,724889.9999526106,725435.0001451501,735076.0003129016,737157.9998738114,738821.9997803629,761880.9999363909
714105.9999277665,714884.999971606,715019.999968813,716437.9997815448,723157.000289177,724889.9999526106,725435.0001451501,729231.9999424117,737157.9998738114,738821.9997803629,761880.9999363909
698047.000018301,715019.999968813,716437.9997815448,723157.000289177,724889.9999526106,725435.0001451501,729231.9999424117,730943.9998810715,737157.9998738114,738821.9997803629,761880.9999363909
698047.000018301,715390.0000056517,716437.9997815448,723157.000289177,724889.9999526106,725435.0001451501,728861.999905573,730943.9998810715,737157.9998738114,738821.9997803629,761880.9999363909
698047.000018301,714716.0000012413,716437.9997815448,723157.000289177,724889.9999526106,725435.0001451501,729535.9999099834,730943.9998810715,737157.9998738114,738821.9997803629,761880.9999363909
698047.000018301,716437.9997815448,723157.000289177,724889.9999526106,724983.9997453612,725435.0001451501,728554.0000362431,729535.9999099834,730943.9998810715,737157.9998738114,761880.9999363909
707668.00017504,713536.000132438,716437.9997815448,724889.9999526106,724983.9997453612,725435.0001451501,728554.0000362431,729535.9999099834,730943.9998810715,737157.9998738114,761880.9999363909
707668.00017504,713932.9999642638,716437.9997815448,724889.9999526106,724983.9997453612,725435.0001451501,728554.0000362431,729535.9999099834,730547.0000492458,737157.9998738114,761880.9999363909
708307.9999482816,713932.9999642638,716437.9997815448,724250.000179369,724983.9997453612,725435.0001451501,728554.0000362431,729535.9999099834,730547.0000492458,737157.9998738114,761880.9999363909
708307.9999482816,713932.9999642638,714080.0000000168,716437.9997815448,724250.000179369,724983.9997453612,728554.0000362431,729535.9999099834,737157.9998738114,741902.0001943791,761880.9999363909
708307.9999482816,713854.0000985289,713932.9999642638,714080.0000000168,716437.9997815448,724983.9997453612,728554.0000362431,729535.9999099834,737157.9998738114,752298.0002752192,761880.9999363909
697209.0000685833,708307.9999482816,713854.0000985289,716437.9997815448,724983.9997453612,728554.0000362431,729535.9999099834,730803.9998956972,737157.9998738114,752298.0002752192,761880.9999363909
708307.9999482816,713193.0001327498,713854.0000985289,714819.9998315307,716437.9997815448,724983.9997453612,728554.0000362431,729535.9999099834,737157.9998738114,752298.0002752192,761880.9999363909
713193.0001327498,713854.0000985289,714819.9998315307,716437.9997815448,719049.000220682,724983.9997453612,728554.0000362431,729535.9999099834,737157.9998738114,751139.9996639905,752298.0002752192
713193.0001327498,713854.0000985289,714819.9998315307,716437.9997815448,719049.000220682,724254.0000461581,729283.9997354462,729535.9999099834,737157.9998738114,751139.9996639905,752298.0002752192
713193.0001327498,713854.0000985289,714819.9998315307,716437.9997815448,719128.0001186626,724254.0000461581,729283.9997354462,729535.9999099834,737078.9999758308,751139.9996639905,752298.0002752192
713193.0001327498,713854.0000985289,714819.9998315307,716437.9997815448,723137.0001896478,724254.0000461581,729283.9997354462,729535.9999099834,733069.9999048456,751139.9996639905,752298.0002752192
713193.0001327498,713854.0000985289,714819.9998315307,716437.9997815448,724254.0000461581,729283.9997354462,729535.9999099834,733069.9999048456,734127.9998813628,740148.9999722755,752298.0002752192
710738.0001351769,713854.0000985289,714819.9998315307,716437.9997815448,724254.0000461581,729283.9997354462,731990.9999075562,733069.9999048456,734127.9998813628,740148.9999722755,752298.0002752192
710738.0001351769,714819.9998315307,716437.9997815448,724254.0000461581,726617.0000147918,727386.0000560125,729283.9997354462,731990.9999075562,733069.9999048456,734127.9998813628,752298.0002752192
710738.0001351769,714819.9998315307,716437.9997815448,717348.0006157642,724254.0000461581,727386.0000560125,729283.9997354462,731990.9999075562,733069.9999048456,743396.9992803904,752298.0002752192
711822.9998904399,713735.0000762678,716437.9997815448,717348.0006157642,724254.0000461581,727386.0000560125,729283.9997354462,731990.9999075562,733069.9999048456,743396.9992803904,752298.0002752192
711822.9998904399,713735.0000762678,714353.9999333359,716437.9997815448,717348.0006157642,727386.0000560125,729283.9997354462,733069.9999048456,741891.0000203784,743396.9992803904,752298.0002752192
708673.9997965436,714353.9999333359,716437.9997815448,716884.000170164,717348.0006157642,727386.0000560125,729283.9997354462,733069.9999048456,741891.0000203784,743396.9992803904,752298.0002752192
708616.0004359514,708673.9997965436,714353.9999333359,716437.9997815448,716884.000170164,727386.0000560125,729283.9997354462,741802.0000846584,741891.0000203784,743396.9992803904,752298.0002752192
708616.0004359514,708673.9997965436,714353.9999333359,716437.9997815448,716884.000170164,729283.9997354462,731403.9997113287,739378.9996250743,741802.0000846584,741891.0000203784,752298.0002752192
708616.0004359514,708673.9997965436,714353.9999333359,716437.9997815448,724897.0001667368,729283.9997354462,731403.9997113287,733878.0000238057,739378.9996250743,741802.0000846584,752298.0002752192
708673.9997965436,714353.9999333359,716437.9997815448,716616.0006346566,724897.0001667368,729283.9997354462,731403.9997113287,733801.9998859531,733878.0000238057,739378.9996250743,752298.0002752192
708673.9997965436,714353.9999333359,716437.9997815448,724897.0001667368,727306.0004048425,728688.9998548884,729283.9997354462,731403.9997113287,733801.9998859531,733878.0000238057,752298.0002752192
708673.9997965436,714353.9999333359,716437.9997815448,723308.9997659285,724897.0001667368,727306.0004048425,728688.9998548884,729283.9997354462,733801.9998859531,733878.0000238057,760393.0002206194
708673.9997965436,714353.9999333359,716437.9997815448,723308.9997659285,724897.0001667368,728078.0008226479,728688.9998548884,729283.9997354462,733029.9994681478,733878.0000238057,760393.0002206194
708673.9997965436,714353.9999333359,716437.9997815448,720115.0006261262,724897.0001667368,728688.9998548884,729283.9997354462,731271.9999624502,733029.9994681478,733878.0000238057,760393.0002206194
702369.9997672604,714353.9999333359,716437.9997815448,720115.0006261262,728688.9998548884,729283.9997354462,731201.0001960201,731271.9999624502,733029.9994681478,733878.0000238057,760393.0002206194
702369.9997672604,716396.0000648424,716437.9997815448,720115.0006261262,728688.9998548884,729283.9997354462,731201.0001960201,731271.9999624502,731835.9998922992,733029.9994681478,760393.0002206194
702369.9997672604,716396.0000648424,716437.9997815448,720115.0006261262,721129.9998891721,729283.9997354462,731201.0001960201,731271.9999624502,733029.9994681478,739394.9998580154,760393.0002206194
702369.9997672604,716396.0000648424,716437.9997815448,719636.0004444808,721129.9998891721,729283.9997354462,731201.0001960201,731751.0001440956,733029.9994681478,739394.9998580154,760393.0002206194
715099.9999037998,716396.0000648424,716437.9997815448,718471.0000594807,719636.0004444808,721129.9998891721,729283.9997354462,731751.0001440956,733029.9994681478,739394.9998580154,760393.0002206194
716396.0000648424,716437.9997815448,718445.9997507603,718471.0000594807,719636.0004444808,721129.9998891721,728405.0002971352,729283.9997354462,733029.9994681478,739394.9998580154,760393.0002206194
714766.9999495406,716396.0000648424,716437.9997815448,718445.9997507603,718471.0000594807,721129.9998891721,728405.0002971352,729283.9997354462,737898.999963088,739394.9998580154,760393.0002206194
702131.0000151534,714766.9999495406,716437.9997815448,718471.0000594807,721129.9998891721,728405.0002971352,729283.9997354462,732710.9998004492,737898.999963088,739394.9998580154,760393.0002206194
702131.0000151534,714766.9999495406,716437.9997815448,717509.0001734269,721129.9998891721,728405.0002971352,729283.9997354462,733672.9996865031,737898.999963088,739394.9998580154,760393.0002206194
702131.0000151534,714766.9999495406,715403.0001244035,717509.0001734269,721129.9998891721,728405.0002971352,729283.9997354462,733672.9996865031,737898.999963088,739394.9998580154,761427.9998777607
702131.0000151534,714766.9999495406,715403.0001244035,720123.0001190758,721129.9998891721,728405.0002971352,729283.9997354462,731058.9997408543,737898.999963088,739394.9998580154,761427.9998777607
702131.0000151534,714766.9999495406,715403.0001244035,720123.0001190758,721129.9998891721,729283.9997354462,731058.9997408543,737769.0003166035,737898.999963088,739394.9998580154,752063.9998582924
706246.9997806384,714766.9999495406,715403.0001244035,720123.0001190758,721129.9998891721,725167.9999699612,731058.9997408543,737769.0003166035,737898.999963088,739394.9998580154,752063.9998582924
706246.9997806384,714766.9999495406,715403.0001244035,717582.9997185017,721129.9998891721,725167.9999699612,733599.0001414282,737769.0003166035,737898.999963088,739394.9998580154,752063.9998582924
706246.9997806384,714766.9999495406,715117.999654352,715403.0001244035,721129.9998891721,727633.000034111,733599.0001414282,737769.0003166035,737898.999963088,739394.9998580154,752063.9998582924
706246.9997806384,714766.9999495406,715117.999654352,715403.0001244035,718117.0002843422,727633.000034111,733599.0001414282,737898.999963088,739394.9998580154,740781.9999214334,752063.9998582924
706246.9997806384,714766.9999495406,715117.999654352,715403.0001244035,722757.0002548926,727633.000034111,733599.0001414282,736141.999950883,737898.999963088,739394.9998580154,752063.9998582924
706246.9997806384,714766.9999495406,715117.999654352,722757.0002548926,727633.000034111,727758.0001389341,733599.0001414282,736141.999950883,737898.999963088,739394.9998580154,739708.9998437618
706246.9997806384,714766.9999495406,722491.9997878327,722757.0002548926,726225.0000079474,727633.000034111,727758.0001389341,736141.999950883,737898.999963088,739394.9998580154,739708.9998437618
706246.9997806384,714766.9999495406,720010.000039794,722491.9997878327,722757.0002548926,726225.0000079474,727633.000034111,736141.999950883,737898.999963088,739394.9998580154,747456.9999429018
706246.9997806384,714766.9999495406,716969.000084739,720010.000039794,726225.0000079474,727633.000034111,728279.9999579864,736141.999950883,737898.999963088,739394.9998580154,747456.9999429018
706246.9997806384,714766.9999495406,716969.000084739,720010.000039794,726225.0000079474,727633.000034111,728279.9999579864,731725.9999352947,737898.999963088,743810.9998736037,747456.9999429018
706246.9997806384,714766.9999495406,716969.000084739,720010.000039794,726225.0000079474,727633.000034111,728279.9999579864,734649.999985357,737898.999963088,740886.9998235414,747456.9999429018
706246.9997806384,713150.9998156193,714766.9999495406,720010.000039794,727633.000034111,728279.9999579864,730043.0002770671,734649.999985357,737898.999963088,740886.9998235414,747456.9999429018
706246.9997806384,714766.9999495406,720010.000039794,722109.9998749167,727633.000034111,728279.9999579864,730043.0002770671,731927.999764244,734649.999985357,737898.999963088,747456.9999429018
706246.9997806384,714766.9999495406,720010.000039794,720371.9999103394,727633.000034111,728279.9999579864,730043.0002770671,733665.9997288213,734649.999985357,737898.999963088,747456.9999429018
706246.9997806384,714766.9999495406,717365.9999619263,720010.000039794,727633.000034111,728279.9999579864,730043.0002770671,734649.999985357,736671.9996772344,737898.999963088,747456.9999429018
706246.9997806384,714766.9999495406,715002.9999154432,717365.9999619263,720010.000039794,727633.000034111,728279.9999579864,730043.0002770671,737898.999963088,747456.9999429018,756318.9997471482
706246.9997806384,709129.0001754346,714766.9999495406,715002.9999154432,720010.000039794,727633.000034111,728279.9999579864,737898.999963088,738280.0000635587,747456.9999429018,756318.9997471482
706246.9997806384,709129.0001754346,714766.9999495406,720010.000039794,724600.9999074608,727633.000034111,728279.9999579864,728682.0000715412,737898.999963088,747456.9999429018,756318.9997471482
696328.000435693,706246.9997806384,714766.9999495406,720010.000039794,724600.9999074608,727633.000034111,728682.0000715412,737898.999963088,741080.9996977281,747456.9999429018,756318.9997471482
696328.000435693,713058.9995234559,714766.9999495406,720010.000039794,720821.0002912935,724600.9999074608,728682.0000715412,737898.999963088,741080.9996977281,747456.9999429018,756318.9997471482
696328.000435693,712376.0000455601,713058.9995234559,714766.9999495406,720010.000039794,724600.9999074608,737127.0003172746,737898.999963088,741080.9996977281,747456.9999429018,756318.9997471482
696328.000435693,713058.9995234559,714766.9999495406,716940.0000731355,720010.000039794,720036.9998798853,737127.0003172746,737898.999963088,741080.9996977281,747456.9999429018,756318.9997471482
702497.0000073086,713058.9995234559,713868.0003082698,714766.9999495406,716940.0000731355,720010.000039794,737127.0003172746,737898.999963088,741080.9996977281,747456.9999429018,756318.9997471482
692726.0003797979,702497.0000073086,713058.9995234559,714766.9999495406,720010.000039794,737127.0003172746,737898.999963088,738082.0000016073,741080.9996977281,747456.9999429018,756318.9997471482
702497.0000073086,707390.9997520872,713058.9995234559,714766.9999495406,720010.000039794,726416.0003254388,737127.0003172746,737898.999963088,738082.0000016073,747456.9999429018,756318.9997471482
702497.0000073086,707390.9997520872,713058.9995234559,714766.9999495406,720010.000039794,725372.0002818217,737898.999963088,738082.0000016073,738171.0003608917,747456.9999429018,756318.9997471482
702497.0000073086,707390.9997520872,713058.9995234559,714613.0001733061,714766.9999495406,725372.0002818217,737898.999963088,738082.0000016073,738171.0003608917,752853.9998093897,756318.9997471482
702497.0000073086,707390.9997520872,713058.9995234559,714613.0001733061,719183.9997849792,725372.0002818217,733482.0001276494,738082.0000016073,738171.0003608917,752853.9998093897,756318.9997471482
707390.9997520872,707577.0002111616,713058.9995234559,714613.0001733061,719183.9997849792,720292.0000779687,733482.0001276494,738082.0000016073,738171.0003608917,752853.9998093897,756318.9997471482
707390.9997520872,713058.9995234559,714613.0001733061,719050.0002808057,719183.9997849792,720292.0000779687,726698.0002912475,733482.0001276494,738082.0000016073,752853.9998093897,756318.9997471482
707390.9997520872,713058.9995234559,714613.0001733061,718328.0000514403,719050.0002808057,719183.9997849792,728662.0003177759,733482.0001276494,738082.0000016073,752853.9998093897,756318.9997471482
707390.9997520872,714613.0001733061,715729.999765302,718328.0000514403,719050.0002808057,719183.9997849792,725991.0000759297,733482.0001276494,738082.0000016073,752853.9998093897,756318.9997471482
707390.9997520872,708680.9997158789,714613.0001733061,719050.0002808057,719183.9997849792,725377.0001008635,725991.0000759297,733482.0001276494,738082.0000016073,752853.9998093897,756318.9997471482
707390.9997520872,708680.9997158789,714613.0001733061,719050.0002808057,719183.9997849792,725377.0001008635,725991.0000759297,733482.0001276494,741281.9998391134,749653.9999718836,756318.9997471482
707390.9997520872,708680.9997158789,719050.0002808057,719183.9997849792,725377.0001008635,725991.0000759297,728720.9998012253,733482.0001276494,735546.0003439644,741281.9998391134,756318.9997471482
707390.9997520872,709447.9997402802,719050.0002808057,719183.9997849792,725224.0000515283,725377.0001008635,728720.9998012253,733482.0001276494,735546.0003439644,741281.9998391134,756318.9997471482
707390.9997520872,714038.9998077407,719050.0002808057,719183.9997849792,720632.9999840679,725377.0001008635,728720.9998012253,733482.0001276494,735546.0003439644,741281.9998391134,756318.9997471482
701034.0000189942,707390.9997520872,719050.0002808057,719183.9997849792,725377.0001008635,728720.9998012253,733482.0001276494,733637.9997728143,735546.0003439644,741281.9998391134,756318.9997471482
704789.0001076416,707390.9997520872,719050.0002808057,719183.9997849792,725377.0001008635,728720.9998012253,729882.999684167,733482.0001276494,735546.0003439644,741281.9998391134,756318.9997471482
704789.0001076416,707390.9997520872,719050.0002808057,719183.9997849792,728720.9998012253,729882.999684167,733482.0001276494,735546.0003439644,736802.000005493,741281.9998391134,744893.9998425187
704789.0001076416,707390.9997520872,719050.0002808057,719183.9997849792,726897.0001459892,729882.999684167,733482.0001276494,736802.000005493,737369.9999992005,741281.9998391134,744893.9998425187
704789.0001076416,707390.9997520872,719050.0002808057,719114.9993910885,726897.0001459892,729882.999684167,733551.0005215401,736802.000005493,737369.9999992005,741281.9998391134,744893.9998425187
704789.0001076416,719050.0002808057,719114.9993910885,722481.9998742084,726190.9997169923,726897.0001459892,729882.999684167,733551.0005215401,736802.000005493,737369.9999992005,744893.9998425187
704789.0001076416,719050.0002808057,719088.0000168735,719114.9993910885,726190.9997169923,726897.0001459892,729882.999684167,736802.000005493,736945.000378875,737369.9999992005,744893.9998425187
704789.0001076416,715767.0000286538,719050.0002808057,719088.0000168735,719114.9993910885,726190.9997169923,729882.999684167,736802.000005493,736945.000378875,744893.9998425187,748500.0001165359
696429.0002506528,704789.0001076416,715767.0000286538,719114.9993910885,726190.9997169923,729882.999684167,736802.000005493,736945.000378875,741709.0000470264,744893.9998425187,748500.0001165359
696429.0002506528,704789.0001076416,715767.0000286538,719114.9993910885,726190.9997169923,729882.999684167,732068.9998731009,736945.000378875,741709.0000470264,748500.0001165359,749626.9999749109
696429.0002506528,704789.0001076416,715767.0000286538,719114.9993910885,726190.9997169923,729525.9999608893,729882.999684167,732068.9998731009,748500.0001165359,749128.000465012,749626.9999749109
696429.0002506528,704789.0001076416,715767.0000286538,719114.9993910885,724885.0006293659,726190.9997169923,729525.9999608893,729882.999684167,748500.0001165359,749626.9999749109,756311.9997087469
696429.0002506528,704789.0001076416,715767.0000286538,716693.0001007874,719114.9993910885,724885.0006293659,729882.999684167,739023.9995770942,748500.0001165359,749626.9999749109,756311.9997087469
696429.0002506528,704789.0001076416,713402.9995470026,715767.0000286538,716693.0001007874,729882.999684167,730597.0004734518,739023.9995770942,748500.0001165359,749626.9999749109,756311.9997087469
696429.0002506528,704789.0001076416,713402.9995470026,715767.0000286538,721397.999972149,729882.999684167,730597.0004734518,734318.9997057326,748500.0001165359,749626.9999749109,756311.9997087469
704789.0001076416,713402.9995470026,714849.0000984283,715767.0000286538,715898.999857957,721397.999972149,729882.999684167,730597.0004734518,748500.0001165359,749626.9999749109,756311.9997087469
713402.9995470026,714056.9999175353,714849.0000984283,715767.0000286538,715898.999857957,721397.999972149,729882.999684167,730597.0004734518,740359.0001650171,748500.0001165359,756311.9997087469
713402.9995470026,714056.9999175353,714849.0000984283,715767.0000286538,715898.999857957,729882.999684167,730597.0004734518,732085.0000047372,737813.0000839479,740359.0001650171,756311.9997087469
713402.9995470026,714139.000116795,714766.9998991687,715767.0000286538,715898.999857957,729882.999684167,730597.0004734518,732085.0000047372,737813.0000839479,740359.0001650171,756311.9997087469
704595.0000030843,714139.000116795,714766.9998991687,715767.0000286538,715898.999857957,729882.999684167,732085.0000047372,737813.0000839479,739405.0000173701,740359.0001650171,756311.9997087469
704595.0000030843,714139.000116795,714766.9998991687,715767.0000286538,715898.999857957,724257.0000736802,729882.999684167,739405.0000173701,740359.0001650171,745641.0000150049,756311.9997087469
700341.9999699156,704595.0000030843,714766.9998991687,715767.0000286538,724257.0000736802,729696.0000048364,729882.999684167,739405.0000173701,740359.0001650171,745641.0000150049,756311.9997087469
700341.9999699156,704595.0000030843,715767.0000286538,718852.9997483724,724257.0000736802,729696.0000048364,729882.999684167,739405.0000173701,740359.0001650171,745641.0000150049,752225.9998595433
700341.9999699156,704595.0000030843,715767.0000286538,718852.9997483724,724257.0000736802,727664.9999492607,729696.0000048364,739405.0000173701,742576.9998999233,745641.0000150049,752225.9998595433
700341.9999699156,704595.0000030843,715767.0000286538,718852.9997483724,720684.9996906628,724257.0000736802,729696.0000048364,739405.0000173701,745641.0000150049,749557.0001585212,752225.9998595433
700341.9999699156,704595.0000030843,715767.0000286538,718852.9997483724,720684.9996906628,720785.000210145,729696.0000048364,739405.0000173701,749112.99987854,749557.0001585212,752225.9998595433
704595.0000030843,715767.0000286538,718852.9997483724,720684.9996906628,720785.000210145,722064.9999191948,729696.0000048364,730502.999910264,739405.0000173701,749112.99987854,749557.0001585212
704595.0000030843,715767.0000286538,717816.9996692188,720684.9996906628,720785.000210145,722064.9999191948,729696.0000048364,730502.999910264,740441.0000965237,749112.99987854,749557.0001585212
704595.0000030843,715767.0000286538,717816.9996692188,718418.000031631,720684.9996906628,720785.000210145,722064.9999191948,729696.0000048364,740441.0000965237,749112.99987854,761642.0000371543
704595.0000030843,715767.0000286538,717816.9996692188,718418.000031631,720684.9996906628,722064.9999191948,725634.0002279393,729696.0000048364,735592.0000787294,749112.99987854,761642.0000371543
704595.0000030843,715767.0000286538,717816.9996692188,718418.000031631,719011.0000025551,720684.9996906628,722064.9999191948,725634.0002279393,735592.0000787294,759797.9998808213,761642.0000371543
704595.0000030843,715767.0000286538,717831.9999848541,718418.000031631,719011.0000025551,720684.9996906628,722064.9999191948,725634.0002279393,735576.999763094,759797.9998808213,761642.0000371543
704595.0000030843,717831.9999848541,718418.000031631,719011.0000025551,720684.9996906628,722064.9999191948,725634.0002279393,734056.9995534107,735576.999763094,741508.0003560644,761642.0000371543
704595.0000030843,713413.9995672228,717831.9999848541,718418.000031631,719011.0000025551,720684.9996906628,722064.9999191948,725634.0002279393,735576.999763094,761642.0000371543,762151.0003422522
704595.0000030843,713413.9995672228,714476.0002740442,718418.000031631,719011.0000025551,720684.9996906628,722064.9999191948,725634.0002279393,738932.9994739038,761642.0000371543,762151.0003422522
704595.0000030843,713268.0002094342,713413.9995672228,718418.000031631,719011.0000025551,720684.9996906628,722064.9999191948,726842.0002925494,738932.9994739038,761642.0000371543,762151.0003422522
704595.0000030843,713413.9995672228,715226.0002706464,718418.000031631,719011.0000025551,720684.9996906628,722064.9999191948,724884.0002313372,738932.9994739038,761642.0000371543,762151.0003422522
704595.0000030843,713951.9998006494,715226.0002706464,718418.000031631,719011.0000025551,720684.9996906628,722064.9999191948,724884.0002313372,738932.9994739038,761613.0001088255,761642.0000371543
704595.0000030843,713951.9998006494,715226.0002706464,716200.000207096,718418.000031631,720684.9996906628,722064.9999191948,727695.0000267962,738932.9994739038,761613.0001088255,761642.0000371543
704595.0000030843,713951.9998006494,715226.0002706464,716200.000207096,718418.000031631,721421.999819359,722064.9999191948,727695.0000267962,738932.9994739038,760904.9999084581,761613.0001088255
704595.0000030843,713935.0003867134,713951.9998006494,716200.000207096,718418.000031631,721421.999819359,722064.9999191948,727695.0000267962,740223.9993578368,760904.9999084581,761613.0001088255
704595.0000030843,713935.0003867134,713951.9998006494,716200.000207096,721421.999819359,721695.9999959057,722064.9999191948,727695.0000267962,740223.9993578368,757626.9999441834,761613.0001088255
704595.0000030843,713951.9998006494,716200.000207096,719022.9992477995,721421.999819359,721695.9999959057,722064.9999191948,727695.0000267962,735136.0004967507,757626.9999441834,761613.0001088255
704595.0000030843,713951.9998006494,716200.000207096,721421.999819359,721695.9999959057,722064.9999191948,726737.9995633491,727421.0001812011,727695.0000267962,757626.9999441834,761613.0001088255
704595.0000030843,713951.9998006494,716200.000207096,717296.9999148614,721421.999819359,721695.9999959057,726737.9995633491,727421.0001812011,727695.0000267962,761613.0001088255,762394.9999485168
704595.0000030843,713951.9998006494,716200.000207096,716633.9999059351,717296.9999148614,721421.999819359,721695.9999959057,727695.0000267962,737524.9998386151,761613.0001088255,762394.9999485168
704595.0000030843,705046.9999849326,713951.9998006494,716633.9999059351,717296.9999148614,721421.999819359,721695.9999959057,737524.9998386151,738848.0002489596,761613.0001088255,762394.9999485168
704595.0000030843,705046.9999849326,713951.9998006494,716633.9999059351,717296.9999148614,721421.999819359,721695.9999959057,736196.9996766772,740176.0004108974,761613.0001088255,762394.9999485168
704595.0000030843,713951.9998006494,714267.9999360807,716633.9999059351,717296.9999148614,721421.999819359,721695.9999959057,736196.9996766772,740176.0004108974,752392.0001576775,762394.9999485168
704595.0000030843,713219.0000803532,713951.9998006494,714267.9999360807,716633.9999059351,717296.9999148614,721421.999819359,721695.9999959057,752392.0001576775,762394.9999485168,763154.0000072214
704595.0000030843,713219.0000803532,714267.9999360807,715773.9997948244,716633.9999059351,717296.9999148614,721421.999819359,721695.9999959057,750570.0001635024,762394.9999485168,763154.0000072214
704595.0000030843,713219.0000803532,715773.9997948244,716633.9999059351,717296.9999148614,721202.9996140322,721421.999819359,721695.9999959057,743635.0004855508,762394.9999485168,763154.0000072214
704595.0000030843,715773.9997948244,716633.9999059351,717296.9999148614,717574.9999684431,721202.9996140322,721421.999819359,721695.9999959057,743635.0004855508,758798.0001191315,762394.9999485168
704595.0000030843,715773.9997948244,717296.9999148614,717574.9999684431,720941.9998779027,721202.9996140322,721421.999819359,721695.9999959057,743635.0004855508,754490.000147164,762394.9999485168
704595.0000030843,715001.9999353173,715773.9997948244,717296.9999148614,717574.9999684431,720941.9998779027,721421.999819359,721695.9999959057,749836.0001642657,754490.000147164,762394.9999485168
708119.9999675362,715001.9999353173,715773.9997948244,717296.9999148614,717416.9999134508,717574.9999684431,721421.999819359,721695.9999959057,749836.0001642657,754490.000147164,762394.9999485168
708119.9999675362,715001.9999353173,715773.9997948244,716128.0001243516,717416.9999134508,717574.9999684431,721421.999819359,721695.9999959057,749836.0001642657,755658.9999376738,762394.9999485168
708119.9999675362,715773.9997948244,716128.0001243516,716750.9998757425,717416.9999134508,717574.9999684431,721421.999819359,721695.9999959057,749836.0001642657,753909.9999972486,762394.9999485168
708119.9999675362,715773.9997948244,716750.9998757425,717416.9999134508,717574.9999684431,718259.0000962422,719565.0000240151,721421.999819359,749836.0001642657,753909.9999972486,762394.9999485168
708119.9999675362,715773.9997948244,716750.9998757425,717416.9999134508,717574.9999684431,718259.0000962422,719565.0000240151,724464.9997785378,749836.0001642657,753909.9999972486,759351.999989338
708119.9999675362,716750.9998757425,717416.9999134508,717574.9999684431,718259.0000962422,719565.0000240151,724464.9997785378,732409.9996211528,733200.0003379374,753909.9999972486,759351.999989338
708119.9999675362,716750.9998757425,717416.9999134508,717574.9999684431,718259.0000962422,719565.0000240151,722581.0004751203,724464.9997785378,743028.99948397,753909.9999972486,759351.999989338
693408.9999766916,708119.9999675362,717416.9999134508,717574.9999684431,719565.0000240151,722581.0004751203,724464.9997785378,741600.9999952931,743028.99948397,753909.9999972486,759351.999989338
693408.9999766916,708119.9999675362,717416.9999134508,717574.9999684431,722581.0004751203,724464.9997785378,732360.999992855,741114.0000284087,741600.9999952931,743028.99948397,759351.999989338
708119.9999675362,715529.9999035017,717416.9999134508,717574.9999684431,718993.0001015986,722581.0004751203,724464.9997785378,732360.999992855,741600.9999952931,743028.99948397,759351.999989338
708119.9999675362,715529.9999035017,717416.9999134508,717574.9999684431,722581.0004751203,724464.9997785378,724514.0000837813,732360.999992855,736080.0000131103,743028.99948397,759351.999989338
708119.9999675362,715529.9999035017,717416.9999134508,717574.9999684431,722581.0004751203,724464.9997785378,728543.0001421645,732050.9999547271,732360.999992855,743028.99948397,759351.999989338
708119.9999675362,717416.9999134508,717574.9999684431,722098.999888381,722581.0004751203,724464.9997785378,728543.0001421645,732050.9999547271,732360.999992855,736459.9994990907,759351.999989338
708119.9999675362,717416.9999134508,717574.9999684431,722098.999888381,722581.0004751203,724464.9997785378,726455.9999336627,728543.0001421645,736459.9994990907,737956.0000139194,759351.999989338
708119.9999675362,717416.9999134508,717574.9999684431,722098.999888381,722581.0004751203,724464.9997785378,725406.9999749084,728543.0001421645,736459.9994990907,739004.9999726737,759351.999989338
708119.9999675362,713237.999912345,717416.9999134508,717574.9999684431,722581.0004751203,724464.9997785378,725406.9999749084,736459.9994990907,737404.0001182006,739004.9999726737,759351.999989338
708119.9999675362,713237.999912345,714042.0003598146,717416.9999134508,717574.9999684431,724464.9997785378,725406.9999749084,737404.0001182006,739004.9999726737,744998.9996143964,759351.999989338
708119.9999675362,713237.999912345,717416.9999134508,717574.9999684431,723365.9999447977,724464.9997785378,725406.9999749084,735675.0000294133,737404.0001182006,739004.9999726737,759351.999989338
708119.9999675362,717416.9999134508,717574.9999684431,719663.9999393995,723365.9999447977,724464.9997785378,725406.9999749084,730978.000091146,735675.0000294133,739004.9999726737,759351.999989338
708119.9999675362,713832.999930127,717416.9999134508,717574.9999684431,719663.9999393995,723365.9999447977,724464.9997785378,730978.000091146,735675.0000294133,750579.0000174551,759351.999989338
708119.9999675362,713832.999930127,717416.9999134508,717574.9999684431,719663.9999393995,724464.9997785378,728625.9999242739,730415.000049937,730978.000091146,750579.0000174551,759351.999989338
705991.0000248356,715961.9998728277,717416.9999134508,717574.9999684431,719663.9999393995,724464.9997785378,728625.9999242739,730415.000049937,730978.000091146,750579.0000174551,759351.999989338
705991.0000248356,715961.9998728277,717239.999981934,717416.9999134508,717574.9999684431,719663.9999393995,724464.9997785378,730978.000091146,741800.999992277,750579.0000174551,759351.999989338
705991.0000248356,713052.9999037252,717239.999981934,717416.9999134508,717574.9999684431,719663.9999393995,724464.9997785378,733887.0000602484,741800.999992277,750579.0000174551,759351.999989338
705991.0000248356,713052.9999037252,717416.9999134508,717574.9999684431,719492.9998517397,719663.9999393995,724464.9997785378,733887.0000602484,739548.0001224712,750579.0000174551,759351.999989338
705991.0000248356,714563.0000104392,717416.9999134508,717574.9999684431,719492.9998517397,719663.9999393995,724464.9997785378,732376.9999535345,739548.0001224712,750579.0000174551,759351.999989338
705991.0000248356,714563.0000104392,717416.9999134508,717574.9999684431,719492.9998517397,724464.9997785378,724744.9996822402,732376.9999535345,734467.0003796306,750579.0000174551,759351.999989338
705991.0000248356,706821.0000584729,714563.0000104392,719492.9998517397,724464.9997785378,724744.9996822402,728170.999823421,732376.9999535345,734467.0003796306,750579.0000174551,759351.999989338
705991.0000248356,706821.0000584729,714563.0000104392,719492.9998517397,724464.9997785378,728170.999823421,732376.9999535345,734467.0003796306,736346.9999910872,747749.9996804909,750579.0000174551
705991.0000248356,706821.0000584729,719309.0000162225,719492.9998517397,724464.9997785378,728170.999823421,732376.9999535345,734467.0003796306,736346.9999910872,745833.0000116718,747749.9996804909
705991.0000248356,706821.0000584729,716908.9999393586,719309.0000162225,724464.9997785378,728170.999823421,732376.9999535345,734467.0003796306,736346.9999910872,745833.0000116718,750333.9995928721
697992.0000487402,714820.0000345682,716908.9999393586,719309.0000162225,724464.9997785378,728170.999823421,732376.9999535345,734467.0003796306,736346.9999910872,745833.0000116718,750333.9995928721
697992.0000487402,714820.0000345682,715705.000354778,719309.0000162225,724464.9997785378,728170.999823421,732376.9999535345,735670.9999642111,736346.9999910872,745833.0000116718,750333.9995928721
697992.0000487402,715705.000354778,719309.0000162225,724210.0000107795,724464.9997785378,728170.999823421,732376.9999535345,735670.9999642111,736346.9999910872,736443.0000354606,750333.9995928721
710265.9996957555,715705.000354778,715897.0001764055,719309.0000162225,724210.0000107795,724464.9997785378,732376.9999535345,735670.9999642111,736346.9999910872,736443.0000354606,750333.9995928721
710265.9996957555,714574.999783863,715705.000354778,715897.0001764055,719309.0000162225,724210.0000107795,732376.9999535345,735670.9999642111,736443.0000354606,746236.999985762,750333.9995928721
714574.999783863,715705.000354778,715897.0001764055,719309.0000162225,720821.0000995315,724210.0000107795,725887.9996316846,732376.9999535345,735670.9999642111,746236.999985762,750333.9995928721
709352.9997582084,714574.999783863,715705.000354778,719309.0000162225,724210.0000107795,725887.9996316846,727365.0005177287,732376.9999535345,735670.9999642111,746236.999985762,750333.9995928721
709352.9997582084,714574.999783863,715705.000354778,721504.9998772739,724210.0000107795,725887.9996316846,727365.0005177287,730181.000092483,735670.9999642111,746236.999985762,750333.9995928721
709352.9997582084,714574.999783863,715466.9999445201,715705.000354778,725887.9996316846,727365.0005177287,730181.000092483,730247.9999435333,735670.9999642111,746236.999985762,750333.9995928721
709352.9997582084,715466.9999445201,715705.000354778,723397.9997367796,725887.9996316846,727365.0005177287,730181.000092483,730247.9999435333,735670.9999642111,737414.0000328454,750333.9995928721
707343.0000269976,709352.9997582084,715705.000354778,723397.9997367796,725887.9996316846,727365.0005177287,730247.9999435333,735670.9999642111,737414.0000328454,738305.0000100054,750333.9995928721
709352.9997582084,715705.000354778,720598.0000037033,723397.9997367796,725050.0000332998,725887.9996316846,727365.0005177287,730247.9999435333,735670.9999642111,737414.0000328454,750333.9995928721
709352.9997582084,715705.000354778,720598.0000037033,723397.9997367796,725050.0000332998,725667.9998070262,727585.0003423871,730247.9999435333,735670.9999642111,737414.0000328454,750333.9995928721
709352.9997582084,718607.9998441418,720598.0000037033,723397.9997367796,725050.0000332998,725667.9998070262,727585.0003423871,730247.9999435333,732768.0004748474,737414.0000328454,750333.9995928721
709352.9997582084,715749.9998407634,718607.9998441418,723397.9997367796,725667.9998070262,727585.0003423871,729898.0001962397,730247.9999435333,732768.0004748474,737414.0000328454,750333.9995928721
709352.9997582084,715749.9998407634,715972.9993355984,723397.9997367796,725667.9998070262,727585.0003423871,729898.0001962397,730247.9999435333,735403.0009833907,737414.0000328454,750333.9995928721
709352.9997582084,710239.0000671907,715972.9993355984,723397.9997367796,725667.9998070262,727585.0003423871,730247.9999435333,735403.0009833907,735408.9999698123,737414.0000328454,750333.9995928721
709352.9997582084,710239.0000671907,715972.9993355984,723397.9997367796,725667.9998070262,727585.0003423871,730247.9999435333,732919.0004575377,735408.9999698123,737414.0000328454,752818.0001187251
709352.9997582084,712848.999971375,715972.9993355984,723397.9997367796,725667.9998070262,727585.0003423871,727638.0000393491,732919.0004575377,735408.9999698123,737414.0000328454,752818.0001187251
709352.9997582084,712848.999971375,715972.9993355984,718480.0000521227,725667.9998070262,727585.0003423871,727638.0000393491,732919.0004575377,735408.9999698123,742331.9997175023,752818.0001187251
709352.9997582084,712848.999971375,718480.0000521227,722643.9998331249,725667.9998070262,726247.9999600112,727585.0003423871,727638.0000393491,735408.9999698123,742331.9997175023,752818.0001187251
712848.999971375,715832.9998305512,718480.0000521227,721105.0002700443,722643.9998331249,725667.9998070262,726247.9999600112,727638.0000393491,735408.9999698123,742331.9997175023,752818.0001187251
712848.999971375,714235.0000315699,715832.9998305512,721105.0002700443,722643.9998331249,725667.9998070262,726247.9999600112,731883.000059902,735408.9999698123,742331.9997175023,752818.0001187251
712848.999971375,714235.0000315699,715832.9998305512,717559.0000388206,721105.0002700443,722643.9998331249,725667.9998070262,726247.9999600112,742331.9997175023,749732.9999908938,752818.0001187251
712053.999852217,712848.999971375,714235.0000315699,717559.0000388206,722643.9998331249,724884.0002483785,725667.9998070262,726247.9999600112,742331.9997175023,749732.9999908938,752818.0001187251
712053.999852217,712848.999971375,714235.0000315699,717559.0000388206,722643.9998331249,724884.0002483785,725667.9998070262,726247.9999600112,739189.9999077423,742331.9997175023,763361.0002018766
712053.999852217,712848.999971375,714235.0000315699,722643.9998331249,724007.0001281365,724884.0002483785,725667.9998070262,726247.9999600112,739189.9999077423,742331.9997175023,756913.0001125607
712053.999852217,712848.999971375,722643.9998331249,724007.0001281365,724884.0002483785,725667.9998070262,726247.9999600112,730381.0000968899,739189.9999077423,740767.0000472406,742331.9997175023
712053.999852217,712848.999971375,713317.0002036212,722643.9998331249,724884.0002483785,725667.9998070262,726247.9999600112,739189.9999077423,740767.0000472406,741071.0000214052,742331.9997175023
712053.999852217,712177.0001436123,712848.999971375,722643.9998331249,724884.0002483785,725667.9998070262,726247.9999600112,740329.9999677511,740767.0000472406,741071.0000214052,742331.9997175023
697816.9998171536,712053.999852217,712177.0001436123,722643.9998331249,724884.0002483785,726247.9999600112,740329.9999677511,740699.9999612477,740767.0000472406,741071.0000214052,742331.9997175023
696042.9997126508,712177.0001436123,713827.9999567198,722643.9998331249,724884.0002483785,726247.9999600112,740329.9999677511,740699.9999612477,740767.0000472406,741071.0000214052,742331.9997175023
698922.0000860405,712177.0001436123,713827.9999567198,722004.9998749888,722643.9998331249,726247.9999600112,740329.9999677511,740699.9999612477,740767.0000472406,741071.0000214052,742331.9997175023
698468.0001987625,712177.0001436123,713827.9999567198,722458.9997622668,722643.9998331249,726247.9999600112,740329.9999677511,740699.9999612477,740767.0000472406,741071.0000214052,742331.9997175023
698468.0001987625,713827.9999567198,719252.9999082461,722458.9997622668,722643.9998331249,726247.9999600112,733254.0002031173,740699.9999612477,740767.0000472406,741071.0000214052,742331.9997175023
704082.0003395113,713827.9999567198,716844.999621518,719252.9999082461,722643.9998331249,726247.9999600112,733254.0002031173,740699.9999612477,740767.0000472406,741071.0000214052,742331.9997175023
704082.0003395113,713674.999775134,713827.9999567198,716844.999621518,719252.9999082461,726247.9999600112,740699.9999612477,740767.0000472406,741071.0000214052,742223.0002611082,742331.9997175023
704082.0003395113,713674.999775134,713827.9999567198,716844.999621518,726247.9999600112,728412.9998723996,731539.9999970943,740767.0000472406,741071.0000214052,742223.0002611082,742331.9997175023
704082.0003395113,713674.999775134,713827.9999567198,716844.999621518,721566.0000569549,726247.9999600112,728412.9998723996,731539.9999970943,742223.0002611082,742331.9997175023,760272.0000116909
704082.0003395113,713674.999775134,713827.9999567198,716844.999621518,721566.0000569549,726247.9999600112,728412.9998723996,730443.00003895,742331.9997175023,743320.0002192524,760272.0000116909
704082.0003395113,709253.9999799185,713674.999775134,713827.9999567198,716844.999621518,726247.9999600112,730443.00003895,740724.999949436,742331.9997175023,743320.0002192524,760272.0000116909
704082.0003395113,713674.999775134,713827.9999567198,716844.999621518,718258.9999176022,726247.9999600112,730443.00003895,731720.0000117524,742331.9997175023,743320.0002192524,760272.0000116909
704082.0003395113,709844.9999002266,713674.999775134,716844.999621518,718258.9999176022,726247.9999600112,730443.00003895,735703.0000682456,742331.9997175023,743320.0002192524,760272.0000116909
704082.0003395113,709844.9999002266,713674.999775134,715140.9999631953,716844.999621518,718258.9999176022,726247.9999600112,735703.0000682456,742331.9997175023,758622.0002950071,760272.0000116909
704082.0003395113,713674.999775134,715140.9999631953,716554.9999048295,716844.999621518,718258.9999176022,726247.9999600112,728993.0000636426,742331.9997175023,758622.0002950071,760272.0000116909
705726.9995321947,713674.999775134,715140.9999631953,715200.0004288346,716554.9999048295,718258.9999176022,726247.9999600112,728993.0000636426,742331.9997175023,758622.0002950071,760272.0000116909
705726.9995321947,713674.999775134,715140.9999631953,715200.0004288346,716554.9999048295,718258.9999176022,728993.0000636426,731831.0001791506,742331.9997175023,753039.0000758677,760272.0000116909
705726.9995321947,713674.999775134,715200.0004288346,715537.9998994233,716554.9999048295,718258.9999176022,728596.0001274146,731831.0001791506,742331.9997175023,753039.0000758677,760272.0000116909
705726.9995321947,711633.0002345347,713674.999775134,715200.0004288346,716554.9999048295,718258.9999176022,731831.0001791506,732500.9997923032,742331.9997175023,753039.0000758677,760272.0000116909
705726.9995321947,713674.999775134,715200.0004288346,716554.9999048295,718258.9999176022,720618.0000822835,723515.9999445544,731831.0001791506,742331.9997175023,753039.0000758677,760272.0000116909
705726.9995321947,713674.999775134,715200.0004288346,716554.9999048295,718109.0001703751,720767.9998295106,723515.9999445544,731831.0001791506,742331.9997175023,753039.0000758677,760272.0000116909
705726.9995321947,713674.999775134,715200.0004288346,716129.0001863072,716554.9999048295,720767.9998295106,723515.9999445544,731831.0001791506,742331.9997175023,753039.0000758677,762251.9999957588
705726.9995321947,713674.999775134,715200.0004288346,716129.0001863072,718243.999817725,719078.9999166152,723515.9999445544,731831.0001791506,742331.9997175023,753039.0000758677,762251.9999957588
705120.9998302684,705726.9995321947,713674.999775134,715200.0004288346,716129.0001863072,723515.9999445544,731831.0001791506,732201.9999040718,742331.9997175023,753039.0000758677,762251.9999957588
698403.9997886905,705726.9995321947,713674.999775134,715200.0004288346,722846.0002278852,723515.9999445544,731831.0001791506,732201.9999040718,742331.9997175023,753039.0000758677,762251.9999957588
698403.9997886905,705726.9995321947,713674.999775134,715200.0004288346,723515.9999445544,731831.0001791506,732201.9999040718,735530.0003466351,742331.9997175023,749567.9998770088,753039.0000758677
698403.9997886905,705726.9995321947,709737.9996976353,713674.999775134,723515.9999445544,731831.0001791506,735530.0003466351,737664.0006352711,742331.9997175023,749567.9998770088,753039.0000758677
698403.9997886905,705726.9995321947,709737.9996976353,715859.0001063184,723515.9999445544,729646.9998479662,735530.0003466351,737664.0006352711,742331.9997175023,749567.9998770088,753039.0000758677
698403.9997886905,709737.9996976353,715859.0001063184,717167.0000647862,723515.9999445544,726224.0001026795,729646.9998479662,735530.0003466351,742331.9997175023,749567.9998770088,753039.0000758677
698403.9997886905,708160.9999122333,709737.9996976353,717167.0000647862,726224.0001026795,729646.9998479662,731214.0001386395,735530.0003466351,742331.9997175023,749567.9998770088,753039.0000758677
698403.9997886905,708160.9999122333,709737.9996976353,717167.0000647862,725919.9998041175,726224.0001026795,731214.0001386395,735530.0003466351,742331.9997175023,749567.9998770088,756766.0001197166
698403.9997886905,708160.9999122333,709737.9996976353,717167.0000647862,726224.0001026795,726637.9998132228,731214.0001386395,735530.0003466351,742331.9997175023,749567.9998770088,756048.0001106113
698403.9997886905,709737.9996976353,716653.0003461896,717167.0000647862,722721.9997046832,726224.0001026795,726637.9998132228,735530.0003466351,742331.9997175023,749567.9998770088,756048.0001106113
698403.9997886905,709737.9996976353,714620.0000829641,717167.0000647862,724754.9999679087,726224.0001026795,726637.9998132228,735530.0003466351,742331.9997175023,749567.9998770088,756048.0001106113
709737.9996976353,714620.0000829641,716583.9998104078,717167.0000647862,717350.0003249178,724754.9999679087,726224.0001026795,726637.9998132228,742331.9997175023,749567.9998770088,756048.0001106113
700508.0000373237,714620.0000829641,716583.9998104078,717167.0000647862,724754.9999679087,726224.0001026795,726579.9999852295,726637.9998132228,742331.9997175023,749567.9998770088,756048.0001106113
700508.0000373237,714620.0000829641,716583.9998104078,717167.0000647862,722606.9996867424,724754.9999679087,726224.0001026795,726579.9999852295,742331.9997175023,749567.9998770088,760079.0002370917
700508.0000373237,716583.9998104078,716933.0000373941,717167.0000647862,722442.0000134787,722606.9996867424,726224.0001026795,726579.9999852295,742331.9997175023,749567.9998770088,760079.0002370917
700508.0000373237,716583.9998104078,716933.0000373941,717167.0000647862,722442.0000134787,722606.9996867424,726224.0001026795,726579.9999852295,735888.9992543475,756011.0003401636,760079.0002370917
700508.0000373237,714829.0000067151,716933.0000373941,717167.0000647862,722442.0000134787,722606.9996867424,726224.0001026795,728334.9997889221,735888.9992543475,756011.0003401636,760079.0002370917
700508.0000373237,716592.9996648935,716933.0000373941,717167.0000647862,722442.0000134787,722606.9996867424,726224.0001026795,726571.0001307437,735888.9992543475,756011.0003401636,760079.0002370917
700508.0000373237,714211.0001233568,716592.9996648935,716933.0000373941,722442.0000134787,722606.9996867424,726571.0001307437,729180.0000441088,735888.9992543475,756011.0003401636,760079.0002370917
700508.0000373237,705132.9999749265,716592.9996648935,716933.0000373941,722442.0000134787,722606.9996867424,726571.0001307437,735888.9992543475,738258.0001925392,756011.0003401636,760079.0002370917
701788.9996169035,705132.9999749265,715312.0000853137,716933.0000373941,722442.0000134787,722606.9996867424,726571.0001307437,735888.9992543475,738258.0001925392,756011.0003401636,760079.0002370917
701788.9996169035,705132.9999749265,715597.9999676719,716933.0000373941,722442.0000134787,722606.9996867424,726571.0001307437,735888.9992543475,738258.0001925392,755725.0004578053,760079.0002370917
701788.9996169035,705132.9999749265,716933.0000373941,718858.0000466066,722442.0000134787,722606.9996867424,723311.000051809,735888.9992543475,738258.0001925392,755725.0004578053,760079.0002370917
701788.9996169035,715135.0010341932,716933.0000373941,718858.0000466066,722442.0000134787,722606.9996867424,723311.000051809,728255.9991332724,735888.9992543475,755725.0004578053,760079.0002370917
701788.9996169035,712385.000101377,716933.0000373941,718858.0000466066,722442.0000134787,722606.9996867424,723311.000051809,731006.0000660886,735888.9992543475,755725.0004578053,760079.0002370917
704758.9995262123,712385.000101377,715888.0001372978,716933.0000373941,722442.0000134787,722606.9996867424,723311.000051809,731006.0000660886,735888.9992543475,755725.0004578053,760079.0002370917
704758.9995262123,712385.000101377,715888.0001372978,716314.9998719622,716933.0000373941,722442.0000134787,722606.9996867424,735888.9992543475,738002.0002459355,755725.0004578053,760079.0002370917
704758.9995262123,712385.000101377,715888.0001372978,716314.9998719622,716933.0000373941,721950.0000260352,722442.0000134787,735888.9992543475,738002.0002459355,755725.0004578053,760735.9998977989
704758.9995262123,715888.0001372978,716314.9998719622,716933.0000373941,721950.0000260352,722442.0000134787,722803.0001194585,727584.000227854,735888.9992543475,755725.0004578053,760735.9998977989
704758.9995262123,716314.9998719622,716933.0000373941,721950.0000260352,722168.0005829153,722442.0000134787,722803.0001194585,727584.000227854,735888.9992543475,749445.0000121879,760735.9998977989
704758.9995262123,716314.9998719622,716933.0000373941,721950.0000260352,722442.0000134787,722803.0001194585,725733.9999627674,727584.000227854,732322.9998744954,749445.0000121879,760735.9998977989
704758.9995262123,714693.9998590846,716314.9998719622,721950.0000260352,722442.0000134787,722803.0001194585,725733.9999627674,727584.000227854,732322.9998744954,749445.0000121879,762975.0000761084
697914.9999206589,714693.9998590846,721950.0000260352,722442.0000134787,722803.0001194585,723158.9994775157,725733.9999627674,727584.000227854,732322.9998744954,749445.0000121879,762975.0000761084
714693.9998590846,721950.0000260352,722442.0000134787,722803.0001194585,723158.9994775157,723277.9998762953,725733.9999627674,727584.000227854,732322.9998744954,737612.0001204719,749445.0000121879
714693.9998590846,716916.000057322,721950.0000260352,722803.0001194585,723158.9994775157,723277.9998762953,725733.9999627674,727584.000227854,732322.9998744954,743138.0000766286,749445.0000121879
714693.9998590846,716916.000057322,721950.0000260352,722803.0001194585,723158.9994775157,723277.9998762953,727147.0000374186,727584.000227854,730909.9997998442,743138.0000766286,749445.0000121879
713147.9999510661,714693.9998590846,716916.000057322,721950.0000260352,722803.0001194585,723158.9994775157,727147.0000374186,727584.000227854,730909.9997998442,743138.0000766286,759574.9999374171
713147.9999510661,714693.9998590846,715953.0000773197,716916.000057322,721950.0000260352,722803.0001194585,723158.9994775157,727584.000227854,742103.9997599431,743138.0000766286,759574.9999374171
713147.9999510661,715953.0000773197,716916.000057322,718107.9996612171,718536.0002239028,722803.0001194585,723158.9994775157,727584.000227854,742103.9997599431,743138.0000766286,759574.9999374171
713147.9999510661,715953.0000773197,716916.000057322,718107.9996612171,718536.0002239028,722803.0001194585,727584.000227854,735537.000098257,742103.9997599431,743138.0000766286,747196.9993166758
715953.0000773197,716867.9999811582,716916.000057322,718107.9996612171,718536.0002239028,722803.0001194585,727584.000227854,731817.0000681649,742103.9997599431,743138.0000766286,747196.9993166758
713168.0001650174,715953.0000773197,716867.9999811582,718107.9996612171,718536.0002239028,722803.0001194585,727584.000227854,731817.0000681649,742103.9997599431,746885.9999689332,747196.9993166758
706599.999787078,715953.0000773197,716867.9999811582,718536.0002239028,722803.0001194585,724676.0000391565,727584.000227854,731817.0000681649,742103.9997599431,746885.9999689332,747196.9993166758
706599.999787078,713670.0000809777,715953.0000773197,718536.0002239028,722803.0001194585,724676.0000391565,730782.0001280345,731817.0000681649,742103.9997599431,746885.9999689332,747196.9993166758
703419.0002876492,713670.0000809777,715953.0000773197,721716.9997233315,722803.0001194585,724676.0000391565,730782.0001280345,731817.0000681649,742103.9997599431,746885.9999689332,747196.9993166758
703419.0002876492,713670.0000809777,715953.0000773197,716254.999910887,721716.9997233315,722803.0001194585,730782.0001280345,731817.0000681649,742103.9997599431,747196.9993166758,755307.0000972027
703419.0002876492,715953.0000773197,716254.999910887,718177.0000825652,718296.000117871,721716.9997233315,730782.0001280345,731817.0000681649,742103.9997599431,747196.9993166758,755307.0000972027
703419.0002876492,715953.0000773197,716254.999910887,718296.000117871,718587.9997665364,721716.9997233315,730371.0004440633,731817.0000681649,742103.9997599431,747196.9993166758,755307.0000972027
703419.0002876492,715953.0000773197,716254.999910887,716571.0003239533,718296.000117871,721716.9997233315,731817.0000681649,732387.9998866464,742103.9997599431,747196.9993166758,755307.0000972027
691236.0001663415,715953.0000773197,716254.999910887,716571.0003239533,718296.000117871,731817.0000681649,732387.9998866464,733899.9998446392,742103.9997599431,747196.9993166758,755307.0000972027
691236.0001663415,715953.0000773197,716254.999910887,716571.0003239533,718296.000117871,732387.9998866464,733899.9998446392,741359.0002316548,742103.9997599431,745764.9999337129,747196.9993166758
691236.0001663415,715953.0000773197,716254.999910887,716843.9999918104,718296.000117871,732115.0002187893,733899.9998446392,741359.0002316548,742103.9997599431,745764.9999337129,747196.9993166758
691236.0001663415,714645.9995218304,715953.0000773197,716843.9999918104,718296.000117871,732115.0002187893,733899.9998446392,741359.0002316548,742103.9997599431,747196.9993166758,747374.0003227694
691236.0001663415,714645.9995218304,716843.9999918104,718296.000117871,728677.9998176306,729379.0000196322,732115.0002187893,733899.9998446392,741359.0002316548,747196.9993166758,747374.0003227694
691236.0001663415,714645.9995218304,716843.9999918104,718296.000117871,728677.9998176306,729379.0000196322,732115.0002187893,733899.9998446392,738240.0002897456,747196.9993166758,750493.0002646786
691236.0001663415,714645.9995218304,717761.9998770566,718296.000117871,728677.9998176306,729379.0000196322,731197.0003335432,733899.9998446392,738240.0002897456,747196.9993166758,750493.0002646786
691236.0001663415,714394.9998033759,717761.9998770566,718296.000117871,728677.9998176306,729379.0000196322,731197.0003335432,733899.9998446392,738240.0002897456,747196.9993166758,750743.999983133
691236.0001663415,714950.0000812344,717761.9998770566,718296.000117871,728677.9998176306,729379.0000196322,731197.0003335432,733899.9998446392,737685.0000118872,747196.9993166758,750743.999983133
691236.0001663415,714950.0000812344,717761.9998770566,718296.000117871,728677.9998176306,729379.0000196322,731995.9998858888,733899.9998446392,737685.0000118872,746397.9997643302,750743.999983133
691236.0001663415,717761.9998770566,718296.000117871,720419.0000222907,728677.9998176306,729379.0000196322,731995.9998858888,732216.0000708308,733899.9998446392,746397.9997643302,750743.999983133
706620.0003094462,717761.9998770566,718296.000117871,718515.9997015345,720419.0000222907,728677.9998176306,729379.0000196322,731995.9998858888,732216.0000708308,746397.9997643302,750743.999983133
706620.0003094462,717761.9998770566,718296.000117871,720419.0000222907,725864.0000867961,728677.9998176306,729379.0000196322,731995.9998858888,732216.0000708308,743395.9995978714,746397.9997643302
717761.9998770566,718296.000117871,720419.0000222907,721403.0001097654,725864.0000867961,728612.9997975521,728677.9998176306,729379.0000196322,731995.9998858888,732216.0000708308,746397.9997643302
717761.9998770566,718296.000117871,719965.9997949224,720419.0000222907,721403.0001097654,725864.0000867961,728612.9997975521,731995.9998858888,732216.0000708308,738091.0000423404,746397.9997643302
717761.9998770566,718296.000117871,719965.9997949224,720419.0000222907,723425.9997929669,723841.0004035947,728612.9997975521,731995.9998858888,732216.0000708308,738091.0000423404,746397.9997643302
716158.0005890259,717761.9998770566,718296.000117871,719965.9997949224,720419.0000222907,723425.9997929669,731995.9998858888,732216.0000708308,736295.9996121209,738091.0000423404,746397.9997643302
716158.0005890259,717761.9998770566,719965.9997949224,720419.0000222907,723425.9997929669,724885.0000857628,725627.000102939,731995.9998858888,736295.9996121209,738091.0000423404,746397.9997643302
716061.0000541444,716158.0005890259,717761.9998770566,719965.9997949224,720419.0000222907,725627.000102939,731995.9998858888,732249.9998245853,736295.9996121209,738091.0000423404,746397.9997643302
713629.9999791621,716061.0000541444,716158.0005890259,717761.9998770566,719965.9997949224,725627.000102939,731995.9998858888,732249.9998245853,736295.9996121209,744880.000085469,746397.9997643302
716061.0000541444,716158.0005890259,717761.9998770566,719965.9997949224,720230.0001063739,725627.000102939,731995.9998858888,732249.9998245853,736295.9996121209,738279.9999582572,746397.9997643302
716061.0000541444,716158.0005890259,719965.9997949224,720230.0001063739,725627.000102939,728812.000037621,731995.9998858888,732249.9998245853,735347.9996037658,736295.9996121209,738279.9999582572
716061.0000541444,718152.9999108257,719965.9997949224,720230.0001063739,725627.000102939,728812.000037621,731995.9998858888,732249.9998245853,734301.0002903211,735347.9996037658,738279.9999582572
714056.0001987936,716061.0000541444,718152.9999108257,719965.9997949224,728812.000037621,731801.0000105194,731995.9998858888,732249.9998245853,734301.0002903211,735347.9996037658,738279.9999582572
714056.0001987936,715329.9996683634,716061.0000541444,718152.9999108257,719965.9997949224,731801.0000105194,731995.9998858888,732249.9998245853,734301.0002903211,738279.9999582572,748829.9999730234
714056.0001987936,715329.9996683634,716061.0000541444,718152.9999108257,719965.9997949224,722850.0000146875,732249.9998245853,734301.0002903211,738279.9999582572,740946.9998817206,748829.9999730234
714056.0001987936,715329.9996683634,716538.9998924113,718152.9999108257,719965.9997949224,722850.0000146875,732249.9998245853,734301.0002903211,738279.9999582572,740469.0000434538,748829.9999730234
714056.0001987936,716538.9998924113,718152.9999108257,719965.9997949224,722850.0000146875,730976.9991980852,732249.9998245853,733183.0004433016,734301.0002903211,738279.9999582572,740469.0000434538
716538.9998924113,718152.9999108257,719965.9997949224,720826.0000011928,722850.0000146875,724206.999395686,732249.9998245853,733183.0004433016,734301.0002903211,738279.9999582572,740469.0000434538
716538.9998924113,718152.9999108257,719965.9997949224,722850.0000146875,724206.999395686,730426.0000157765,730869.0000288701,732249.9998245853,733183.0004433016,734301.0002903211,738279.9999582572
714668.0002869439,716538.9998924113,719965.9997949224,722850.0000146875,724206.999395686,730426.0000157765,730869.0000288701,732249.9998245853,733183.0004433016,737785.999914203,738279.9999582572
714668.0002869439,716538.9998924113,722850.0000146875,724206.999395686,726956.9998444384,730426.0000157765,730869.0000288701,731288.9999087412,732249.9998245853,733183.0004433016,737785.999914203
714668.0002869439,715657.9998878748,716538.9998924113,722850.0000146875,724206.999395686,730426.0000157765,731288.9999087412,732249.9998245853,733183.0004433016,737785.999914203,742167.9999854336
714668.0002869439,715657.9998878748,716538.9998924113,720661.0000230293,722850.0000146875,724206.999395686,731288.9999087412,733183.0004433016,737785.999914203,742014.9998173325,742167.9999854336
714668.0002869439,715657.9998878748,716538.9998924113,721459.0000093519,722850.0000146875,724206.999395686,731288.9999087412,733183.0004433016,737785.999914203,741369.999999111,742014.9998173325
714668.0002869439,715657.9998878748,721459.0000093519,722850.0000146875,724206.999395686,724603.9999491525,731288.9999087412,733183.0004433016,733304.9999423699,737785.999914203,742014.9998173325
714668.0002869439,715657.9998878748,717118.9998571042,724206.999395686,724603.9999491525,727190.0001669353,731288.9999087412,733183.0004433016,733304.9999423699,737785.999914203,742014.9998173325
713652.9994072224,714668.0002869439,715657.9998878748,717118.9998571042,724603.9999491525,731288.9999087412,733183.0004433016,733304.9999423699,737744.0001553989,737785.999914203,742014.9998173325
713652.9994072224,714668.0002869439,715659.9998270448,717118.9998571042,724603.9999491525,731288.9999087412,733183.0004433016,733304.9999423699,737744.0001553989,737785.999914203,742012.9998781625
713652.9994072224,714668.0002869439,715489.9999646171,715659.9998270448,717118.9998571042,731288.9999087412,733183.0004433016,737744.0001553989,737785.999914203,742012.9998781625,742418.9999269053
713652.9994072224,714668.0002869439,715659.9998270448,717118.9998571042,723882.999992012,731288.9999087412,733183.0004433016,734025.9998995103,737744.0001553989,737785.999914203,742012.9998781625
713652.9994072224,714157.9999894177,715659.9998270448,717118.9998571042,723882.999992012,731288.9999087412,733183.0004433016,734025.9998995103,737744.0001553989,738296.0002117291,742012.9998781625
713652.9994072224,714157.9999894177,715659.9998270448,719928.0002338723,723882.999992012,731288.9999087412,733183.0004433016,734025.9998995103,734934.9997786307,738296.0002117291,742012.9998781625
714157.9999894177,715659.9998270448,716252.0000931805,717328.9995479143,723882.999992012,731288.9999087412,733183.0004433016,734025.9998995103,734934.9997786307,738296.0002117291,742012.9998781625
714157.9999894177,715659.9998270448,716053.0000048744,716252.0000931805,717328.9995479143,731288.9999087412,733183.0004433016,734025.9998995103,734934.9997786307,738296.0002117291,749842.9998653001
714157.9999894177,716053.0000048744,716252.0000931805,717328.9995479143,720477.9999939221,729207.999732633,731288.9999087412,733183.0004433016,734934.9997786307,738296.0002117291,749842.9998653001
714157.9999894177,716053.0000048744,717328.9995479143,720477.9999939221,723651.9998614581,727535.000010353,729207.999732633,731288.9999087412,733183.0004433016,738296.0002117291,749842.9998653001
714157.9999894177,715259.9998609697,717328.9995479143,720477.9999939221,723651.9998614581,727535.000010353,729207.999732633,731288.9999087412,733183.0004433016,738296.0002117291,750636.0000092048
708445.999958185,714157.9999894177,717328.9995479143,720477.9999939221,723651.9998614581,727535.000010353,729207.999732633,733183.0004433016,738102.9998115259,738296.0002117291,750636.0000092048
708445.999958185,717328.9995479143,717580.9998495895,720477.9999939221,723651.9998614581,727535.000010353,729207.999732633,733183.0004433016,734873.0003515573,738102.9998115259,750636.0000092048
708445.999958185,709480.9991384732,717328.9995479143,720477.9999939221,723651.9998614581,727535.000010353,733183.0004433016,734873.0003515573,737308.0004437494,738102.9998115259,750636.0000092048
708445.999958185,709480.9991384732,714463.0005586881,717328.9995479143,723651.9998614581,727535.000010353,733183.0004433016,734873.0003515573,738102.9998115259,743322.9998789835,750636.0000092048
708445.999958185,709480.9991384732,714378.9998487292,714463.0005586881,726601.9995606432,727535.000010353,733183.0004433016,734873.0003515573,738102.9998115259,743322.9998789835,750636.0000092048
705672.9998213995,708445.999958185,714378.9998487292,714463.0005586881,726601.9995606432,727535.000010353,733183.0004433016,738102.9998115259,738680.999668631,743322.9998789835,750636.0000092048
705672.9998213995,708445.999958185,714378.9998487292,714463.0005586881,717007.9996651178,733183.0004433016,737128.9999058784,738102.9998115259,738680.999668631,743322.9998789835,750636.0000092048
705672.9998213995,708445.999958185,714378.9998487292,714463.0005586881,716396.0000186496,733183.0004433016,737740.9995523466,738102.9998115259,738680.999668631,743322.9998789835,750636.0000092048
708445.999958185,714378.9998487292,714463.0005586881,716396.0000186496,718129.9997753176,726223.9997147128,733183.0004433016,737740.9995523466,738102.9998115259,743322.9998789835,750636.0000092048
708445.999958185,713951.0003923755,714378.9998487292,716396.0000186496,718641.9999416303,726223.9997147128,733183.0004433016,737740.9995523466,738102.9998115259,743322.9998789835,750636.0000092048
708445.999958185,713951.0003923755,714378.9998487292,716396.0000186496,726223.9997147128,727960.0000655471,733183.0004433016,734004.9997550667,737740.9995523466,738102.9998115259,750636.0000092048
708445.999958185,713951.0003923755,714378.9998487292,725109.9995995454,726223.9997147128,727960.0000655471,729026.9999714509,733183.0004433016,734004.9997550667,738102.9998115259,750636.0000092048
708445.999958185,714378.9998487292,717081.000052189,723094.0000548994,725109.9995995454,727960.0000655471,729026.9999714509,733183.0004433016,734004.9997550667,738102.9998115259,750636.0000092048
708445.999958185,714378.9998487292,716888.9999020663,723094.0000548994,725109.9995995454,727960.0000655471,729026.9999714509,733183.0004433016,734196.9999051894,738102.9998115259,750636.0000092048
708445.999958185,713367.9998853259,714378.9998487292,716888.9999020663,723094.0000548994,725109.9995995454,729026.9999714509,733183.0004433016,738102.9998115259,748789.0000854104,750636.0000092048
708445.999958185,713367.9998853259,716888.9999020663,720033.9999435361,723094.0000548994,723371.999876644,725109.9995995454,733183.0004433016,738102.9998115259,748789.0000854104,750636.0000092048
708445.999958185,713367.9998853259,716888.9999020663,723094.0000548994,723371.999876644,724338.9999670273,725109.9995995454,733183.0004433016,738102.9998115259,746330.9999857136,748789.0000854104
708445.999958185,716888.9999020663,717709.9999095051,719996.9999428481,723094.0000548994,723371.999876644,725109.9995995454,733183.0004433016,738102.9998115259,746330.9999857136,748789.0000854104
708445.999958185,716888.9999020663,717709.9999095051,719996.9999428481,723094.0000548994,725109.9995995454,730159.9997095545,733183.0004433016,738102.9998115259,739543.0001528031,748789.0000854104
708445.999958185,714963.9995681953,716888.9999020663,717709.9999095051,723094.0000548994,730142.9999741982,730159.9997095545,733183.0004433016,738102.9998115259,739543.0001528031,748789.0000854104
707894.0002052373,708445.999958185,716888.9999020663,717709.9999095051,723094.0000548994,730142.9999741982,730159.9997095545,738102.9998115259,739543.0001528031,740252.9998062596,748789.0000854104
707894.0002052373,708445.999958185,716888.9999020663,717709.9999095051,723094.0000548994,730159.9997095545,734212.9997010339,736183.0000794239,738102.9998115259,739543.0001528031,748789.0000854104
707894.0002052373,708445.999958185,716888.9999020663,717709.9999095051,722774.0000338597,723094.0000548994,730159.9997095545,734212.9997010339,736183.0000794239,748789.0000854104,754871.9999304693
707894.0002052373,708445.999958185,716888.9999020663,717709.9999095051,723094.0000548994,730159.9997095545,733993.0000002204,734212.9997010339,736183.0000794239,743652.9999641087,748789.0000854104
707894.0002052373,708445.999958185,716888.9999020663,717709.9999095051,722671.999814362,723094.0000548994,734212.9997010339,736183.0000794239,741480.9998954128,743652.9999641087,748789.0000854104
707894.0002052373,708445.999958185,716888.9999020663,717319.9999038714,722671.999814362,723094.0000548994,734212.9997010339,736183.0000794239,741480.9998954128,744042.9999697424,748789.0000854104
707894.0002052373,708445.999958185,712951.9999418528,716888.9999020663,722671.999814362,723094.0000548994,734212.9997010339,736183.0000794239,741480.9998954128,748410.9999317611,748789.0000854104
707894.0002052373,708445.999958185,712951.9999418528,713238.9997873402,716888.9999020663,723094.0000548994,734212.9997010339,736183.0000794239,748410.9999317611,748789.0000854104,750913.9999224347
707894.0002052373,708445.999958185,712951.9999418528,713238.9997873402,716888.9999020663,723094.0000548994,723533.0000817752,734212.9997010339,748410.9999317611,748789.0000854104,763563.9999200832
708445.999958185,712951.9999418528,713238.9997873402,716888.9999020663,717736.0002379837,723094.0000548994,723533.0000817752,724370.9996682876,748410.9999317611,748789.0000854104,763563.9999200832
708445.999958185,713238.9997873402,713555.0000313387,716888.9999020663,717736.0002379837,723094.0000548994,723533.0000817752,724370.9996682876,747807.9998422752,748789.0000854104,763563.9999200832
708445.999958185,713238.9997873402,713555.0000313387,716058.9997458879,716888.9999020663,723094.0000548994,723533.0000817752,726048.0001603833,747807.9998422752,748789.0000854104,763563.9999200832
708445.999958185,713229.0001665456,713238.9997873402,716058.9997458879,716888.9999020663,723094.0000548994,723858.9999465683,726048.0001603833,747807.9998422752,748789.0000854104,763563.9999200832
708445.999958185,713238.9997873402,716058.9997458879,716888.9999020663,723094.0000548994,723858.9999465683,726048.0001603833,731666.0002421145,745126.9998445143,747807.9998422752,748789.0000854104
708445.999958185,713238.9997873402,715309.000199902,716058.9997458879,716888.9999020663,723094.0000548994,726048.0001603833,731666.0002421145,745126.9998445143,747807.9998422752,757338.9998320767
708445.999958185,713238.9997873402,715309.000199902,716058.9997458879,716888.9999020663,723094.0000548994,726048.0001603833,739111.0002308782,740362.9998535115,745126.9998445143,757338.9998320767
706361.9999029766,708445.999958185,713238.9997873402,715309.000199902,716888.9999020663,723094.0000548994,735745.0000032946,739111.0002308782,740362.9998535115,745126.9998445143,757338.9998320767
705697.0002716008,706361.9999029766,708445.999958185,713238.9997873402,715309.000199902,734285.9996853649,735745.0000032946,739111.0002308782,740362.9998535115,745126.9998445143,757338.9998320767
705697.0002716008,706361.9999029766,708445.999958185,713238.9997873402,715885.9998924948,734285.9996853649,735745.0000032946,739111.0002308782,739786.0001609187,745126.9998445143,757338.9998320767
705697.0002716008,706361.9999029766,708445.999958185,713238.9997873402,720306.9994792701,734285.9996853649,735745.0000032946,739111.0002308782,739786.0001609187,745126.9998445143,752918.0002453014
703371.0004523715,705697.0002716008,708445.999958185,713238.9997873402,720306.9994792701,734285.9996853649,738735.9994538996,739111.0002308782,739786.0001609187,745126.9998445143,752918.0002453014
705697.0002716008,708445.999958185,710332.9997676767,713238.9997873402,720306.9994792701,731774.0001385944,734285.9996853649,739111.0002308782,739786.0001609187,745126.9998445143,752918.0002453014
705697.0002716008,708445.999958185,710332.9997676767,713238.9997873402,720306.9994792701,731774.0001385944,732234.0003076702,734285.9996853649,739786.0001609187,745126.9998445143,759795.0001685094
705697.0002716008,708445.999958185,713238.9997873402,716537.0000514905,720306.9994792701,725569.9998547806,732234.0003076702,734285.9996853649,739786.0001609187,745126.9998445143,759795.0001685094
697073.9998916634,705697.0002716008,716537.0000514905,720306.9994792701,724610.9998538618,725569.9998547806,732234.0003076702,734285.9996853649,739786.0001609187,745126.9998445143,759795.0001685094
697073.9998916634,716537.0000514905,718105.0005292104,720306.9994792701,721877.9994277552,724610.9998538618,725569.9998547806,732234.0003076702,739786.0001609187,745126.9998445143,759795.0001685094
697073.9998916634,716537.0000514905,720306.9994792701,721877.9994277552,722768.0004375724,724610.9998538618,725569.9998547806,732234.0003076702,735123.0002525568,745126.9998445143,759795.0001685094
697073.9998916634,716537.0000514905,719950.9999684219,720306.9994792701,722768.0004375724,724610.9998538618,725569.9998547806,732234.0003076702,737049.9997118902,745126.9998445143,759795.0001685094
697073.9998916634,716537.0000514905,720306.9994792701,722768.0004375724,723155.9996152255,724610.9998538618,725569.9998547806,732234.0003076702,733845.0000650866,745126.9998445143,759795.0001685094
697073.9998916634,720306.9994792701,722768.0004375724,723155.9996152255,724226.9999820396,724610.9998538618,725569.9998547806,732234.0003076702,733845.0000650866,737436.9999139652,759795.0001685094
697073.9998916634,707787.99967778,723155.9996152255,724226.9999820396,724610.9998538618,725569.9998547806,732234.0003076702,733845.0000650866,735287.0002390624,737436.9999139652,759795.0001685094
697073.9998916634,707787.99967778,719623.0000324796,723155.9996152255,724226.9999820396,724610.9998538618,725569.9998547806,732234.0003076702,737436.9999139652,749509.0002716694,759795.0001685094
697073.9998916634,707787.99967778,719623.0000324796,723155.9996152255,724610.9998538618,725569.9998547806,727156.0002695045,732234.0003076702,734507.9996265003,749509.0002716694,759795.0001685094
707787.99967778,715492.9998381095,719623.0000324796,723155.9996152255,724610.9998538618,725569.9998547806,727156.0002695045,731090.0003252233,732234.0003076702,734507.9996265003,759795.0001685094
707787.99967778,714043.9996565601,715492.9998381095,719623.0000324796,723155.9996152255,724610.9998538618,727156.0002695045,731090.0003252233,732234.0003076702,746033.9998247208,759795.0001685094
714043.9996565601,715492.9998381095,716116.99993346,719623.0000324796,723155.9996152255,723905.0000519902,724610.9998538618,727156.0002695045,731090.0003252233,746033.9998247208,759795.0001685094
714043.9996565601,715492.9998381095,716116.99993346,717127.0003036164,719623.0000324796,723155.9996152255,723905.0000519902,724610.9998538618,731090.0003252233,756062.9997906089,759795.0001685094
714043.9996565601,715492.9998381095,717127.0003036164,719623.0000324796,721458.000025343,723155.9996152255,723905.0000519902,724610.9998538618,731090.0003252233,754454.0000766264,756062.9997906089
714043.9996565601,715492.9998381095,715972.0001340422,717127.0003036164,721458.000025343,723905.0000519902,724610.9998538618,726806.9995136629,731090.0003252233,754454.0000766264,756062.9997906089
714043.9996565601,715492.9998381095,715972.0001340422,717127.0003036164,721458.000025343,723905.0000519902,724610.9998538618,726806.9995136629,739776.0001436335,745768.0002582163,756062.9997906089
714043.9996565601,715492.9998381095,715972.0001340422,717127.0003036164,721458.000025343,723905.0000519902,726806.9995136629,734417.9999830588,735961.0001290191,739776.0001436335,756062.9997906089
714043.9996565601,715972.0001340422,717127.0003036164,717352.9998320763,721458.000025343,723905.0000519902,726806.9995136629,734417.9999830588,735961.0001290191,737916.0001496667,756062.9997906089
714043.9996565601,715972.0001340422,717127.0003036164,717352.9998320763,718511.999941843,726806.9995136629,726851.0001354902,734417.9999830588,735961.0001290191,737916.0001496667,756062.9997906089
714043.9996565601,715972.0001340422,716748.9998507798,717127.0003036164,717352.9998320763,726806.9995136629,726851.0001354902,734417.9999830588,735961.0001290191,739679.0002407299,756062.9997906089
714043.9996565601,714274.9999113649,715972.0001340422,717127.0003036164,717352.9998320763,726806.9995136629,726851.0001354902,734417.9999830588,735961.0001290191,742153.0001801448,756062.9997906089
714043.9996565601,715972.0001340422,717127.0003036164,717334.0000675981,717352.9998320763,723791.999979257,726806.9995136629,734417.9999830588,735961.0001290191,742153.0001801448,756062.9997906089
712006.9998569697,714043.9996565601,715972.0001340422,717127.0003036164,717352.9998320763,726806.9995136629,729119.0001898854,734417.9999830588,735961.0001290191,742153.0001801448,756062.9997906089
712006.9998569697,715972.0001340422,717127.0003036164,717352.9998320763,717538.000004096,726806.9995136629,729119.0001898854,734417.9999830588,735961.0001290191,742153.0001801448,752568.9994430731
712006.9998569697,716076.9997180759,717127.0003036164,717352.9998320763,717538.000004096,726701.9999296293,729119.0001898854,734417.9999830588,735961.0001290191,742153.0001801448,752568.9994430731
716076.9997180759,717127.0003036164,717352.9998320763,717538.000004096,720403.9998916414,720722.0001552136,726701.9999296293,734417.9999830588,735961.0001290191,742153.0001801448,752568.9994430731
716076.9997180759,717127.0003036164,717352.9998320763,720403.9998916414,720722.0001552136,726701.9999296293,732230.9995621684,734417.9999830588,735961.0001290191,737875.9998850006,742153.0001801448
715673.0003572443,716076.9997180759,717127.0003036164,717352.9998320763,720403.9998916414,726701.9999296293,732230.9995621684,734417.9999830588,735961.0001290191,737875.9998850006,747201.9999781142
715673.0003572443,716076.9997180759,717127.0003036164,717352.9998320763,722337.0000968119,726701.9999296293,732230.9995621684,734027.9999238488,734417.9999830588,737875.9998850006,747201.9999781142
713411.000015555,716076.9997180759,717127.0003036164,717352.9998320763,722337.0000968119,726701.9999296293,732230.9995621684,734027.9999238488,734417.9999830588,737875.9998850006,749464.0003198035
706802.9996672841,713411.000015555,717127.0003036164,717352.9998320763,722337.0000968119,732230.9995621684,734027.9999238488,734417.9999830588,735975.999980421,737875.9998850006,749464.0003198035
704986.9999702594,713411.000015555,717127.0003036164,717352.9998320763,722337.0000968119,732230.9995621684,734027.9999238488,734417.9999830588,737791.9996774457,737875.9998850006,749464.0003198035
704986.9999702594,713411.000015555,717127.0003036164,717352.9998320763,722337.0000968119,729654.9995696789,734027.9999238488,734417.9999830588,737791.9996774457,740451.99987749,749464.0003198035
704986.9999702594,713411.000015555,717127.0003036164,717352.9998320763,727197.9999991818,729167.0000214789,729654.9995696789,734417.9999830588,737791.9996774457,740451.99987749,749464.0003198035
704986.9999702594,713587.0000717127,717127.0003036164,717352.9998320763,727021.9999430241,729167.0000214789,729654.9995696789,734417.9999830588,737791.9996774457,740451.99987749,749464.0003198035
704986.9999702594,713587.0000717127,717127.0003036164,717352.9998320763,722622.9999574816,729167.0000214789,729654.9995696789,734417.9999830588,737791.9996774457,740451.99987749,753863.000305346
704881.0000950481,704986.9999702594,717127.0003036164,717352.9998320763,722622.9999574816,729654.9995696789,734417.9999830588,737791.9996774457,737872.9999981434,740451.99987749,753863.000305346
704881.0000950481,704986.9999702594,717127.0003036164,717352.9998320763,719971.9999462849,729654.9995696789,734417.9999830588,737791.9996774457,740451.99987749,740524.0000093401,753863.000305346
704881.0000950481,704986.9999702594,712563.0001755505,717352.9998320763,719971.9999462849,734218.9996977448,734417.9999830588,737791.9996774457,740451.99987749,740524.0000093401,753863.000305346
704881.0000950481,704986.9999702594,712563.0001755505,717352.9998320763,717821.9999800003,719971.9999462849,734218.9996977448,737791.9996774457,740451.99987749,753863.000305346,757120.0000123986
704881.0000950481,704986.9999702594,712563.0001755505,717352.9998320763,717821.9999800003,722055.000149808,734218.9996977448,737791.9996774457,740451.99987749,751780.0001018229,757120.0000123986
704881.0000950481,704986.9999702594,712563.0001755505,714203.9998145894,717352.9998320763,722055.000149808,734218.9996977448,737791.9996774457,740451.99987749,751780.0001018229,760738.0001778095
704881.0000950481,704986.9999702594,714203.9998145894,717352.9998320763,719400.9997241138,722055.000149808,727381.0001491813,737791.9996774457,740451.99987749,751780.0001018229,760738.0001778095
704881.0000950481,704986.9999702594,714203.9998145894,717352.9998320763,719400.9997241138,722055.000149808,728329.9999167796,737791.9996774457,739503.0001098919,751780.0001018229,760738.0001778095
704881.0000950481,704986.9999702594,707587.9994012481,714203.9998145894,717352.9998320763,722055.000149808,737791.9996774457,739503.0001098919,740143.0002396454,751780.0001018229,760738.0001778095
704881.0000950481,704986.9999702594,707587.9994012481,714203.9998145894,722055.000149808,735220.9998248414,737791.9996774457,739503.0001098919,740143.0002396454,742870.0001850444,751780.0001018229
704881.0000950481,704986.9999702594,707587.9994012481,714203.9998145894,733445.0003389044,735220.9998248414,737791.9996774457,739503.0001098919,740143.0002396454,740389.9999127265,742870.0001850444
704881.0000950481,707587.9994012481,714203.9998145894,716972.0000807939,725806.9995669113,733445.0003389044,735220.9998248414,739503.0001098919,740143.0002396454,740389.9999127265,742870.0001850444
698599.0001249828,707587.9994012481,714203.9998145894,716972.0000807939,725806.9995669113,735220.9998248414,739503.0001098919,739727.0003089698,740143.0002396454,740389.9999127265,742870.0001850444
698599.0001249828,707587.9994012481,714762.999928764,716972.0000807939,725806.9995669113,735220.9998248414,739503.0001098919,739727.0003089698,740143.0002396454,740389.9999127265,742311.0000708698
698599.0001249828,707587.9994012481,714762.999928764,716972.0000807939,725806.9995669113,726698.0002595539,735220.9998248414,739503.0001098919,740143.0002396454,740389.9999127265,755340.0001202857
698599.0001249828,707587.9994012481,714762.999928764,716972.0000807939,725806.9995669113,726072.9998886898,735846.0001957054,739503.0001098919,740143.0002396454,740389.9999127265,755340.0001202857
707587.9994012481,713315.0001459698,714762.999928764,716972.0000807939,721130.0001747184,725806.9995669113,726072.9998886898,739503.0001098919,740143.0002396454,740389.9999127265,755340.0001202857
713315.0001459698,714762.999928764,716972.0000807939,721130.0001747184,721958.9996353853,725131.9998757546,725806.9995669113,726072.9998886898,740143.0002396454,740389.9999127265,755340.0001202857
713315.0001459698,714576.0000416616,714762.999928764,716972.0000807939,721130.0001747184,725806.9995669113,726072.9998886898,732514.9994694783,740143.0002396454,740389.9999127265,755340.0001202857
713315.0001459698,714576.0000416616,714762.999928764,716972.0000807939,720770.9997432643,726072.9998886898,726165.9999983654,732514.9994694783,740143.0002396454,740389.9999127265,755340.0001202857
702909.0003386313,713315.0001459698,714576.0000416616,714762.999928764,720770.9997432643,726072.9998886898,732514.9994694783,740143.0002396454,740228.999740528,740389.9999127265,755340.0001202857
702909.0003386313,713315.0001459698,714576.0000416616,717179.0001057262,720770.9997432643,726072.9998886898,732514.9994694783,740143.0002396454,740228.999740528,740389.9999127265,752923.9999433234
702909.0003386313,713315.0001459698,714936.9997222042,717179.0001057262,720770.9997432643,726072.9998886898,732153.9997889355,740143.0002396454,740228.999740528,740389.9999127265,752923.9999433234
702909.0003386313,713315.0001459698,714936.9997222042,714985.9997872075,717179.0001057262,726072.9998886898,732153.9997889355,740143.0002396454,740389.9999127265,746013.9996965847,752923.9999433234
702909.0003386313,713315.0001459698,713539.999292705,714985.9997872075,717179.0001057262,726072.9998886898,733551.0002184347,740143.0002396454,740389.9999127265,746013.9996965847,752923.9999433234
702909.0003386313,713315.0001459698,713539.999292705,714985.9997872075,717179.0001057262,731086.9999593496,733551.0002184347,740143.0002396454,740389.9999127265,746013.9996965847,747909.9998726636
702909.0003386313,712850.9999030093,713315.0001459698,714985.9997872075,717179.0001057262,731086.9999593496,734239.9996081304,740143.0002396454,740389.9999127265,746013.9996965847,747909.9998726636
702909.0003386313,712850.9999030093,713095.0001457249,714985.9997872075,717399.0001059711,731086.9999593496,734239.9996081304,740143.0002396454,740389.9999127265,746013.9996965847,747909.9998726636
702909.0003386313,712850.9999030093,713095.0001457249,714985.9997872075,715923.9999303883,717399.0001059711,734239.9996081304,740143.0002396454,740389.9999127265,746013.9996965847,763072.999901625
702909.0003386313,712850.9999030093,713095.0001457249,713766.9999115723,714985.9997872075,717399.0001059711,734239.9996081304,740143.0002396454,740389.9999127265,748170.9997154006,763072.999901625
702909.0003386313,712850.9999030093,713095.0001457249,713766.9999115723,714985.9997872075,727062.0001299792,730726.9998887184,734239.9996081304,740143.0002396454,748170.9997154006,763072.999901625
702909.0003386313,709150.0001444903,712850.9999030093,714985.9997872075,717711.9999128069,727062.0001299792,730726.9998887184,734239.9996081304,740143.0002396454,748170.9997154006,763072.999901625
702909.0003386313,709150.0001444903,712850.9999030093,713744.0001337625,714985.9997872075,717711.9999128069,734239.9996081304,740143.0002396454,744044.9998849351,748170.9997154006,763072.999901625
702909.0003386313,709150.0001444903,712850.9999030093,713517.9997899716,713744.0001337625,714985.9997872075,734239.9996081304,740143.0002396454,744044.9998849351,752364.9998382359,763072.999901625
702909.0003386313,709150.0001444903,712850.9999030093,713744.0001337625,714985.9997872075,718837.9998743942,734239.9996081304,740143.0002396454,744044.9998849351,747044.9997538134,763072.999901625
702909.0003386313,709150.0001444903,712850.9999030093,713744.0001337625,714985.9997872075,718222.9998192176,734239.9996081304,740143.0002396454,744044.9998849351,747044.9997538134,763687.9999568015
702909.0003386313,706468.9999701604,712850.9999030093,714985.9997872075,716425.0003080923,718222.9998192176,734239.9996081304,740143.0002396454,744044.9998849351,747044.9997538134,763687.9999568015
702909.0003386313,712850.9999030093,713386.0000345898,714985.9997872075,716425.0003080923,718222.9998192176,734239.9996081304,737127.9998205057,740143.0002396454,747044.9997538134,763687.9999568015
702909.0003386313,712850.9999030093,713386.0000345898,714985.9997872075,716425.0003080923,731326.0000267554,734239.9996081304,737127.9998205057,740143.0002396454,747044.9997538134,750584.9997492637
702909.0003386313,712850.9999030093,713447.9999269198,714985.9997872075,716425.0003080923,731326.0000267554,734239.9996081304,737127.9998205057,740143.0002396454,746982.9998614833,750584.9997492637
702909.0003386313,712850.9999030093,714985.9997872075,716425.0003080923,717817.999916976,726956.0000366992,734239.9996081304,737127.9998205057,740143.0002396454,746982.9998614833,750584.9997492637
702909.0003386313,712850.9999030093,714985.9997872075,716425.0003080923,717817.999916976,719769.9999640288,734239.9996081304,737127.9998205057,740143.0002396454,746982.9998614833,757770.9998219342
702920.0000682725,712850.9999030093,714975.0000575663,716425.0003080923,717817.999916976,719769.9999640288,734239.9996081304,737127.9998205057,740143.0002396454,746982.9998614833,757770.9998219342
702920.0000682725,714975.0000575663,716425.0003080923,717817.999916976,719769.9999640288,725143.0002689245,727850.9998737301,734239.9996081304,737127.9998205057,746982.9998614833,757770.9998219342
702920.0000682725,711154.0000488197,714975.0000575663,716425.0003080923,725143.0002689245,726433.9998321851,727850.9998737301,734239.9996081304,737127.9998205057,746982.9998614833,757770.9998219342
702920.0000682725,711154.0000488197,714975.0000575663,716425.0003080923,722479.000396391,726433.9998321851,727850.9998737301,736903.9994806639,737127.9998205057,746982.9998614833,757770.9998219342
702920.0000682725,714975.0000575663,715676.999791074,716425.0003080923,721911.0000899308,722479.000396391,727850.9998737301,736903.9994806639,737127.9998205057,746982.9998614833,757770.9998219342
702920.0000682725,714975.0000575663,715676.999791074,716425.0003080923,721911.0000899308,722479.000396391,727850.9998737301,736903.9994806639,740709.9998435781,743400.999838411,757770.9998219342
702920.0000682725,714975.0000575663,715676.999791074,716425.0003080923,722479.000396391,727850.9998737301,732572.0002871135,732739.9996412284,736903.9994806639,740709.9998435781,757770.9998219342
702920.0000682725,714975.0000575663,716425.0003080923,718499.9999253004,722479.000396391,727850.9998737301,729749.0001528871,732739.9996412284,736903.9994806639,740709.9998435781,757770.9998219342
702920.0000682725,714975.0000575663,716425.0003080923,718499.9999253004,721600.0000425989,727850.9998737301,729749.0001528871,732739.9996412284,737782.9998344561,740709.9998435781,757770.9998219342
702920.0000682725,714873.9997802814,714975.0000575663,718499.9999253004,721600.0000425989,727850.9998737301,729749.0001528871,734291.0001690391,737782.9998344561,740709.9998435781,757770.9998219342
702920.0000682725,714975.0000575663,718499.9999253004,721600.0000425989,721621.9997498821,727543.0001994384,727850.9998737301,729749.0001528871,737782.9998344561,740709.9998435781,757770.9998219342
702920.0000682725,714975.0000575663,717727.0001043745,718499.9999253004,721600.0000425989,721621.9997498821,727543.0001994384,727850.9998737301,737782.9998344561,752731.9998920907,757770.9998219342
702920.0000682725,703950.9997160694,714975.0000575663,721600.0000425989,721621.9997498821,727543.0001994384,727850.9998737301,732276.0003136054,737782.9998344561,752731.9998920907,757770.9998219342
702920.0000682725,703950.9997160694,713964.9999683151,714975.0000575663,721600.0000425989,721621.9997498821,727543.0001994384,732276.0003136054,751668.9997398711,752731.9998920907,757770.9998219342
697381.0000753255,703950.9997160694,713964.9999683151,720514.0000505133,721600.0000425989,721621.9997498821,727543.0001994384,732276.0003136054,751668.9997398711,752731.9998920907,757770.9998219342
697381.0000753255,703950.9997160694,713964.9999683151,718415.9996009361,720514.0000505133,721600.0000425989,727543.0001994384,732276.0003136054,751668.9997398711,755938.0000410368,757770.9998219342
703950.9997160694,713964.9999683151,718415.9996009361,718669.9998047771,720514.0000505133,721600.0000425989,727543.0001994384,732276.0003136054,734649.0003115851,751668.9997398711,757770.9998219342
702016.9997659732,703950.9997160694,713964.9999683151,720514.0000505133,721600.0000425989,727543.0001994384,732276.0003136054,734649.0003115851,735068.99963974,751668.9997398711,757770.9998219342
702016.9997659732,703950.9997160694,713964.9999683151,720514.0000505133,721600.0000425989,727543.0001994384,733576.9999489817,733768.0000043637,734649.0003115851,751668.9997398711,757770.9998219342
702016.9997659732,703950.9997160694,713964.9999683151,720514.0000505133,721600.0000425989,727543.0001994384,731059.999891106,734649.0003115851,736285.0000622394,751668.9997398711,757770.9998219342
702016.9997659732,703950.9997160694,713964.9999683151,719106.0002756391,721600.0000425989,727543.0001994384,731059.999891106,736057.0000864593,736285.0000622394,751668.9997398711,757770.9998219342
702016.9997659732,710066.9997144846,713964.9999683151,719106.0002756391,721600.0000425989,724943.9998926909,727543.0001994384,736057.0000864593,736285.0000622394,751668.9997398711,757770.9998219342
702016.9997659732,710066.9997144846,713964.9999683151,719106.0002756391,720414.999899982,721600.0000425989,727543.0001994384,736057.0000864593,740814.0000549483,751668.9997398711,757770.9998219342
696916.9995428964,710066.9997144846,713964.9999683151,719106.0002756391,720414.999899982,721600.0000425989,732643.0004225152,736057.0000864593,740814.0000549483,751668.9997398711,757770.9998219342
696916.9995428964,710066.9997144846,719106.0002756391,720414.999899982,721600.0000425989,726612.9998259356,732643.0004225152,736057.0000864593,739020.9998822507,740814.0000549483,757770.9998219342
696916.9995428964,710066.9997144846,719106.0002756391,719327.9997361981,720414.999899982,721600.0000425989,732643.0004225152,736057.0000864593,740814.0000549483,746305.9999719881,757770.9998219342
696916.9995428964,710066.9997144846,719106.0002756391,720414.999899982,721600.0000425989,727270.9998202322,732643.0004225152,736057.0000864593,738362.999887954,740814.0000549483,757770.9998219342
696916.9995428964,710066.9997144846,715552.0000524085,719106.0002756391,720414.999899982,721600.0000425989,727270.9998202322,732643.0004225152,738362.999887954,757770.9998219342,761319.000088999
696916.9995428964,710066.9997144846,715552.0000524085,719106.0002756391,721600.0000425989,727270.9998202322,732643.0004225152,732662.0002218285,738362.999887954,749071.9997671526,757770.9998219342
696916.9995428964,710066.9997144846,715552.0000524085,719106.0002756391,721600.0000425989,727270.9998202322,730858.0000938582,732643.0004225152,738362.999887954,750875.9998951228,757770.9998219342
705848.0003448128,710066.9997144846,715552.0000524085,719106.0002756391,721600.0000425989,723711.9996205989,727270.9998202322,730858.0000938582,738362.999887954,750875.9998951228,757770.9998219342
705848.0003448128,710066.9997144846,714803.9997654802,715552.0000524085,719106.0002756391,721600.0000425989,723711.9996205989,730858.0000938582,750829.999942706,750875.9998951228,757770.9998219342
705848.0003448128,710066.9997144846,715552.0000524085,715963.9996277065,719106.0002756391,721600.0000425989,722551.9997583725,730858.0000938582,750829.999942706,750875.9998951228,757770.9998219342
705848.0003448128,710066.9997144846,715552.0000524085,715963.9996277065,719106.0002756391,721600.0000425989,723890.0001807353,730858.0000938582,749491.9995203433,750875.9998951228,757770.9998219342
705848.0003448128,710066.9997144846,715552.0000524085,715963.9996277065,719106.0002756391,721600.0000425989,730858.0000938582,734538.9997480924,738842.9999529861,750875.9998951228,757770.9998219342
705848.0003448128,710066.9997144846,713131.0000849295,715963.9996277065,719106.0002756391,721600.0000425989,733279.0000613373,734538.9997480924,738842.9999529861,750875.9998951228,757770.9998219342
705848.0003448128,710066.9997144846,713131.0000849295,714264.0002665299,715963.9996277065,719106.0002756391,733279.0000613373,738842.9999529861,741874.9995241615,750875.9998951228,757770.9998219342
705848.0003448128,713131.0000849295,714264.0002665299,715963.9996277065,719106.0002756391,727134.9998802855,733279.0000613373,738842.9999529861,740702.9996561332,741874.9995241615,750875.9998951228
705848.0003448128,709492.9996607448,713131.0000849295,714264.0002665299,719106.0002756391,727134.9998802855,738842.9999529861,739750.0000282989,740702.9996561332,741874.9995241615,750875.9998951228
705848.0003448128,709492.9996607448,713267.0000988153,714264.0002665299,719106.0002756391,727134.9998802855,738842.9999529861,739614.0000144131,740702.9996561332,741874.9995241615,750875.9998951228
705848.0003448128,709492.9996607448,713267.0000988153,714264.0002665299,719106.0002756391,727226.9998863459,738842.9999529861,739614.0000144131,740702.9996561332,741874.9995241615,750783.9998890624
705848.0003448128,709492.9996607448,713267.0000988153,714264.0002665299,719106.0002756391,727226.9998863459,735533.9998249109,738842.9999529861,739614.0000144131,741874.9995241615,755952.9997202847
709492.9996607448,713267.0000988153,714264.0002665299,719106.0002756391,719378.0001042691,722004.0000654545,727226.9998863459,738842.9999529861,739614.0000144131,741874.9995241615,755952.9997202847
709492.9996607448,714264.0002665299,719106.0002756391,719378.0001042691,722004.0000654545,725739.0001094929,727142.0000037355,727226.9998863459,738842.9999529861,741874.9995241615,755952.9997202847
709492.9996607448,714264.0002665299,719106.0002756391,719378.0001042691,721189.0000044631,722004.0000654545,725739.0001094929,727142.0000037355,727226.9998863459,755952.9997202847,759528.9994726845
709492.9996607448,714264.0002665299,718088.0004077287,719106.0002756391,721189.0000044631,723293.9997619949,725739.0001094929,727142.0000037355,727226.9998863459,755952.9997202847,759528.9994726845
706160.0002073082,709492.9996607448,714264.0002665299,718088.0004077287,721189.0000044631,723293.9997619949,725739.0001094929,727226.9998863459,740088.0000720664,755952.9997202847,759528.9994726845
705598.0000860064,706160.0002073082,709492.9996607448,718088.0004077287,723293.9997619949,725739.0001094929,727226.9998863459,729855.0001849866,740088.0000720664,755952.9997202847,759528.9994726845
705598.0000860064,706160.0002073082,709492.9996607448,718088.0004077287,723293.9997619949,725739.0001094929,729840.9999293702,729855.0001849866,740088.0000720664,753338.9996772604,759528.9994726845
705598.0000860064,706160.0002073082,709492.9996607448,714384.0003916523,723293.9997619949,729443.0001255693,729840.9999293702,729855.0001849866,740088.0000720664,753338.9996772604,759528.9994726845
705598.0000860064,709492.9996607448,714384.0003916523,716269.9997802597,719731.0003564188,723293.9997619949,729443.0001255693,729855.0001849866,740088.0000720664,753338.9996772604,759528.9994726845
693607.999587605,705598.0000860064,714384.0003916523,716269.9997802597,719731.0003564188,729443.0001255693,729855.0001849866,739178.9998351347,740088.0000720664,753338.9996772604,759528.9994726845
693607.999587605,711597.9999055425,714384.0003916523,716269.9997802597,719731.0003564188,723855.0003654505,729443.0001255693,739178.9998351347,740088.0000720664,753338.9996772604,759528.9994726845
693607.999587605,711597.9999055425,716269.9997802597,719207.9997660639,719731.0003564188,723855.0003654505,729443.0001255693,734355.0004607232,740088.0000720664,753338.9996772604,759528.9994726845
693607.999587605,714709.9997003059,716269.9997802597,719207.9997660639,719731.0003564188,723855.0003654505,729443.0001255693,734355.0004607232,740088.0000720664,753338.9996772604,756416.9996779211
693607.999587605,713544.0002676873,714709.9997003059,716269.9997802597,719207.9997660639,723855.0003654505,729443.0001255693,734355.0004607232,746275.000160798,753338.9996772604,756416.9996779211
693607.999587605,714709.9997003059,716269.9997802597,719207.9997660639,720872.0004489898,723855.0003654505,729443.0001255693,734355.0004607232,738946.9999794954,753338.9996772604,756416.9996779211
693607.999587605,714709.9997003059,716269.9997802597,720872.0004489898,723855.0003654505,729443.0001255693,732735.9997247437,734355.0004607232,738946.9999794954,739810.9997185807,756416.9996779211
693607.999587605,714026.0000493348,714709.9997003059,720872.0004489898,723855.0003654505,731686.9998564941,732735.9997247437,734355.0004607232,738946.9999794954,739810.9997185807,756416.9996779211
693607.999587605,713532.0005414474,714026.0000493348,714709.9997003059,723855.0003654505,731686.9998564941,732735.9997247437,734355.0004607232,739810.9997185807,746286.9998870378,756416.9996779211
693607.999587605,713532.0005414474,714026.0000493348,714709.9997003059,723855.0003654505,730258.9996738826,731686.9998564941,734355.0004607232,742287.9997694418,746286.9998870378,756416.9996779211
693607.999587605,713532.0005414474,714026.0000493348,714709.9997003059,730258.9996738826,731686.9998564941,734355.0004607232,738069.999682476,742202.0003608956,742287.9997694418,746286.9998870378
693607.999587605,714026.0000493348,714709.9997003059,715901.0001985918,730258.9996738826,731686.9998564941,734355.0004607232,738069.999682476,742202.0003608956,742287.9997694418,743918.0002298934
705498.0003992025,714026.0000493348,714709.9997003059,715901.0001985918,722464.9996491257,730258.9996738826,731686.9998564941,738069.999682476,742202.0003608956,742287.9997694418,743918.0002298934
702469.0004053932,714026.0000493348,714709.9997003059,715901.0001985918,725493.999642935,730258.9996738826,731686.9998564941,738069.999682476,742202.0003608956,742287.9997694418,743918.0002298934
702469.0004053932,714026.0000493348,714709.9997003059,725493.999642935,728941.9998621412,730258.9996738826,730877.000566344,731686.9998564941,738069.999682476,742202.0003608956,742287.9997694418
702469.0004053932,714026.0000493348,714709.9997003059,719425.9997424056,725493.999642935,728941.9998621412,730877.000566344,731686.9998564941,738069.999682476,742202.0003608956,753120.9997009188
702469.0004053932,714026.0000493348,714709.9997003059,719425.9997424056,723128.0004115221,725493.999642935,728941.9998621412,738069.999682476,739436.000011316,742202.0003608956,753120.9997009188
702469.0004053932,713825.9997553161,714026.0000493348,714709.9997003059,719425.9997424056,725493.999642935,738069.999682476,738244.0005183473,739436.000011316,742202.0003608956,753120.9997009188
702469.0004053932,713825.9997553161,714709.9997003059,715260.0000675152,719425.9997424056,725493.999642935,738069.999682476,738201.9999931357,738244.0005183473,742202.0003608956,753120.9997009188
702469.0004053932,713825.9997553161,714709.9997003059,719425.9997424056,720597.0000908651,725493.999642935,732864.9999697858,738069.999682476,738244.0005183473,742202.0003608956,753120.9997009188
702469.0004053932,713825.9997553161,714709.9997003059,719425.9997424056,720597.0000908651,727387.0003910855,732864.9999697858,736350.9997701966,738069.999682476,742202.0003608956,753120.9997009188
702469.0004053932,714709.9997003059,719425.9997424056,720196.999924868,720597.0000908651,721016.0002215336,732864.9999697858,736350.9997701966,738069.999682476,742202.0003608956,753120.9997009188
702469.0004053932,714709.9997003059,716865.9998077272,719425.9997424056,720597.0000908651,721016.0002215336,732864.9999697858,738069.999682476,739681.9998873374,742202.0003608956,753120.9997009188
702469.0004053932,714709.9997003059,716865.9998077272,719425.9997424056,720597.0000908651,721016.0002215336,732864.9999697858,736471.0000909755,739681.9998873374,743800.9999523961,753120.9997009188
710797.0004469359,714709.9997003059,716865.9998077272,719425.9997424056,720597.0000908651,721016.0002215336,731353.9998457948,732864.9999697858,736471.0000909755,743800.9999523961,753120.9997009188
710797.0004469359,714709.9997003059,716865.9998077272,719277.999549777,719425.9997424056,721016.0002215336,731353.9998457948,734184.0005108739,736471.0000909755,743800.9999523961,753120.9997009188
710797.0004469359,716865.9998077272,717881.0000537105,719277.999549777,719425.9997424056,721016.0002215336,731353.9998457948,734184.0005108739,736471.0000909755,740629.9995989915,753120.9997009188
710797.0004469359,716865.9998077272,718617.9996921611,719277.999549777,719425.9997424056,721016.0002215336,731353.9998457948,734184.0005108739,736471.0000909755,739892.9999605409,753120.9997009188
710797.0004469359,716865.9998077272,718617.9996921611,719277.999549777,719425.9997424056,721016.0002215336,729170.0000808394,731353.9998457948,736471.0000909755,739892.9999605409,758135.0001309533
710797.0004469359,713459.9999922051,716865.9998077272,718617.9996921611,719277.999549777,721016.0002215336,731353.9998457948,735135.9998310399,736471.0000909755,739892.9999605409,758135.0001309533
710797.0004469359,711985.9999237502,713459.9999922051,718617.9996921611,719277.999549777,725896.0001055106,731353.9998457948,735135.9998310399,736471.0000909755,739892.9999605409,758135.0001309533
698259.9999660841,710797.0004469359,713459.9999922051,718617.9996921611,719277.999549777,731353.9998457948,735135.9998310399,736471.0000909755,739622.0000631766,739892.9999605409,758135.0001309533
698259.9999660841,707890.0004059798,713459.9999922051,718617.9996921611,719277.999549777,734260.9998867508,735135.9998310399,736471.0000909755,739622.0000631766,739892.9999605409,758135.0001309533
698259.9999660841,707890.0004059798,713459.9999922051,718617.9996921611,719277.999549777,724912.9997365198,735135.9998310399,736471.0000909755,739892.9999605409,748970.0002134077,758135.0001309533
698259.9999660841,707890.0004059798,718392.9997063746,718617.9996921611,719277.999549777,724912.9997365198,730203.0001168704,736471.0000909755,739892.9999605409,748970.0002134077,758135.0001309533
698259.9999660841,707890.0004059798,714154.0001128826,718392.9997063746,718617.9996921611,719277.999549777,724912.9997365198,730203.0001168704,748970.0002134077,758135.0001309533,762209.999938634
698259.9999660841,707890.0004059798,714154.0001128826,715169.999507135,718392.9997063746,718617.9996921611,729020.9997791618,730203.0001168704,748970.0002134077,758135.0001309533,762209.999938634
698259.9999660841,707890.0004059798,714154.0001128826,715169.999507135,717212.0000353785,718617.9996921611,729020.9997791618,731383.9997878665,748970.0002134077,758135.0001309533,762209.999938634
698259.9999660841,707890.0004059798,714154.0001128826,715169.999507135,717212.0000353785,717934.0000279045,718617.9996921611,731383.9997878665,758135.0001309533,760056.9999646649,762209.999938634
698259.9999660841,707890.0004059798,714154.0001128826,715169.999507135,717212.0000353785,717934.0000279045,719499.9997083793,731383.9997878665,758135.0001309533,759174.9999484468,762209.999938634
698259.9999660841,707890.0004059798,714154.0001128826,717212.0000353785,717934.0000279045,719499.9997083793,723258.9995554613,731383.9997878665,750046.0000826269,759174.9999484468,762209.999938634
698259.9999660841,707890.0004059798,714154.0001128826,717934.0000279045,718161.0000452406,719499.9997083793,723258.9995554613,730434.9997780044,750046.0000826269,759174.9999484468,762209.999938634
698259.9999660841,707890.0004059798,714154.0001128826,717934.0000279045,718161.0000452406,719499.9997083793,730434.9997780044,731537.9998410268,741766.9997970614,759174.9999484468,762209.999938634
691751.0002970363,707890.0004059798,714154.0001128826,718161.0000452406,719499.9997083793,724442.9996969524,730434.9997780044,731537.9998410268,741766.9997970614,759174.9999484468,762209.999938634
691751.0002970363,707890.0004059798,714154.0001128826,718161.0000452406,719499.9997083793,724442.9996969524,730434.9997780044,737492.9998761693,741766.9997970614,753219.9999133042,762209.999938634
691751.0002970363,709338.0000771735,714154.0001128826,718161.0000452406,719499.9997083793,724442.9996969524,730434.9997780044,737492.9998761693,740319.0001258678,753219.9999133042,762209.999938634
691751.0002970363,704111.0000700022,714154.0001128826,719499.9997083793,723388.0000524119,724442.9996969524,730434.9997780044,737492.9998761693,740319.0001258678,753219.9999133042,762209.999938634
691751.0002970363,704111.0000700022,714154.0001128826,719499.9997083793,723388.0000524119,724442.9996969524,730434.9997780044,730828.9999508164,740319.0001258678,759883.9998386571,762209.999938634
691751.0002970363,714154.0001128826,719499.9997083793,723388.0000524119,724442.9996969524,725220.0001588772,730434.9997780044,730828.9999508164,738774.999749782,740319.0001258678,762209.999938634
691751.0002970363,714154.0001128826,719499.9997083793,723388.0000524119,724442.9996969524,725220.0001588772,730088.9998941713,730434.9997780044,739514.9998064272,740319.0001258678,762209.999938634
691751.0002970363,713194.9997703545,714154.0001128826,719499.9997083793,724442.9996969524,725220.0001588772,730088.9998941713,739514.9998064272,740319.0001258678,740628.0000600618,762209.999938634
691751.0002970363,694373.9999496376,713194.9997703545,724442.9996969524,725220.0001588772,730088.9998941713,739279.9998716243,739514.9998064272,740319.0001258678,740628.0000600618,762209.999938634
691751.0002970363,694373.9999496376,716937.9996871845,724442.9996969524,725220.0001588772,730088.9998941713,736885.0001432318,739279.9998716243,739514.9998064272,740319.0001258678,762209.999938634
691751.0002970363,715182.9999957926,716937.9996871845,719510.0000797127,724442.9996969524,725220.0001588772,730088.9998941713,736885.0001432318,739279.9998716243,739514.9998064272,762209.999938634
691751.0002970363,715182.9999957926,719510.0000797127,724442.9996969524,725220.0001588772,726327.9997560353,727495.000074381,730088.9998941713,739279.9998716243,739514.9998064272,762209.999938634
691751.0002970363,715182.9999957926,719510.0000797127,720319.9999145244,725220.0001588772,726327.9997560353,727495.000074381,734211.9996765993,739279.9998716243,739514.9998064272,762209.999938634
691751.0002970363,719510.0000797127,720046.0000472384,720319.9999145244,725220.0001588772,726327.9997560353,727495.000074381,734211.9996765993,734416.9998201785,739514.9998064272,762209.999938634
691751.0002970363,719510.0000797127,719629.0001787157,720046.0000472384,725910.9998946859,726327.9997560353,727495.000074381,734211.9996765993,734416.9998201785,739514.9998064272,762209.999938634
691751.0002970363,715601.9998344907,719510.0000797127,719629.0001787157,720046.0000472384,726327.9997560353,727495.000074381,734211.9996765993,734416.9998201785,749823.9998666224,762209.999938634
691751.0002970363,714221.9997270625,715601.9998344907,719510.0000797127,719629.0001787157,726327.9997560353,727495.000074381,734211.9996765993,740241.0001403544,749823.9998666224,762209.999938634
691751.0002970363,713022.0001111145,714221.9997270625,719510.0000797127,722208.9999020919,726327.9997560353,727495.000074381,734211.9996765993,740241.0001403544,749823.9998666224,762209.999938634
691751.0002970363,713022.0001111145,714221.9997270625,715718.9997827203,719510.0000797127,722208.9999020919,734211.9996765993,738104.0000476959,740241.0001403544,749823.9998666224,762209.999938634
691751.0002970363,702984.9998826182,714221.9997270625,715718.9997827203,719510.0000797127,732246.0001305882,734211.9996765993,738104.0000476959,740241.0001403544,749823.9998666224,762209.999938634
691751.0002970363,702984.9998826182,715718.9997827203,719510.0000797127,724876.999947766,729585.9999196508,732246.0001305882,734211.9996765993,738104.0000476959,749823.9998666224,762209.999938634
691751.0002970363,713101.9999610874,715718.9997827203,719510.0000797127,724094.9995981301,724876.999947766,729585.9999196508,732246.0001305882,738104.0000476959,749823.9998666224,762209.999938634
691751.0002970363,714291.9998811944,715718.9997827203,719510.0000797127,724094.9995981301,724876.999947766,729585.9999196508,732246.0001305882,738104.0000476959,748633.9999465153,762209.999938634
691751.0002970363,714291.9998811944,715718.9997827203,717560.9998868175,719510.0000797127,724876.999947766,729585.9999196508,732246.0001305882,738104.0000476959,755167.9996578279,762209.999938634
691751.0002970363,714291.9998811944,715718.9997827203,717560.9998868175,719510.0000797127,720255.000172908,732246.0001305882,734207.9996945088,738104.0000476959,755167.9996578279,762209.999938634
691751.0002970363,714291.9998811944,715718.9997827203,719035.9996228731,719510.0000797127,720255.000172908,732246.0001305882,734207.9996945088,738104.0000476959,753692.9999217723,762209.999938634
691751.0002970363,714291.9998811944,715718.9997827203,719035.9996228731,719510.0000797127,724079.9997023211,732246.0001305882,734207.9996945088,738104.0000476959,753692.9999217723,758385.0004092207
691751.0002970363,714291.9998811944,717471.999774457,719035.9996228731,719510.0000797127,724079.9997023211,732246.0001305882,734207.9996945088,738104.0000476959,751939.9999300357,758385.0004092207
691751.0002970363,714291.9998811944,719035.9996228731,719510.0000797127,724079.9997023211,727336.0000884902,728239.9997336627,732246.0001305882,734207.9996945088,751939.9999300357,758385.0004092207
691751.0002970363,714291.9998811944,719035.9996228731,719510.0000797127,722196.9998387415,724079.9997023211,732246.0001305882,733378.9999834114,734207.9996945088,751939.9999300357,758385.0004092207
691751.0002970363,714291.9998811944,719035.9996228731,719510.0000797127,722196.9998387415,723749.9999515853,724079.9997023211,733378.9999834114,734207.9996945088,758385.0004092207,760436.0001090385
691751.0002970363,714291.9998811944,719035.9996228731,719510.0000797127,722196.9998387415,724079.9997023211,725571.9999860404,731556.9999489563,734207.9996945088,758385.0004092207,760436.0001090385
691751.0002970363,714291.9998811944,719510.0000797127,721593.9999168591,722196.9998387415,724079.9997023211,725571.9999860404,728998.9996549704,734207.9996945088,758385.0004092207,760436.0001090385
691751.0002970363,714291.9998811944,719510.0000797127,722196.9998387415,723465.9996666152,724079.9997023211,725571.9999860404,727126.9999052143,734207.9996945088,758385.0004092207,760436.0001090385
691751.0002970363,713442.0001531752,714291.9998811944,722196.9998387415,723465.9996666152,724079.9997023211,725571.9999860404,727126.9999052143,740275.9996210464,758385.0004092207,760436.0001090385
691751.0002970363,713442.0001531752,714291.9998811944,722196.9998387415,723465.9996666152,725571.9999860404,727126.9999052143,732247.0000321924,740275.9996210464,750218.0000793494,760436.0001090385
692185.9999450471,713442.0001531752,713857.0002331836,722196.9998387415,723465.9996666152,725571.9999860404,727126.9999052143,732247.0000321924,740275.9996210464,750218.0000793494,760436.0001090385
692185.9999450471,708094.9996945334,713442.0001531752,722196.9998387415,725571.9999860404,727126.9999052143,729228.0002052654,732247.0000321924,740275.9996210464,750218.0000793494,760436.0001090385
702699.9996726428,708094.9996945334,713442.0001531752,718714.0004776696,722196.9998387415,725571.9999860404,727126.9999052143,732247.0000321924,740275.9996210464,750218.0000793494,760436.0001090385
702699.9996726428,708094.9996945334,713442.0001531752,716703.9999756203,718714.0004776696,727126.9999052143,731064.9998491616,732247.0000321924,740275.9996210464,750218.0000793494,760436.0001090385
702699.9996726428,708094.9996945334,716703.9999756203,717307.9999563645,718714.0004776696,723261.000102025,731064.9998491616,732247.0000321924,740275.9996210464,750218.0000793494,760436.0001090385
702699.9996726428,713866.9997169382,716703.9999756203,717307.9999563645,717489.0000796202,718714.0004776696,731064.9998491616,732247.0000321924,740275.9996210464,750218.0000793494,760436.0001090385
702699.9996726428,713866.9997169382,716703.9999756203,717489.0000796202,718714.0004776696,722586.9999829168,725785.9998226094,732247.0000321924,740275.9996210464,750218.0000793494,760436.0001090385
702699.9996726428,713866.9997169382,715005.9999861101,716703.9999756203,717489.0000796202,718714.0004776696,725785.9998226094,732247.0000321924,747856.999617853,750218.0000793494,760436.0001090385
702699.9996726428,713866.9997169382,715005.9999861101,716703.9999756203,718714.0004776696,725785.9998226094,732247.0000321924,737921.0002272904,740003.9999613682,747856.999617853,750218.0000793494
702699.9996726428,707757.0000657053,713866.9997169382,718714.0004776696,723952.9998960252,725785.9998226094,732247.0000321924,737921.0002272904,740003.9999613682,747856.999617853,750218.0000793494
702699.9996726428,707757.0000657053,713866.9997169382,717447.999781657,718714.0004776696,732247.0000321924,732290.9999369775,737921.0002272904,740003.9999613682,747856.999617853,750218.0000793494
702699.9996726428,707757.0000657053,710376.9998745972,717447.999781657,718714.0004776696,732247.0000321924,732290.9999369775,740003.9999613682,741411.0000696315,747856.999617853,750218.0000793494
702699.9996726428,707757.0000657053,717447.999781657,718714.0004776696,723148.000000821,727232.9998351444,732247.0000321924,732290.9999369775,741411.0000696315,747856.999617853,750218.0000793494
707251.9999186245,707757.0000657053,714162.0002316879,717447.999781657,723148.000000821,727232.9998351444,732247.0000321924,732290.9999369775,741411.0000696315,747856.999617853,750218.0000793494
707251.9999186245,707757.0000657053,714162.0002316879,717447.999781657,723148.000000821,724430.0008389344,727232.9998351444,732290.9999369775,741411.0000696315,747856.999617853,758034.9992726073
707251.9999186245,707757.0000657053,714162.0002316879,721525.9997769692,723148.000000821,724430.0008389344,727232.9998351444,728212.9999416653,741411.0000696315,747856.999617853,758034.9992726073
707251.9999186245,714162.0002316879,721525.9997769692,723148.000000821,724430.0008389344,727232.9998351444,728212.9999416653,729763.9993575234,736027.9999807891,741411.0000696315,747856.999617853
707251.9999186245,714162.0002316879,721525.9997769692,723148.000000821,724430.0008389344,727232.9998351444,728212.9999416653,729051.9997892791,736027.9999807891,741411.0000696315,748568.9991860973
707251.9999186245,712147.0001873291,721525.9997769692,723148.000000821,724430.0008389344,728212.9999416653,729051.9997892791,729247.9998795032,736027.9999807891,741411.0000696315,748568.9991860973
707251.9999186245,712147.0001873291,714240.9998692012,721525.9997769692,723148.000000821,728212.9999416653,729051.9997892791,729247.9998795032,736027.9999807891,741411.0000696315,758758.0001558305
707251.9999186245,712147.0001873291,714240.9998692012,719084.999964217,723148.000000821,729051.9997892791,729247.9998795032,730653.9997544176,736027.9999807891,741411.0000696315,758758.0001558305
699383.0001849459,714240.9998692012,719084.999964217,720015.9999210078,723148.000000821,729051.9997892791,729247.9998795032,730653.9997544176,736027.9999807891,741411.0000696315,758758.0001558305
699383.0001849459,719084.999964217,720015.9999210078,723148.000000821,729051.9997892791,729247.9998795032,730653.9997544176,732130.9998662799,736027.9999807891,740868.0001587518,741411.0000696315
699383.0001849459,715695.000048625,719084.999964217,720015.9999210078,729051.9997892791,729247.9998795032,730653.9997544176,732130.9998662799,740868.0001587518,741411.0000696315,743480.999932985
699383.0001849459,715695.000048625,715969.9999449388,720015.9999210078,729051.9997892791,729247.9998795032,730653.9997544176,732130.9998662799,740868.0001587518,741411.0000696315,746595.9999522632
699383.0001849459,715969.9999449388,720015.9999210078,729051.9997892791,729247.9998795032,729965.9999352343,730653.9997544176,732130.9998662799,732325.0000656539,740868.0001587518,741411.0000696315
699383.0001849459,715969.9999449388,720015.9999210078,725515.9999571276,729051.9997892791,729247.9998795032,730653.9997544176,732130.9998662799,736775.0000437606,740868.0001587518,741411.0000696315
699383.0001849459,713318.9999757167,715969.9999449388,720015.9999210078,725515.9999571276,729051.9997892791,730653.9997544176,732130.9998662799,736775.0000437606,740868.0001587518,757339.9999734178
699383.0001849459,713318.9999757167,715064.9998273258,715969.9999449388,720015.9999210078,729051.9997892791,732130.9998662799,736775.0000437606,740868.0001587518,741104.9998842194,757339.9999734178
696005.0000981775,713318.9999757167,715064.9998273258,715969.9999449388,723394.0000077762,729051.9997892791,732130.9998662799,736775.0000437606,740868.0001587518,741104.9998842194,757339.9999734178
696005.0000981775,713318.9999757167,715969.9999449388,723394.0000077762,724039.999822321,729051.9997892791,732129.9998892241,732130.9998662799,736775.0000437606,740868.0001587518,757339.9999734178
696005.0000981775,715969.9999449388,723394.0000077762,724039.999822321,727390.0003312504,729051.9997892791,732129.9998892241,732130.9998662799,736775.0000437606,740868.0001587518,743268.9996178842
696005.0000981775,715969.9999449388,724039.999822321,725230.0001412069,727390.0003312504,729051.9997892791,732129.9998892241,732130.9998662799,736775.0000437606,740868.0001587518,741432.9994844535
696005.0000981775,713843.0002012873,715969.9999449388,724039.999822321,725230.0001412069,729051.9997892791,732129.9998892241,732130.9998662799,736775.0000437606,740868.0001587518,754979.9996144165
696005.0000981775,713843.0002012873,715969.9999449388,723559.9997948788,724039.999822321,725230.0001412069,732129.9998892241,736775.0000437606,737622.9998606802,740868.0001587518,754979.9996144165
696005.0000981775,713843.0002012873,715969.9999449388,723287.000048258,724039.999822321,725230.0001412069,732129.9998892241,736775.0000437606,737895.999607301,740868.0001587518,754979.9996144165
696005.0000981775,713843.0002012873,715969.9999449388,716049.9998709006,724039.999822321,725230.0001412069,732129.9998892241,736775.0000437606,740868.0001587518,745132.9997846583,754979.9996144165
706643.0002322719,713843.0002012873,714592.0000071125,715969.9999449388,716049.9998709006,724039.999822321,732129.9998892241,736775.0000437606,740868.0001587518,745132.9997846583,754979.9996144165
706643.0002322719,713843.0002012873,714196.9998785465,714592.0000071125,715969.9999449388,716049.9998709006,736775.0000437606,740868.0001587518,741972.9998329986,745132.9997846583,754979.9996144165
706643.0002322719,710875.0001888337,714196.9998785465,714592.0000071125,716049.9998709006,718937.9999573925,736775.0000437606,740868.0001587518,741972.9998329986,745132.9997846583,754979.9996144165
706643.0002322719,710875.0001888337,714196.9998785465,714592.0000071125,715962.999645483,716049.9998709006,736775.0000437606,740868.0001587518,744948.0001449081,745132.9997846583,754979.9996144165
706643.0002322719,710875.0001888337,714196.9998785465,714592.0000071125,715962.999645483,716049.9998709006,736775.0000437606,738354.0002118781,744948.0001449081,747646.9997315321,754979.9996144165
706643.0002322719,710263.0000944664,714196.9998785465,714592.0000071125,715962.999645483,716049.9998709006,737387.000138128,738354.0002118781,744948.0001449081,747646.9997315321,754979.9996144165
695411.9998682532,706643.0002322719,714592.0000071125,715962.999645483,716049.9998709006,729048.0001047596,737387.000138128,738354.0002118781,744948.0001449081,747646.9997315321,754979.9996144165
695411.9998682532,706643.0002322719,714592.0000071125,715962.999645483,716049.9998709006,729048.0001047596,737387.000138128,739472.000119774,744948.0001449081,746528.9998236361,754979.9996144165
706643.0002322719,714592.0000071125,715290.9999260537,715962.999645483,716049.9998709006,725069.0000871076,729048.0001047596,737387.000138128,739472.000119774,746528.9998236361,754979.9996144165
706643.0002322719,714592.0000071125,714862.0001124502,715290.9999260537,715962.999645483,716049.9998709006,725069.0000871076,739472.000119774,746528.9998236361,751573.0001304373,754979.9996144165
706643.0002322719,714592.0000071125,715290.9999260537,715962.999645483,716049.9998709006,717396.0001598757,725069.0000871076,739472.000119774,746528.9998236361,749039.0000830118,754979.9996144165
699716.0000445469,706643.0002322719,714592.0000071125,715962.999645483,717396.0001598757,725069.0000871076,731624.9997524074,739472.000119774,746528.9998236361,749039.0000830118,754979.9996144165
699716.0000445469,706643.0002322719,714592.0000071125,715463.9998245172,717396.0001598757,725567.9999080735,731624.9997524074,739472.000119774,746528.9998236361,749039.0000830118,754979.9996144165
706643.0002322719,714592.0000071125,715463.9998245172,717396.0001598757,721204.9999933012,725567.9999080735,727550.0001342575,731624.9997524074,739472.000119774,746528.9998236361,754979.9996144165
706643.0002322719,713533.9999326662,714592.0000071125,715463.9998245172,717396.0001598757,727550.0001342575,731624.9997524074,733238.9999687085,739472.000119774,746528.9998236361,754979.9996144165
706643.0002322719,713533.9999326662,714592.0000071125,715463.9998245172,717396.0001598757,731624.9997524074,733238.9999687085,734823.9998783289,739472.000119774,746528.9998236361,747705.999870345
706643.0002322719,714592.0000071125,715463.9998245172,717396.0001598757,717823.9999634931,728948.9999378816,731624.9997524074,734823.9998783289,739472.000119774,746528.9998236361,747705.999870345
706643.0002322719,714592.0000071125,715463.9998245172,717396.0001598757,717823.9999634931,722816.999834131,728948.9999378816,734823.9998783289,746528.9998236361,747705.999870345,748280.0000380505
706643.0002322719,714592.0000071125,714615.9998894229,715463.9998245172,717396.0001598757,722816.999834131,732157.0000119518,734823.9998783289,746528.9998236361,747705.999870345,748280.0000380505
706643.0002322719,714592.0000071125,714615.9998894229,715463.9998245172,716259.9996348337,717396.0001598757,732157.0000119518,734823.9998783289,746528.9998236361,747705.999870345,754837.0002373478
705615.0005281423,714615.9998894229,715463.9998245172,715619.999711242,716259.9996348337,717396.0001598757,732157.0000119518,734823.9998783289,746528.9998236361,747705.999870345,754837.0002373478
705615.0005281423,714615.9998894229,715463.9998245172,715619.999711242,716259.9996348337,717396.0001598757,732157.0000119518,734823.9998783289,738477.999934738,747705.999870345,762888.0001262459
705615.0005281423,715463.9998245172,715619.999711242,716259.9996348337,717396.0001598757,724290.9998759569,725148.9998917949,732157.0000119518,738477.999934738,747705.999870345,762888.0001262459
705615.0005281423,715463.9998245172,715619.999711242,716322.9999828648,717396.0001598757,724290.9998759569,725148.9998917949,732093.9996639206,738477.999934738,747705.999870345,762888.0001262459
705615.0005281423,715619.999711242,716007.9998887249,716322.9999828648,717396.0001598757,724290.9998759569,724604.999827587,732093.9996639206,738477.999934738,747705.999870345,762888.0001262459
705615.0005281423,715619.999711242,715849.9999277863,716322.9999828648,717396.0001598757,724290.9998759569,724762.9997885256,732093.9996639206,738477.999934738,747705.999870345,762888.0001262459
703870.0002182601,715849.9999277863,716322.9999828648,717365.0000211243,717396.0001598757,724290.9998759569,724762.9997885256,732093.9996639206,738477.999934738,747705.999870345,762888.0001262459
703870.0002182601,712629.0001278504,717365.0000211243,717396.0001598757,719543.9997828007,724290.9998759569,724762.9997885256,732093.9996639206,738477.999934738,747705.999870345,762888.0001262459
703870.0002182601,714975.9999485791,717196.999962072,717365.0000211243,717396.0001598757,724290.9998759569,724762.9997885256,732093.9996639206,738477.999934738,747705.999870345,762888.0001262459
701788.9998429863,703870.0002182601,714975.9999485791,717196.999962072,717365.0000211243,724762.9997885256,732093.9996639206,738477.999934738,739898.0001928463,747705.999870345,762888.0001262459
701536.9998096215,703870.0002182601,715227.999981944,717196.999962072,717365.0000211243,724762.9997885256,732093.9996639206,738477.999934738,739898.0001928463,747705.999870345,762888.0001262459
701536.9998096215,703870.0002182601,713456.9996749712,715227.999981944,717365.0000211243,728503.0000756264,732093.9996639206,738477.999934738,739898.0001928463,747705.999870345,762888.0001262459
700461.9996783133,703870.0002182601,713456.9996749712,715227.999981944,718440.0001524325,728503.0000756264,732093.9996639206,738477.999934738,739898.0001928463,747705.999870345,762888.0001262459
701573.9998545584,703870.0002182601,713456.9996749712,715227.999981944,717327.9999761874,728503.0000756264,732093.9996639206,738477.999934738,739898.0001928463,747705.999870345,762888.0001262459
701573.9998545584,703870.0002182601,713456.9996749712,717327.9999761874,717914.9999675233,728503.0000756264,732093.9996639206,738477.999934738,739898.0001928463,745018.9998847657,762888.0001262459
701573.9998545584,703870.0002182601,713456.9996749712,715708.9995488548,717327.9999761874,717914.9999675233,728503.0000756264,739898.0001928463,745018.9998847657,754863.0000498039,762888.0001262459
701573.9998545584,703870.0002182601,713456.9996749712,715708.9995488548,717327.9999761874,717762.0001045278,728655.9999386219,739898.0001928463,745018.9998847657,754863.0000498039,762888.0001262459
701573.9998545584,703870.0002182601,713456.9996749712,715708.9995488548,717148.0001159582,717327.9999761874,729269.9999271915,739898.0001928463,745018.9998847657,754863.0000498039,762888.0001262459
701573.9998545584,704277.0004281511,713456.9996749712,715708.9995488548,716920.9997662965,717148.0001159582,729269.9999271915,739898.0001928463,745018.9998847657,754863.0000498039,762888.0001262459
701573.9998545584,701910.999746844,704277.0004281511,715708.9995488548,716920.9997662965,728694.0000440853,729269.9999271915,739898.0001928463,745018.9998847657,754863.0000498039,762888.0001262459
701910.999746844,704277.0004281511,708004.9998684298,715708.9995488548,716920.9997662965,728694.0000440853,729269.9999271915,733467.0001789748,745018.9998847657,754863.0000498039,762888.0001262459
701910.999746844,704277.0004281511,708004.9998684298,715708.9995488548,716920.9997662965,728694.0000440853,729323.0000284223,733414.000077744,745018.9998847657,754863.0000498039,762888.0001262459
701910.999746844,705412.0005227554,708004.9998684298,715708.9995488548,715785.9996716921,728694.0000440853,729323.0000284223,733414.000077744,745018.9998847657,754863.0000498039,762888.0001262459
701910.999746844,705412.0005227554,708004.9998684298,715708.9995488548,715785.9996716921,723487.0000213159,728694.0000440853,739250.0000848505,745018.9998847657,754863.0000498039,762888.0001262459
701910.999746844,705412.0005227554,708004.9998684298,715076.9997991615,715708.9995488548,715785.9996716921,728694.0000440853,745018.9998847657,747660.0003070049,754863.0000498039,762888.0001262459
701910.999746844,705412.0005227554,708004.9998684298,715076.9997991615,715785.9996716921,716073.0001763622,728694.0000440853,745018.9998847657,747660.0003070049,754498.9994222964,762888.0001262459
701910.999746844,705412.0005227554,708004.9998684298,715785.9996716921,716073.0001763622,723249.9998241325,728694.0000440853,736845.9998597946,747660.0003070049,754498.9994222964,762888.0001262459
701910.999746844,705412.0005227554,708004.9998684298,715785.9996716921,716073.0001763622,723249.9998241325,729739.9998405571,735800.000063323,747660.0003070049,754498.9994222964,762888.0001262459
701910.999746844,705412.0005227554,708004.9998684298,713571.0002112838,715785.9996716921,723249.9998241325,729739.9998405571,735800.000063323,750162.0002720833,754498.9994222964,762888.0001262459
701910.999746844,705412.0005227554,708004.9998684298,713508.0000764313,715785.9996716921,723249.9998241325,729739.9998405571,735863.0001981754,750162.0002720833,754498.9994222964,762888.0001262459
701910.999746844,705412.0005227554,708004.9998684298,712836.9999901255,713508.0000764313,715785.9996716921,723249.9998241325,750162.0002720833,752766.000048607,754498.9994222964,762888.0001262459
701910.999746844,705412.0005227554,708004.9998684298,712836.9999901255,713508.0000764313,715785.9996716921,726986.9999474842,749028.9999252553,750162.0002720833,754498.9994222964,762888.0001262459
701910.999746844,705412.0005227554,708004.9998684298,712836.9999901255,713513.0000605196,715785.9996716921,726981.999963396,749028.9999252553,750162.0002720833,754498.9994222964,762888.0001262459
701910.999746844,705412.0005227554,708004.9998684298,713513.0000605196,715440.9999479218,715785.9996716921,726981.999963396,746424.999967459,750162.0002720833,754498.9994222964,762888.0001262459
696312.0004399613,701910.999746844,713513.0000605196,715440.9999479218,715785.9996716921,717104.999951224,726981.999963396,746424.999967459,750162.0002720833,754498.9994222964,762888.0001262459
696312.0004399613,701910.999746844,711081.0000053294,713513.0000605196,715440.9999479218,715785.9996716921,733005.9999092906,746424.999967459,750162.0002720833,754498.9994222964,762888.0001262459
696312.0004399613,701910.999746844,711081.0000053294,713513.0000605196,714931.9999792362,715440.9999479218,733859.9996017466,746424.999967459,750162.0002720833,754498.9994222964,762888.0001262459
696312.0004399613,701910.999746844,711081.0000053294,713513.0000605196,714931.9999792362,719295.9997745372,733859.9996017466,742570.0001408437,750162.0002720833,754498.9994222964,762888.0001262459
698129.999821526,701910.999746844,711081.0000053294,713114.0005976716,713513.0000605196,719295.9997745372,733859.9996017466,742570.0001408437,750162.0002720833,754498.9994222964,762888.0001262459
698129.999821526,711081.0000053294,713114.0005976716,713513.0000605196,716281.0000503231,719295.9997745372,728199.9998373647,733859.9996017466,750162.0002720833,754498.9994222964,762888.0001262459
702321.9996860811,711081.0000053294,713114.0005976716,713513.0000605196,715103.9999099821,716281.0000503231,728199.9998373647,733859.9996017466,750162.0002720833,754498.9994222964,762888.0001262459
702321.9996860811,705351.9996536826,711081.0000053294,713114.0005976716,713513.0000605196,726033.0003066225,728199.9998373647,733859.9996017466,750162.0002720833,754498.9994222964,762888.0001262459
700543.9999169062,702321.9996860811,711081.0000053294,713114.0005976716,713513.0000605196,728199.9998373647,730841.0000433989,733859.9996017466,750162.0002720833,754498.9994222964,762888.0001262459
700543.9999169062,709786.9995609444,711081.0000053294,713114.0005976716,713513.0000605196,726394.9997268833,728199.9998373647,730841.0000433989,750162.0002720833,754498.9994222964,762888.0001262459
700543.9999169062,709786.9995609444,713114.0005976716,713513.0000605196,719842.0000215005,722080.0000272277,726394.9997268833,728199.9998373647,750162.0002720833,754498.9994222964,762888.0001262459
700543.9999169062,709786.9995609444,711382.0002689036,713513.0000605196,719842.0000215005,722080.0000272277,728127.0000556513,728199.9998373647,750162.0002720833,754498.9994222964,762888.0001262459
700543.9999169062,709786.9995609444,713513.0000605196,719151.9997576847,719842.0000215005,720357.0005668702,722080.0000272277,728199.9998373647,750162.0002720833,754498.9994222964,762888.0001262459
709786.9995609444,712552.9997399985,713513.0000605196,716191.0000142725,719151.9997576847,719842.0000215005,720357.0005668702,722080.0000272277,750162.0002720833,754498.9994222964,762888.0001262459
692889.9998430056,709786.9995609444,713513.0000605196,719151.9997576847,719842.0000215005,720357.0005668702,722080.0000272277,735853.9999112654,750162.0002720833,754498.9994222964,762888.0001262459
709786.9995609444,712131.999836228,713513.0000605196,716611.999918043,719151.9997576847,719842.0000215005,720357.0005668702,722080.0000272277,750162.0002720833,754498.9994222964,762888.0001262459
707307.9999396773,709786.9995609444,712131.999836228,713513.0000605196,719151.9997576847,720357.0005668702,722080.0000272277,729145.9999998662,750162.0002720833,754498.9994222964,762888.0001262459
709786.9995609444,711597.9999372574,712131.999836228,713513.0000605196,719151.9997576847,720357.0005668702,722080.0000272277,724856.0000022862,750162.0002720833,754498.9994222964,762888.0001262459
709786.9995609444,711597.9999372574,712131.999836228,716768.0002596903,719151.9997576847,720357.0005668702,722080.0000272277,724856.0000022862,746907.0000729125,754498.9994222964,762888.0001262459
709786.9995609444,711597.9999372574,712131.999836228,714079.9998277561,716768.0002596903,722080.0000272277,724856.0000022862,725429.0004967988,746907.0000729125,754498.9994222964,762888.0001262459
709786.9995609444,711994.9999597247,712131.999836228,714079.9998277561,716768.0002596903,722080.0000272277,724458.9999798188,725429.0004967988,746907.0000729125,754498.9994222964,762888.0001262459
709786.9995609444,711994.9999597247,712131.999836228,714079.9998277561,714791.99975316,722080.0000272277,724458.9999798188,725429.0004967988,746907.0000729125,756474.9999288267,762888.0001262459
709786.9995609444,711994.9999597247,712131.999836228,714242.9999751332,714791.99975316,721916.9998798505,724458.9999798188,725429.0004967988,746907.0000729125,756474.9999288267,762888.0001262459
695980.9999505037,711994.9999597247,712131.999836228,714242.9999751332,714791.99975316,721916.9998798505,724458.9999798188,739235.0001072395,746907.0000729125,756474.9999288267,762888.0001262459
695980.9999505037,711994.9999597247,712131.999836228,714242.9999751332,714791.99975316,716701.9999785515,729673.9998811178,739235.0001072395,746907.0000729125,756474.9999288267,762888.0001262459
695980.9999505037,711994.9999597247,712131.999836228,714242.9999751332,714309.0001860078,714791.99975316,729673.9998811178,739235.0001072395,749299.9998654563,756474.9999288267,762888.0001262459
695980.9999505037,712131.999836228,714242.9999751332,714309.0001860078,714791.99975316,720349.9998903489,729673.9998811178,739235.0001072395,740944.9999348321,756474.9999288267,762888.0001262459
695980.9999505037,712131.999836228,714242.9999751332,714309.0001860078,720349.9998903489,722477.0000087533,729673.9998811178,739235.0001072395,740944.9999348321,748789.9996732335,762888.0001262459
695980.9999505037,712131.999836228,714242.9999751332,714309.0001860078,720349.9998903489,722477.0000087533,725969.9998622773,740944.9999348321,742939.00012608,748789.9996732335,762888.0001262459
712131.999836228,714242.9999751332,714309.0001860078,715451.0007283345,720349.9998903489,722477.0000087533,723468.9993482492,725969.9998622773,740944.9999348321,748789.9996732335,762888.0001262459
699648.0000447674,712131.999836228,715451.0007283345,720349.9998903489,722477.0000087533,723468.9993482492,725969.9998622773,728904.0001163736,740944.9999348321,748789.9996732335,762888.0001262459
696697.9999713297,712131.999836228,715451.0007283345,720349.9998903489,722477.0000087533,723468.9993482492,728904.0001163736,728919.999935715,740944.9999348321,748789.9996732335,762888.0001262459
696697.9999713297,705064.9998603245,712131.999836228,720349.9998903489,722477.0000087533,728904.0001163736,728919.999935715,733855.0002162592,740944.9999348321,748789.9996732335,762888.0001262459
696697.9999713297,705064.9998603245,712131.999836228,720349.9998903489,720813.9999357376,722477.0000087533,733855.0002162592,737010.0001163511,740944.9999348321,748789.9996732335,762888.0001262459
696697.9999713297,705064.9998603245,712131.999836228,720349.9998903489,720813.9999357376,730046.9999827335,733855.0002162592,737010.0001163511,740944.9999348321,741219.9996992532,762888.0001262459
696697.9999713297,705064.9998603245,712131.999836228,717463.9999921349,720349.9998903489,720813.9999357376,730046.9999827335,733855.0002162592,740944.9999348321,760765.9998234694,762888.0001262459
701169.0000495219,705064.9998603245,712131.999836228,712992.9999139425,720349.9998903489,720813.9999357376,730046.9999827335,733855.0002162592,740944.9999348321,760765.9998234694,762888.0001262459
701169.0000495219,701492.9999854955,712131.999836228,712992.9999139425,720349.9998903489,720813.9999357376,730046.9999827335,737427.0000910882,740944.9999348321,760765.9998234694,762888.0001262459
701169.0000495219,701492.9999854955,712131.999836228,714183.9999439715,719622.9999057086,720349.9998903489,730046.9999827335,737427.0000910882,740944.9999348321,760765.9998234694,762888.0001262459
691872.9998350698,701492.9999854955,712131.999836228,719622.9999057086,720349.9998903489,723480.0001584237,730046.9999827335,737427.0000910882,740944.9999348321,760765.9998234694,762888.0001262459
691872.9998350698,701492.9999854955,712131.999836228,719622.9999057086,721522.999896108,723480.0001584237,730046.9999827335,737427.0000910882,739771.9999290729,760765.9998234694,762888.0001262459
691872.9998350698,712131.999836228,714525.9998592903,719622.9999057086,721522.999896108,723480.0001584237,724394.0002172934,730046.9999827335,739771.9999290729,760765.9998234694,762888.0001262459
691872.9998350698,712131.999836228,712861.9997511166,719622.9999057086,721522.999896108,723480.0001584237,726058.0003254671,730046.9999827335,739771.9999290729,760765.9998234694,762888.0001262459
691872.9998350698,712131.999836228,712861.9997511166,718007.0001422112,719622.9999057086,726058.0003254671,726995.9999123205,730046.9999827335,739771.9999290729,760765.9998234694,762888.0001262459
695982.999920543,712131.999836228,712861.9997511166,713897.0000567379,719622.9999057086,726058.0003254671,726995.9999123205,730046.9999827335,739771.9999290729,760765.9998234694,762888.0001262459
695982.999920543,712131.999836228,713897.0000567379,715016.0002829146,719622.9999057086,723903.9997936692,726995.9999123205,730046.9999827335,739771.9999290729,760765.9998234694,762888.0001262459
695982.999920543,712131.999836228,713897.0000567379,715016.0002829146,716782.9998793771,719622.9999057086,723903.9997936692,730046.9999827335,749984.9999620164,760765.9998234694,762888.0001262459
699424.9998126312,712131.999836228,713897.0000567379,715016.0002829146,716782.9998793771,719622.9999057086,720461.9999015811,730046.9999827335,749984.9999620164,760765.9998234694,762888.0001262459
701399.999792922,712131.999836228,713041.0003026237,713897.0000567379,716782.9998793771,719622.9999057086,720461.9999015811,730046.9999827335,749984.9999620164,760765.9998234694,762888.0001262459
701399.999792922,705689.0001641246,712131.999836228,713897.0000567379,716782.9998793771,719622.9999057086,727814.0000400802,730046.9999827335,749984.9999620164,760765.9998234694,762888.0001262459
701399.999792922,705689.0001641246,712131.999836228,713897.0000567379,716782.9998793771,719622.9999057086,727557.9999431295,727814.0000400802,749984.9999620164,762888.0001262459,763254.9998630735
701399.999792922,705689.0001641246,712131.999836228,713897.0000567379,715800.9998967947,716782.9998793771,727557.9999431295,727814.0000400802,753806.9999709303,762888.0001262459,763254.9998630735
698276.9998309095,701399.999792922,712131.999836228,713897.0000567379,715800.9998967947,716782.9998793771,727557.9999431295,735226.0003732953,753806.9999709303,762888.0001262459,763254.9998630735
693772.0001569584,698276.9998309095,712131.999836228,713897.0000567379,716782.9998793771,723428.9995327584,727557.9999431295,735226.0003732953,753806.9999709303,762888.0001262459,763254.9998630735
693772.0001569584,698276.9998309095,713334.9999317111,713897.0000567379,716782.9998793771,723428.9995327584,727557.9999431295,735226.0003732953,752603.9998754471,762888.0001262459,763254.9998630735
693772.0001569584,706129.0001981239,713334.9999317111,713897.0000567379,716782.9998793771,723428.9995327584,727374.000006081,727557.9999431295,752603.9998754471,762888.0001262459,763254.9998630735
693585.0000244627,706129.0001981239,713334.9999317111,714084.0001892336,716782.9998793771,723428.9995327584,727374.000006081,727557.9999431295,752603.9998754471,762888.0001262459,763254.9998630735
692597.9998972394,706129.0001981239,713334.9999317111,714084.0001892336,717770.0000066004,723428.9995327584,727374.000006081,727557.9999431295,752603.9998754471,762888.0001262459,763254.9998630735
692597.9998972394,706129.0001981239,713334.9999317111,714084.0001892336,723428.9995327584,727374.000006081,727557.9999431295,729231.999981984,741141.9999000635,762888.0001262459,763254.9998630735
692597.9998972394,706129.0001981239,714084.0001892336,718813.999919014,723428.9995327584,727374.000006081,727557.9999431295,729231.999981984,735662.9999127606,762888.0001262459,763254.9998630735
692597.9998972394,706129.0001981239,714084.0001892336,718813.999919014,725042.0001134429,725760.9994253964,727557.9999431295,729231.999981984,735662.9999127606,762888.0001262459,763254.9998630735
692597.9998972394,706129.0001981239,714084.0001892336,717875.9999922003,725042.0001134429,725760.9994253964,727557.9999431295,729231.999981984,736600.9998395743,762888.0001262459,763254.9998630735
692597.9998972394,706129.0001981239,714084.0001892336,716989.0001151763,725042.0001134429,725760.9994253964,727557.9999431295,729231.999981984,737487.9997165983,762888.0001262459,763254.9998630735
692597.9998972394,707701.0001409523,714084.0001892336,716989.0001151763,725042.0001134429,725760.9994253964,727557.9999431295,727660.0000391556,737487.9997165983,762888.0001262459,763254.9998630735
692597.9998972394,708918.9996929079,714084.0001892336,716989.0001151763,724542.9998734408,725042.0001134429,727557.9999431295,727660.0000391556,737487.9997165983,762888.0001262459,763254.9998630735
692597.9998972394,708918.9996929079,714084.0001892336,724542.9998734408,725042.0001134429,727039.99998713,727436.9998446445,727557.9999431295,727660.0000391556,762888.0001262459,763254.9998630735
697212.0000183785,708918.9996929079,714084.0001892336,723045.9999180165,724542.9998734408,725042.0001134429,727039.99998713,727436.9998446445,727557.9999431295,762888.0001262459,763254.9998630735
697212.0000183785,708918.9996929079,714084.0001892336,723045.9999180165,724542.9998734408,725042.0001134429,726458.0000064799,727557.9999431295,728018.9998252946,762888.0001262459,763254.9998630735
697212.0000183785,698411.9999486154,723045.9999180165,724542.9998734408,724590.999933526,725042.0001134429,726458.0000064799,727557.9999431295,728018.9998252946,762888.0001262459,763254.9998630735
693598.0000023177,698411.9999486154,723045.9999180165,724542.9998734408,725042.0001134429,726458.0000064799,727557.9999431295,728018.9998252946,728204.9999495868,762888.0001262459,763254.9998630735
693598.0000023177,698411.9999486154,714551.9996190706,723045.9999180165,724542.9998734408,725042.0001134429,727557.9999431295,728204.9999495868,739925.000212704,762888.0001262459,763254.9998630735
693598.0000023177,698411.9999486154,713806.0001527763,714551.9996190706,723045.9999180165,727557.9999431295,728204.9999495868,735778.9998341075,739925.000212704,762888.0001262459,763254.9998630735
693598.0000023177,698411.9999486154,713806.0001527763,719121.0000743095,723045.9999180165,727557.9999431295,728204.9999495868,735355.999757465,735778.9998341075,762888.0001262459,763254.9998630735
693598.0000023177,698411.9999486154,713806.0001527763,718652.9998882413,719121.0000743095,723045.9999180165,727557.9999431295,735355.999757465,745330.999895453,762888.0001262459,763254.9998630735
693598.0000023177,698411.9999486154,713806.0001527763,718652.9998882413,723045.9999180165,724523.0000724944,727557.9999431295,735355.999757465,739928.9998972681,762888.0001262459,763254.9998630735
693598.0000023177,698411.9999486154,713806.0001527763,713860.0000404909,718652.9998882413,723045.9999180165,727557.9999431295,735355.999757465,750591.9999292716,762888.0001262459,763254.9998630735
693598.0000023177,698411.9999486154,713860.0000404909,715879.9997452762,716579.0002957414,723045.9999180165,727557.9999431295,735355.999757465,750591.9999292716,762888.0001262459,763254.9998630735
693598.0000023177,698411.9999486154,700756.0000521616,713860.0000404909,723045.9999180165,727557.9999431295,731702.9999888559,735355.999757465,750591.9999292716,762888.0001262459,763254.9998630735
693598.0000023177,698411.9999486154,700756.0000521616,712070.0001959566,723045.9999180165,727557.9999431295,731702.9999888559,737145.9996019993,750591.9999292716,762888.0001262459,763254.9998630735
693598.0000023177,698411.9999486154,705369.0001127761,712070.0001959566,723045.9999180165,727089.9999282415,727557.9999431295,737145.9996019993,750591.9999292716,762888.0001262459,763254.9998630735
693598.0000023177,698411.9999486154,705369.0001127761,718832.0000368003,723045.9999180165,727089.9999282415,727557.9999431295,730383.9997611556,750591.9999292716,762888.0001262459,763254.9998630735
693598.0000023177,698411.9999486154,705369.0001127761,707534.9999052678,727089.9999282415,727557.9999431295,730383.9997611556,734343.0000495489,750591.9999292716,762888.0001262459,763254.9998630735
693598.0000023177,698411.9999486154,705369.0001127761,707534.9999052678,726802.0000463304,727089.9999282415,727557.9999431295,737924.9997643741,750591.9999292716,762888.0001262459,763254.9998630735
693598.0000023177,698411.9999486154,698949.9997031079,707534.9999052678,726802.0000463304,727557.9999431295,733509.0003379097,737924.9997643741,750591.9999292716,762888.0001262459,763254.9998630735
693598.0000023177,698411.9999486154,698949.9997031079,707534.9999052678,726802.0000463304,728285.9998455022,733509.0003379097,737924.9997643741,750591.9999292716,762526.9999607007,762888.0001262459
698411.9999486154,698949.9997031079,707534.9999052678,713811.9999495961,726802.0000463304,728285.9998455022,730377.9999819933,733509.0003379097,737924.9997643741,762526.9999607007,762888.0001262459
698411.9999486154,698949.9997031079,707534.9999052678,713811.9999495961,726802.0000463304,730377.9999819933,733509.0003379097,737689.0004170282,737924.9997643741,753123.9993891747,762888.0001262459
698411.9999486154,698949.9997031079,707534.9999052678,713811.9999495961,716346.0000027678,726802.0000463304,737689.0004170282,737924.9997643741,747541.0003171352,753123.9993891747,762888.0001262459
698411.9999486154,698949.9997031079,709535.0000274173,713811.9999495961,716346.0000027678,724801.9999241809,737689.0004170282,737924.9997643741,747541.0003171352,753123.9993891747,762888.0001262459
698411.9999486154,698949.9997031079,709535.0000274173,713811.9999495961,718032.0000198119,723115.9999071368,737689.0004170282,737924.9997643741,747541.0003171352,753123.9993891747,762888.0001262459
697033.9998745499,698411.9999486154,698949.9997031079,709535.0000274173,718032.0000198119,737689.0004170282,737924.9997643741,739893.9999821831,747541.0003171352,753123.9993891747,762888.0001262459
697033.9998745499,698411.9999486154,698949.9997031079,718032.0000198119,720583.0004938561,726876.9992979353,737689.0004170282,739893.9999821831,747541.0003171352,753123.9993891747,762888.0001262459
697033.9998745499,698411.9999486154,700333.0000440389,716648.9996788809,720583.0004938561,726876.9992979353,737689.0004170282,739893.9999821831,747541.0003171352,753123.9993891747,762888.0001262459
698411.9999486154,700333.0000440389,712833.9998573521,716648.9996788809,720583.0004938561,724093.9999993809,726876.9992979353,737689.0004170282,747541.0003171352,753123.9993891747,762888.0001262459
698411.9999486154,700333.0000440389,712833.9998573521,713907.0000175232,716648.9996788809,724093.9999993809,733552.9997742682,737689.0004170282,747541.0003171352,753123.9993891747,762888.0001262459
693899.0000176632,698411.9999486154,713907.0000175232,716648.9996788809,719267.9998837278,724093.9999993809,733552.9997742682,737689.0004170282,747541.0003171352,753123.9993891747,762888.0001262459
693899.0000176632,706076.0000290632,713907.0000175232,716429.9999189331,716648.9996788809,719267.9998837278,733552.9997742682,737689.0004170282,747541.0003171352,753123.9993891747,762888.0001262459
693899.0000176632,705788.000095893,706076.0000290632,716429.9999189331,716648.9996788809,719267.9998837278,737689.0004170282,741671.9996958984,747541.0003171352,753123.9993891747,762888.0001262459
693899.0000176632,705788.000095893,706740.9999358042,715765.0000121922,716648.9996788809,719267.9998837278,737689.0004170282,741671.9996958984,747541.0003171352,753123.9993891747,762888.0001262459
693899.0000176632,705788.000095893,706740.9999358042,715765.0000121922,719267.9998837278,732009.000116722,732180.9998792943,737689.0004170282,741671.9996958984,753123.9993891747,762888.0001262459
693899.0000176632,706740.9999358042,715765.0000121922,719267.9998837278,722153.9998983634,725305.9998934281,732009.000116722,732180.9998792943,737689.0004170282,753123.9993891747,762888.0001262459
693899.0000176632,706740.9999358042,716691.9997836645,719267.9998837278,722153.9998983634,725305.9998934281,731082.0003452497,732180.9998792943,737689.0004170282,753123.9993891747,762888.0001262459
693899.0000176632,706740.9999358042,715227.9998546625,716691.9997836645,719267.9998837278,731082.0003452497,732180.9998792943,732231.999937129,737689.0004170282,753123.9993891747,762888.0001262459
706740.9999358042,711972.9999345321,714158.0000202601,715227.9998546625,716691.9997836645,719267.9998837278,731082.0003452497,732180.9998792943,737689.0004170282,753123.9993891747,762888.0001262459
706740.9999358042,711972.9999345321,714158.0000202601,715227.9998546625,716691.9997836645,719267.9998837278,731082.0003452497,731430.0000346261,732180.9998792943,759382.9997715768,762888.0001262459
706128.9994690762,706740.9999358042,714158.0000202601,716691.9997836645,719267.9998837278,721072.0003201184,731082.0003452497,731430.0000346261,732180.9998792943,759382.9997715768,762888.0001262459
706128.9994690762,706740.9999358042,714158.0000202601,716691.9997836645,719267.9998837278,721072.0003201184,726616.9997144432,731430.0000346261,736646.0005101007,759382.9997715768,762888.0001262459
700037.9996712649,706128.9994690762,714158.0000202601,719267.9998837278,721072.0003201184,723395.0000482037,726616.9997144432,731430.0000346261,736646.0005101007,759382.9997715768,762888.0001262459
700146.9999832008,706128.9994690762,714048.9997083244,719267.9998837278,721072.0003201184,723395.0000482037,726616.9997144432,731430.0000346261,736646.0005101007,759382.9997715768,762888.0001262459
700146.9999832008,708556.0001107439,714048.9997083244,718644.9996784506,719267.9998837278,723395.0000482037,726616.9997144432,731430.0000346261,736646.0005101007,759382.9997715768,762888.0001262459
700146.9999832008,708556.0001107439,713864.9998768303,714048.9997083244,718644.9996784506,719267.9998837278,723395.0000482037,731430.0000346261,749398.0003477137,759382.9997715768,762888.0001262459
698993.9998909961,708556.0001107439,713864.9998768303,715201.9998005291,718644.9996784506,719267.9998837278,723395.0000482037,731430.0000346261,749398.0003477137,759382.9997715768,762888.0001262459
698993.9998909961,708556.0001107439,708890.0000761288,713864.9998768303,718644.9996784506,719267.9998837278,729706.9997726041,731430.0000346261,749398.0003477137,759382.9997715768,762888.0001262459
698993.9998909961,708556.0001107439,708890.0000761288,718644.9996784506,719267.9998837278,729190.0003876233,729706.9997726041,731430.0000346261,734072.9998369206,759382.9997715768,762888.0001262459
698993.9998909961,708890.0000761288,715416.9997527435,718644.9996784506,719267.9998837278,722846.0001306045,729190.0003876233,731430.0000346261,734072.9998369206,759382.9997715768,762888.0001262459
698993.9998909961,704815.9998251847,708890.0000761288,718644.9996784506,719267.9998837278,722846.0001306045,731430.0000346261,734072.9998369206,739791.0003151821,759382.9997715768,762888.0001262459
698993.9998909961,704815.9998251847,716392.0000663007,718644.9996784506,719267.9998837278,722846.0001306045,731430.0000346261,734072.9998369206,739791.0003151821,751880.9997814049,762888.0001262459
698993.9998909961,700318.99988635,704815.9998251847,716392.0000663007,719267.9998837278,731430.0000346261,734072.9998369206,739791.0003151821,741171.9999227051,751880.9997814049,762888.0001262459
698993.9998909961,700318.99988635,704815.9998251847,716392.0000663007,719267.9998837278,719594.9998274887,734072.9998369206,739791.0003151821,741171.9999227051,762888.0001262459,763715.9999885423
698993.9998909961,700318.99988635,711754.0000585857,716392.0000663007,719267.9998837278,719594.9998274887,732853.0000817812,734072.9998369206,741171.9999227051,762888.0001262459,763715.9999885423
698993.9998909961,700318.99988635,711754.0000585857,719267.9998837278,719594.9998274887,723187.0000588523,726058.0000892297,734072.9998369206,741171.9999227051,762888.0001262459,763715.9999885423
698993.9998909961,700318.99988635,711754.0000585857,717943.0002141542,719267.9998837278,719594.9998274887,731301.9999339277,734072.9998369206,741171.9999227051,762888.0001262459,763715.9999885423
698993.9998909961,701181.9998654175,711754.0000585857,717080.0002350868,719267.9998837278,719594.9998274887,731301.9999339277,734072.9998369206,741171.9999227051,762888.0001262459,763715.9999885423
698993.9998909961,711754.0000585857,717080.0002350868,719267.9998837278,719594.9998274887,720166.9998287382,722186.9999593843,731301.9999339277,734072.9998369206,762888.0001262459,763715.9999885423
698993.9998909961,711754.0000585857,717774.0001297261,719267.9998837278,719594.9998274887,720166.9998287382,722186.9999593843,730608.0000392883,734072.9998369206,762888.0001262459,763715.9999885423
691630.9998370166,717774.0001297261,719117.0001125652,719267.9998837278,719594.9998274887,720166.9998287382,722186.9999593843,730608.0000392883,734072.9998369206,762888.0001262459,763715.9999885423
691630.9998370166,719117.0001125652,719267.9998837278,719594.9998274887,720166.9998287382,722186.9999593843,725209.0001880415,726637.9997786053,730608.0000392883,762888.0001262459,763715.9999885423
691630.9998370166,719117.0001125652,719267.9998837278,719465.9998847494,719594.9998274887,722887.9999033731,725209.0001880415,726637.9997786053,730608.0000392883,762888.0001262459,763715.9999885423
694654.9997411105,716093.0002084712,719267.9998837278,719465.9998847494,719594.9998274887,722887.9999033731,725209.0001880415,726637.9997786053,730608.0000392883,762888.0001262459,763715.9999885423
695297.9999681978,715449.9999813839,719267.9998837278,719465.9998847494,719594.9998274887,722887.9999033731,725209.0001880415,726637.9997786053,730608.0000392883,762888.0001262459,763715.9999885423
710883.0001651428,715022.9998423433,715449.9999813839,719267.9998837278,719465.9998847494,719594.9998274887,722887.9999033731,725209.0001880415,726637.9997786053,762888.0001262459,763715.9999885423
691554.0003100905,715449.9999813839,719267.9998837278,719465.9998847494,719594.9998274887,722887.9999033731,725209.0001880415,726637.9997786053,734351.9996973956,762888.0001262459,763715.9999885423
691554.0003100905,713015.9998114118,715449.9999813839,719465.9998847494,719594.9998274887,722887.9999033731,726637.9997786053,731461.0002603574,734351.9996973956,762888.0001262459,763715.9999885423
691554.0003100905,715449.9999813839,717730.9998714046,719465.9998847494,719594.9998274887,722887.9999033731,726637.9997786053,726746.0002003646,734351.9996973956,762888.0001262459,763715.9999885423
691554.0003100905,715449.9999813839,717730.9998714046,719465.9998847494,719594.9998274887,721510.000075295,726637.9997786053,728124.0000284427,734351.9996973956,762888.0001262459,763715.9999885423
691554.0003100905,717730.9998714046,718119.0000774653,719465.9998847494,719594.9998274887,721510.000075295,723968.9996825239,728124.0000284427,734351.9996973956,762888.0001262459,763715.9999885423
691554.0003100905,713589.9999009767,718119.0000774653,719465.9998847494,719594.9998274887,721510.000075295,723968.9996825239,732264.9999988707,734351.9996973956,762888.0001262459,763715.9999885423
691554.0003100905,713589.9999009767,718119.0000774653,719465.9998847494,719594.9998274887,723702.0001788677,723968.9996825239,730072.9998952979,734351.9996973956,762888.0001262459,763715.9999885423
691554.0003100905,713589.9999009767,718119.0000774653,719465.9998847494,719594.9998274887,720222.9996867637,723702.0001788677,730072.9998952979,738097.9996931558,762888.0001262459,763715.9999885423
691554.0003100905,713589.9999009767,718119.0000774653,719465.9998847494,720222.9996867637,722204.9996747795,723702.0001788677,730072.9998952979,738097.9996931558,761106.0001412515,762888.0001262459
691554.0003100905,713589.9999009767,716268.9997810582,718119.0000774653,720222.9996867637,722204.9996747795,723702.0001788677,733269.9999989892,738097.9996931558,761106.0001412515,762888.0001262459
691554.0003100905,713589.9999009767,716268.9997810582,718119.0000774653,720222.9996867637,722962.9999985887,723702.0001788677,733269.9999989892,738097.9996931558,760347.9998174423,762888.0001262459
695400.9999702462,713589.9999009767,716268.9997810582,716376.000026608,718119.0000774653,722962.9999985887,723702.0001788677,733269.9999989892,738097.9996931558,760347.9998174423,762888.0001262459
695400.9999702462,713589.9999009767,716376.000026608,717164.9997557527,718119.0000774653,722962.9999985887,723702.0001788677,732374.0000242947,738097.9996931558,760347.9998174423,762888.0001262459
695400.9999702462,713589.9999009767,716376.000026608,717164.9997557527,718119.0000774653,723702.0001788677,725934.0000663474,732374.0000242947,738097.9996931558,757376.9997496835,762888.0001262459
695400.9999702462,713589.9999009767,716376.000026608,716717.9997836249,717164.9997557527,723702.0001788677,725934.0000663474,732374.0000242947,739498.9999869962,757376.9997496835,762888.0001262459
698333.0001002583,713443.999896596,713589.9999009767,716717.9997836249,717164.9997557527,723702.0001788677,725934.0000663474,732374.0000242947,739498.9999869962,757376.9997496835,762888.0001262459
698333.0001002583,713443.999896596,713589.9999009767,715707.9997381747,716717.9997836249,723702.0001788677,725934.0000663474,733831.0000418727,739498.9999869962,757376.9997496835,762888.0001262459
698333.0001002583,713443.999896596,715707.9997381747,716717.9997836249,718303.9997073379,723702.0001788677,725934.0000663474,733831.0000418727,739498.9999869962,752662.9999433223,762888.0001262459
698333.0001002583,713443.999896596,715707.9997381747,716717.9997836249,718303.9997073379,723702.0001788677,733831.0000418727,734897.0005655672,739498.9999869962,752662.9999433223,753924.9996270261
698333.0001002583,705959.0000419259,715707.9997381747,716717.9997836249,718303.9997073379,731187.0000335377,733831.0000418727,734897.0005655672,739498.9999869962,752662.9999433223,753924.9996270261
698333.0001002583,708995.0000224598,715267.9997268041,715707.9997381747,716717.9997836249,731187.0000335377,733831.0000418727,734897.0005655672,739498.9999869962,752662.9999433223,753924.9996270261
698333.0001002583,708995.0000224598,713662.9999255143,715707.9997381747,716717.9997836249,731187.0000335377,733831.0000418727,736502.0003668569,739498.9999869962,752662.9999433223,753924.9996270261
693455.9999282111,713662.9999255143,713872.000194507,715707.9997381747,716717.9997836249,731187.0000335377,733831.0000418727,736502.0003668569,739498.9999869962,752662.9999433223,753924.9996270261
693455.9999282111,713872.000194507,715707.9997381747,716717.9997836249,719206.999645867,731187.0000335377,733831.0000418727,736502.0003668569,739498.9999869962,748380.9999066734,752662.9999433223
693455.9999282111,713872.000194507,714662.0000443156,716717.9997836249,719206.999645867,731187.0000335377,734876.9997357319,736502.0003668569,739498.9999869962,748380.9999066734,752662.9999433223
693455.9999282111,713872.000194507,714662.0000443156,716717.9997836249,730013.9996972152,731187.0000335377,734876.9997357319,736502.0003668569,737573.9998553253,739498.9999869962,752662.9999433223
693455.9999282111,713872.000194507,714662.0000443156,716717.9997836249,718376.0001713346,731187.0000335377,734876.9997357319,737573.9998553253,739498.9999869962,748139.9998927375,752662.9999433223
693455.9999282111,713872.000194507,716717.9997836249,718376.0001713346,719201.0000216528,726648.0000562005,734876.9997357319,737573.9998553253,739498.9999869962,748139.9998927375,752662.9999433223
693455.9999282111,713872.000194507,717506.9997395347,718376.0001713346,718412.000065743,726648.0000562005,734876.9997357319,737573.9998553253,739498.9999869962,748139.9998927375,752662.9999433223
693455.9999282111,713872.000194507,717506.9997395347,718250.0001933873,718412.000065743,726648.0000562005,734876.9997357319,737699.9998332728,739498.9999869962,748139.9998927375,752662.9999433223
693455.9999282111,713872.000194507,714893.9999178288,717506.9997395347,718250.0001933873,718412.000065743,737699.9998332728,739498.9999869962,746630.9998741036,748139.9998927375,752662.9999433223
693455.9999282111,713872.000194507,714893.9999178288,717506.9997395347,718412.000065743,724854.9999169884,737699.9998332728,739498.9999869962,741535.0001691363,746630.9998741036,752662.9999433223
693455.9999282111,713808.9998922837,713872.000194507,717506.9997395347,718412.000065743,724854.9999169884,737699.9998332728,739498.9999869962,741535.0001691363,746630.9998741036,753747.9999688674
693455.9999282111,713808.9998922837,713872.000194507,717506.9997395347,718412.000065743,731124.0004748879,735265.9996112369,737699.9998332728,739498.9999869962,746630.9998741036,753747.9999688674
693455.9999282111,713872.000194507,716072.9999027685,717506.9997395347,718412.000065743,731124.0004748879,735265.9996112369,737699.9998332728,739498.9999869962,746630.9998741036,751483.9999583825
693455.9999282111,713872.000194507,716072.9999027685,717506.9997395347,727514.0000424051,730397.0000103341,731124.0004748879,735265.9996112369,737699.9998332728,746630.9998741036,751483.9999583825
693455.9999282111,714368.0001401276,716072.9999027685,717506.9997395347,727018.0000967844,730397.0000103341,731124.0004748879,735265.9996112369,737699.9998332728,746630.9998741036,751483.9999583825
693455.9999282111,716072.9999027685,717506.9997395347,720408.000191345,720978.000045567,730397.0000103341,731124.0004748879,735265.9996112369,737699.9998332728,746630.9998741036,751483.9999583825
693455.9999282111,699375.9997156872,720408.000191345,720978.000045567,730397.0000103341,731124.0004748879,734203.999926616,735265.9996112369,737699.9998332728,746630.9998741036,751483.9999583825
693455.9999282111,699375.9997156872,720408.000191345,720978.000045567,724470.0000370159,730397.0000103341,731124.0004748879,735265.9996112369,737699.9998332728,746630.9998741036,761217.9998479825
693455.9999282111,699178.9997808285,720605.0001262038,720978.000045567,724470.0000370159,730397.0000103341,731124.0004748879,735265.9996112369,737699.9998332728,746630.9998741036,761217.9998479825
693455.9999282111,699178.9997808285,716976.999790921,720605.0001262038,720978.000045567,724470.0000370159,730397.0000103341,731124.0004748879,746630.9998741036,755988.9996535886,761217.9998479825
693455.9999282111,716976.999790921,720605.0001262038,720978.000045567,721274.999745703,724470.0000370159,730397.0000103341,731124.0004748879,739121.9998831081,746630.9998741036,755988.9996535886
693455.9999282111,716976.999790921,719017.0002089906,720978.000045567,722862.999662916,724470.0000370159,730397.0000103341,731124.0004748879,739121.9998831081,746630.9998741036,755988.9996535886
693455.9999282111,713898.9999326001,716976.999790921,719017.0002089906,720978.000045567,722862.999662916,730397.0000103341,731124.0004748879,746630.9998741036,749692.9999875239,755988.9996535886
699250.9999768196,713898.9999326001,715182.9999969585,716976.999790921,719017.0002089906,722862.999662916,730397.0000103341,731124.0004748879,746630.9998741036,749692.9999875239,755988.9996535886
699250.9999768196,713898.9999326001,715182.9999969585,716976.999790921,719017.0002089906,721721.0001981233,731124.0004748879,731538.9994751266,746630.9998741036,749692.9999875239,755988.9996535886
699250.9999768196,713898.9999326001,714550.9992726811,715182.9999969585,719017.0002089906,721721.0001981233,731124.0004748879,731538.9994751266,746630.9998741036,749692.9999875239,758415.0001718285
699250.9999768196,714550.9992726811,715182.9999969585,719017.0002089906,721721.0001981233,728925.0001721955,731124.0004748879,731538.9994751266,731604.9996345082,749692.9999875239,758415.0001718285
699250.9999768196,714550.9992726811,715182.9999969585,718827.9995230609,719017.0002089906,721721.0001981233,731124.0004748879,731604.9996345082,741636.0001242612,749692.9999875239,758415.0001718285
696220.999556744,714550.9992726811,715182.9999969585,719017.0002089906,721721.0001981233,721857.9999431365,731124.0004748879,731604.9996345082,741636.0001242612,749692.9999875239,758415.0001718285
704650.9998144519,713290.9999404154,714550.9992726811,715182.9999969585,719017.0002089906,721857.9999431365,731124.0004748879,731604.9996345082,741636.0001242612,749692.9999875239,758415.0001718285
695450.9993208863,714550.9992726811,715182.9999969585,719017.0002089906,721857.9999431365,722491.000433981,731124.0004748879,731604.9996345082,741636.0001242612,749692.9999875239,758415.0001718285
695450.9993208863,714550.9992726811,714714.0001617728,715182.9999969585,722491.000433981,726160.9999903543,731124.0004748879,731604.9996345082,741636.0001242612,749692.9999875239,758415.0001718285
695450.9993208863,714714.0001617728,715182.9999969585,715712.9997649028,722491.000433981,726160.9999903543,729961.9999826662,731604.9996345082,741636.0001242612,749692.9999875239,758415.0001718285
695450.9993208863,714714.0001617728,715182.9999969585,715712.9997649028,720912.0001473526,726160.9999903543,729961.9999826662,731604.9996345082,743215.0004108896,749692.9999875239,758415.0001718285
695450.9993208863,714714.0001617728,715182.9999969585,715712.9997649028,717834.9999366794,720912.0001473526,729961.9999826662,731604.9996345082,749692.9999875239,751541.0004645644,758415.0001718285
695450.9993208863,714358.9998241205,714714.0001617728,715182.9999969585,715712.9997649028,717834.9999366794,729961.9999826662,738157.9999577402,749692.9999875239,751541.0004645644,758415.0001718285
695450.9993208863,704879.999811319,714358.9998241205,714714.0001617728,715712.9997649028,728138.0001223189,729961.9999826662,738157.9999577402,749692.9999875239,751541.0004645644,758415.0001718285
704879.999811319,714358.9998241205,714714.0001617728,715712.9997649028,722523.99971483,724468.0000706208,728138.0001223189,729961.9999826662,738157.9999577402,749692.9999875239,758415.0001718285
704879.999811319,714358.9998241205,714714.0001617728,722227.9998568444,722523.99971483,723446.9998907245,724468.0000706208,728138.0001223189,738157.9999577402,749692.9999875239,758415.0001718285
704879.999811319,714358.9998241205,714714.0001617728,722523.99971483,722906.0000021606,723446.9998907245,724468.0000706208,728138.0001223189,738157.9999577402,749692.9999875239,757737.0000265124
704879.999811319,714358.9998241205,714714.0001617728,721107.9996009538,722523.99971483,724468.0000706208,725245.0002919313,728138.0001223189,738157.9999577402,749692.9999875239,757737.0000265124
704879.999811319,714358.9998241205,714714.0001617728,719497.0002138373,721107.9996009538,722523.99971483,725245.0002919313,733108.9999791023,738157.9999577402,749692.9999875239,757737.0000265124
706901.999721626,714358.9998241205,714714.0001617728,719497.0002138373,721107.9996009538,722523.99971483,725245.0002919313,731087.0000687954,738157.9999577402,749692.9999875239,757737.0000265124
706901.999721626,714358.9998241205,714714.0001617728,717764.0001209846,719497.0002138373,721107.9996009538,722523.99971483,725245.0002919313,738157.9999577402,757737.0000265124,763015.9999353345
706901.999721626,714714.0001617728,716291.9997857612,717764.0001209846,719497.0002138373,721107.9996009538,722523.99971483,725245.0002919313,736224.9999960995,757737.0000265124,763015.9999353345
706901.999721626,714714.0001617728,715551.0001131312,716291.9997857612,717764.0001209846,719497.0002138373,722523.99971483,730801.9997797539,736224.9999960995,757737.0000265124,763015.9999353345
706901.999721626,714002.0001014237,714714.0001617728,715551.0001131312,716291.9997857612,719497.0002138373,722523.99971483,730801.9997797539,739987.0000156604,757737.0000265124,763015.9999353345
706901.999721626,714002.0001014237,715551.0001131312,716291.9997857612,719497.0002138373,722523.99971483,726376.9999581146,730801.9997797539,739987.0000156604,751353.0001389928,757737.0000265124
706901.999721626,714002.0001014237,715551.0001131312,716291.9997857612,718004.0001638284,719497.0002138373,722523.99971483,730801.9997797539,739987.0000156604,757737.0000265124,759725.999933279
706901.999721626,711197.9997133298,714002.0001014237,715551.0001131312,716291.9997857612,718004.0001638284,730801.9997797539,730823.0002153374,739987.0000156604,757737.0000265124,759725.999933279
706901.999721626,708696.9997729259,714002.0001014237,715551.0001131312,716291.9997857612,718004.0001638284,730801.9997797539,733324.0001557413,739987.0000156604,757737.0000265124,759725.999933279
706901.999721626,713641.9997815484,714002.0001014237,715551.0001131312,716291.9997857612,718004.0001638284,730801.9997797539,733324.0001557413,735042.0000070379,757737.0000265124,759725.999933279
706901.999721626,713641.9997815484,715551.0001131312,716291.9997857612,718004.0001638284,719888.0000557816,730801.9997797539,733324.0001557413,735042.0000070379,753839.9999789211,757737.0000265124
706901.999721626,713641.9997815484,715551.0001131312,716291.9997857612,719698.9999738008,719888.0000557816,730801.9997797539,733324.0001557413,735042.0000070379,752145.0001689487,757737.0000265124
706901.999721626,715551.0001131312,716291.9997857612,716361.0001031451,719698.9999738008,719888.0000557816,730801.9997797539,733324.0001557413,735042.0000070379,749425.9998473519,757737.0000265124
706901.999721626,715551.0001131312,716291.9997857612,719344.0000472323,719698.9999738008,719888.0000557816,730341.0002116542,730801.9997797539,735042.0000070379,749425.9998473519,757737.0000265124
715551.0001131312,716291.9997857612,719344.0000472323,719698.9999738008,719888.0000557816,723294.9998110099,730341.0002116542,730801.9997797539,733032.9997579681,735042.0000070379,757737.0000265124
715551.0001131312,716291.9997857612,719170.9996450173,719698.9999738008,719888.0000557816,723294.9998110099,730514.0006138692,730801.9997797539,733032.9997579681,735042.0000070379,757737.0000265124
715551.0001131312,716291.9997857612,719170.9996450173,719175.9996757674,719698.9999738008,719888.0000557816,730801.9997797539,733032.9997579681,734633.0007491116,735042.0000070379,757737.0000265124
715551.0001131312,716291.9997857612,719170.9996450173,719175.9996757674,719698.9999738008,719888.0000557816,720222.000001134,730801.9997797539,733032.9997579681,749453.0007550155,757737.0000265124
715551.0001131312,716291.9997857612,719170.9996450173,719175.9996757674,719888.0000557816,720222.000001134,730801.9997797539,732478.0000034776,733032.9997579681,744957.9999968357,749453.0007550155
714767.0000022389,715551.0001131312,716291.9997857612,719170.9996450173,719175.9996757674,725343.0000546766,730801.9997797539,732478.0000034776,733032.9997579681,744957.9999968357,749453.0007550155
697163.9997093475,715551.0001131312,719170.9996450173,719175.9996757674,725343.0000546766,730801.9997797539,732478.0000034776,733032.9997579681,733895.0000786525,744957.9999968357,749453.0007550155
697163.9997093475,709456.9998999219,719170.9996450173,719175.9996757674,725343.0000546766,732478.0000034776,733032.9997579681,733895.0000786525,736895.9999929632,744957.9999968357,749453.0007550155
697163.9997093475,709456.9998999219,719170.9996450173,719175.9996757674,727027.0000896486,732211.0000436804,732478.0000034776,733032.9997579681,736895.9999929632,744957.9999968357,749453.0007550155
697163.9997093475,709456.9998999219,714805.9996831412,719170.9996450173,727027.0000896486,732211.0000436804,732478.0000034776,736895.9999929632,737402.9997505943,744957.9999968357,749453.0007550155
697163.9997093475,703091.9999126111,714805.9996831412,719170.9996450173,727027.0000896486,732211.0000436804,736895.9999929632,737402.9997505943,738842.9999907884,744957.9999968357,749453.0007550155
697163.9997093475,714548.0001070122,714805.9996831412,719170.9996450173,727027.0000896486,727386.9997963873,732211.0000436804,736895.9999929632,737402.9997505943,744957.9999968357,749453.0007550155
697163.9997093475,713608.0000874636,714548.0001070122,714805.9996831412,719170.9996450173,727386.9997963873,732211.0000436804,736895.9999929632,737402.9997505943,744957.9999968357,762872.0007572005
697163.9997093475,714548.0001070122,714805.9996831412,719170.9996450173,724999.9999989478,726010.9998391101,727386.9997963873,732211.0000436804,736895.9999929632,744957.9999968357,762872.0007572005
697163.9997093475,714548.0001070122,715917.9996152744,718058.9997128842,724999.9999989478,726010.9998391101,727386.9997963873,732211.0000436804,736895.9999929632,744957.9999968357,762872.0007572005
697163.9997093475,714242.9996937574,714548.0001070122,715917.9996152744,726010.9998391101,727386.9997963873,728816.0000180746,732211.0000436804,736895.9999929632,744957.9999968357,762872.0007572005
697163.9997093475,714242.9996937574,714548.0001070122,715917.9996152744,716072.9999298332,726010.9998391101,727386.9997963873,732211.0000436804,736895.9999929632,757701.000085077,762872.0007572005
697163.9997093475,714548.0001070122,715917.9996152744,716072.9999298332,716251.0004395659,726010.9998391101,727386.9997963873,732211.0000436804,736895.9999929632,757701.000085077,760864.0000113919
697163.9997093475,714548.0001070122,715917.9996152744,716251.0004395659,726010.9998391101,727386.9997963873,728918.0000259989,732211.0000436804,736895.9999929632,744855.9999889113,760864.0000113919
697163.9997093475,714548.0001070122,715917.9996152744,716251.0004395659,727386.9997963873,728918.0000259989,732211.0000436804,736895.9999929632,740928.9999487953,744855.9999889113,745945.9999017067
697163.9997093475,714548.0001070122,715917.9996152744,716251.0004395659,722183.0000633952,727386.9997963873,732211.0000436804,736895.9999929632,740928.9999487953,745945.9999017067,751590.999951515
697163.9997093475,715357.000169989,715917.9996152744,716251.0004395659,722183.0000633952,727386.9997963873,732211.0000436804,736086.9999299864,740928.9999487953,745945.9999017067,751590.999951515
697163.9997093475,715357.000169989,715917.9996152744,716251.0004395659,721686.0000890142,727386.9997963873,732211.0000436804,736086.9999299864,741425.9999231765,745945.9999017067,751590.999951515
697163.9997093475,711844.0002164758,715357.000169989,720324.9998383644,721686.0000890142,727386.9997963873,732211.0000436804,736086.9999299864,741425.9999231765,745945.9999017067,751590.999951515
697163.9997093475,711844.0002164758,715357.000169989,720324.9998383644,727386.9997963873,728055.9998718624,732211.0000436804,735056.0001403283,736086.9999299864,745945.9999017067,751590.999951515
697163.9997093475,711844.0002164758,715263.9996740159,715357.000169989,727386.9997963873,728055.9998718624,732211.0000436804,735056.0001403283,736086.9999299864,751007.0000660552,751590.999951515
697163.9997093475,711844.0002164758,715263.9996740159,715357.000169989,724277.9997521727,728055.9998718624,732211.0000436804,735056.0001403283,736086.9999299864,751007.0000660552,754699.9999957295
697163.9997093475,711844.0002164758,715263.9996740159,715357.000169989,716647.0000583745,724277.9997521727,728055.9998718624,736086.9999299864,750620.0001256343,751007.0000660552,754699.9999957295
697163.9997093475,711844.0002164758,715263.9996740159,715357.000169989,724277.9997521727,728055.9998718624,731880.0002513195,735386.9999326892,736086.9999299864,751007.0000660552,754699.9999957295
697163.9997093475,711844.0002164758,715263.9996740159,718192.0006401187,721442.999282043,728055.9998718624,731880.0002513195,735386.9999326892,736086.9999299864,751007.0000660552,754699.9999957295
697163.9997093475,711844.0002164758,715263.9996740159,718192.0006401187,721442.999282043,731880.0002513195,735386.9999326892,736086.9999299864,737380.9998807451,741682.0000571725,754699.9999957295
697163.9997093475,711844.0002164758,715263.9996740159,718192.0006401187,721442.999282043,727483.000133388,731880.0002513195,736086.9999299864,737380.9998807451,741682.0000571725,762603.9997950308
697163.9997093475,711844.0002164758,715263.9996740159,716564.99986162,718192.0006401187,721442.999282043,727483.000133388,731880.0002513195,736086.9999299864,762498.0000762976,762603.9997950308
697163.9997093475,711844.0002164758,715263.9996740159,718192.0006401187,718248.9996974963,721442.999282043,727483.000133388,731880.0002513195,736086.9999299864,760919.9999591545,762498.0000762976
697163.9997093475,711844.0002164758,715263.9996740159,718192.0006401187,721442.999282043,722464.999975941,723266.9998549432,731880.0002513195,736086.9999299864,760919.9999591545,762498.0000762976
697163.9997093475,711844.0002164758,715263.9996740159,718192.0006401187,718901.0000972745,721442.999282043,722464.999975941,736086.9999299864,736246.0000089882,760919.9999591545,762498.0000762976
697163.9997093475,702602.9992239588,711844.0002164758,715263.9996740159,718192.0006401187,718901.0000972745,736086.9999299864,736246.0000089882,741305.0000340252,760919.9999591545,762498.0000762976
697163.9997093475,702602.9992239588,711844.0002164758,715263.9996740159,718192.0006401187,723472.0000712982,736086.9999299864,736246.0000089882,736734.0000600015,760919.9999591545,762498.0000762976
697163.9997093475,702602.9992239588,711844.0002164758,715263.9996740159,718192.0006401187,722235.0001782943,723472.0000712982,736086.9999299864,750744.9998906954,760919.9999591545,762498.0000762976
697163.9997093475,711844.0002164758,715263.9996740159,717597.0000855468,718192.0006401187,721092.9990683985,722235.0001782943,723472.0000712982,750744.9998906954,760919.9999591545,762498.0000762976
697163.9997093475,711844.0002164758,715263.9996740159,717597.0000855468,718192.0006401187,721092.9990683985,722099.0000479321,722235.0001782943,752117.9999140615,760919.9999591545,762498.0000762976
697163.9997093475,711844.0002164758,715263.9996740159,717597.0000855468,718192.0006401187,721092.9990683985,722235.0001782943,724570.0000420522,749646.9999199414,760919.9999591545,762498.0000762976
695942.9998066964,711844.0002164758,715263.9996740159,717597.0000855468,718192.0006401187,721092.9990683985,723456.0000809453,724570.0000420522,749646.9999199414,760919.9999591545,762498.0000762976
695942.9998066964,715263.9996740159,717597.0000855468,718192.0006401187,718351.9996831709,721092.9990683985,723456.0000809453,724570.0000420522,749646.9999199414,755990.0006096024,760919.9999591545
695942.9998066964,715263.9996740159,715279.0001395604,718351.9996831709,720510.000586105,721092.9990683985,723456.0000809453,724570.0000420522,749646.9999199414,755990.0006096024,760919.9999591545
695942.9998066964,715263.9996740159,715279.0001395604,718351.9996831709,720510.000586105,721092.9990683985,723537.9999132511,724488.0002097464,749646.9999199414,755990.0006096024,760919.9999591545
695942.9998066964,715263.9996740159,715279.0001395604,720510.000586105,721092.9990683985,723537.9999132511,724488.0002097464,728738.999738717,739259.9998643954,755990.0006096024,760919.9999591545
695942.9998066964,715279.0001395604,720510.000586105,721092.9990683985,723537.9999132511,724488.0002097464,727077.0003215515,728738.999738717,739259.9998643954,744176.9999620669,760919.9999591545
695942.9998066964,698124.0006175785,721092.9990683985,723537.9999132511,724488.0002097464,727077.0003215515,728738.999738717,737665.000108087,739259.9998643954,744176.9999620669,760919.9999591545
695942.9998066964,698124.0006175785,721092.9990683985,723537.9999132511,726630.9998629254,727077.0003215515,728738.999738717,737117.0002112163,737665.000108087,744176.9999620669,760919.9999591545
695942.9998066964,698124.0006175785,721092.9990683985,723537.9999132511,726614.0001659374,726630.9998629254,727077.0003215515,728738.999738717,744176.9999620669,748168.0001533659,760919.9999591545
695942.9998066964,698124.0006175785,718478.9990941086,723537.9999132511,726630.9998629254,727077.0003215515,728738.999738717,729228.0001402273,744176.9999620669,748168.0001533659,760919.9999591545
695942.9998066964,698124.0006175785,709674.9997933892,718478.9990941086,727077.0003215515,728738.999738717,729228.0001402273,740493.9999827873,744176.9999620669,748168.0001533659,760919.9999591545
695942.9998066964,698124.0006175785,709674.9997933892,717504.9994112789,718478.9990941086,728738.999738717,729228.0001402273,740493.9999827873,748168.0001533659,753749.0008723394,760919.9999591545
695942.9998066964,698124.0006175785,709674.9997933892,717504.9994112789,718478.9990941086,722156.0001464278,729228.0001402273,740493.9999827873,748168.0001533659,760332.0004646286,760919.9999591545
695942.9998066964,698124.0006175785,709674.9997933892,717504.9994112789,718478.9990941086,718724.0000136239,729228.0001402273,743926.0001155912,748168.0001533659,760332.0004646286,760919.9999591545
695942.9998066964,698124.0006175785,709674.9997933892,718478.9990941086,718724.0000136239,726124.0001907053,729228.0001402273,743926.0001155912,748168.0001533659,751712.9996852021,760919.9999591545
695942.9998066964,698124.0006175785,718478.9990941086,718724.0000136239,725423.0001058417,726124.0001907053,728177.9998031388,729228.0001402273,748168.0001533659,751712.9996852021,760919.9999591545
694164.0000975766,698124.0006175785,718478.9990941086,720502.9997227436,725423.0001058417,726124.0001907053,728177.9998031388,729228.0001402273,748168.0001533659,751712.9996852021,760919.9999591545
694164.0000975766,702488.9999164209,714113.9997952662,720502.9997227436,725423.0001058417,726124.0001907053,728177.9998031388,729228.0001402273,748168.0001533659,751712.9996852021,760919.9999591545
694164.0000975766,702488.9999164209,714113.9997952662,720502.9997227436,725423.0001058417,728177.9998031388,729228.0001402273,738027.9999166618,739808.9999592456,748168.0001533659,760919.9999591545
694164.0000975766,699471.9995982508,717131.0001134363,720502.9997227436,725423.0001058417,728177.9998031388,729228.0001402273,738027.9999166618,739808.9999592456,748168.0001533659,760919.9999591545
694164.0000975766,699471.9995982508,717131.0001134363,720502.9997227436,723154.0000976797,725423.0001058417,734251.9998456864,738027.9999166618,739808.9999592456,748168.0001533659,760919.9999591545
694164.0000975766,699471.9995982508,717131.0001134363,717824.9997746821,720502.9997227436,723154.0000976797,734251.9998456864,738027.9999166618,747407.0002904051,748168.0001533659,760919.9999591545
694164.0000975766,699471.9995982508,717131.0001134363,720502.9997227436,723154.0000976797,730233.9999609026,734251.9998456864,734998.0001041847,738027.9999166618,748168.0001533659,760919.9999591545
694164.0000975766,699471.9995982508,717131.0001134363,720502.9997227436,723441.9999694066,730233.9999609026,733963.9999739594,734998.0001041847,738027.9999166618,748168.0001533659,760919.9999591545
699471.9995982508,706923.0000561501,717131.0001134363,717475.0000023291,720502.9997227436,723441.9999694066,733963.9999739594,734998.0001041847,738027.9999166618,748168.0001533659,760919.9999591545
699471.9995982508,706923.0000561501,715223.999967046,717131.0001134363,720502.9997227436,725693.0000046898,733963.9999739594,734998.0001041847,738027.9999166618,748168.0001533659,760919.9999591545
699471.9995982508,706923.0000561501,712880.0000325952,715223.999967046,717131.0001134363,725693.0000046898,734998.0001041847,738027.9999166618,741586.9996641078,748168.0001533659,760919.9999591545
699471.9995982508,704119.9999734045,706923.0000561501,712880.0000325952,717131.0001134363,734998.0001041847,736796.9999983313,738027.9999166618,741586.9996641078,748168.0001533659,760919.9999591545
699471.9995982508,704119.9999734045,706923.0000561501,712880.0000325952,716483.0001647022,717131.0001134363,736796.9999983313,741586.9996641078,748168.0001533659,756542.9998561443,760919.9999591545
699471.9995982508,701147.0000150008,706923.0000561501,715852.9999909989,716483.0001647022,717131.0001134363,736796.9999983313,741586.9996641078,748168.0001533659,756542.9998561443,760919.9999591545
699471.9995982508,701147.0000150008,706923.0000561501,715852.9999909989,716483.0001647022,717131.0001134363,737243.9999420838,741586.9996641078,748168.0001533659,756542.9998561443,760473.000015402
699471.9995982508,701147.0000150008,715852.9999909989,716483.0001647022,717131.0001134363,721076.9997863678,727432.9999338902,737243.9999420838,748168.0001533659,756542.9998561443,760473.000015402
699471.9995982508,703734.9999364319,715852.9999909989,716483.0001647022,717131.0001134363,721076.9997863678,724845.0000124591,737243.9999420838,748168.0001533659,756542.9998561443,760473.000015402
699471.9995982508,703734.9999364319,714614.9996625851,716483.0001647022,717131.0001134363,721076.9997863678,724845.0000124591,738482.0002704975,748168.0001533659,756542.9998561443,760473.000015402
699471.9995982508,703734.9999364319,714614.9996625851,715411.0007120136,717131.0001134363,721076.9997863678,724845.0000124591,738482.0002704975,748168.0001533659,757614.9993088329,760473.000015402
699471.9995982508,702858.9997018735,703734.9999364319,717131.0001134363,721076.9997863678,724845.0000124591,727167.0006727251,738482.0002704975,748168.0001533659,757614.9993088329,760473.000015402
699471.9995982508,702858.9997018735,706392.9999894489,717131.0001134363,721076.9997863678,722186.9999594421,727167.0006727251,738482.0002704975,748168.0001533659,757614.9993088329,760473.000015402
701855.9997181024,702858.9997018735,706392.9999894489,714746.9999935847,721076.9997863678,722186.9999594421,727167.0006727251,738482.0002704975,748168.0001533659,757614.9993088329,760473.000015402
701855.9997181024,702858.9997018735,706392.9999894489,714746.9999935847,721076.9997863678,722186.9999594421,738482.0002704975,739048.0000484328,745733.9999331252,748168.0001533659,760473.000015402
701855.9997181024,702498.9999425528,702858.9997018735,714746.9999935847,722186.9999594421,724970.9998332639,738482.0002704975,739048.0000484328,745733.9999331252,748168.0001533659,760473.000015402
701855.9997181024,702858.9997018735,708162.9999516304,714746.9999935847,719306.9998241863,722186.9999594421,738482.0002704975,739048.0000484328,745733.9999331252,748168.0001533659,760473.000015402
701855.9997181024,708162.9999516304,714746.9999935847,715959.0000280344,719306.9998241863,722186.9999594421,725381.9999443366,739048.0000484328,745733.9999331252,748168.0001533659,760473.000015402
708162.9999516304,714307.0004993725,714746.9999935847,715959.0000280344,719306.9998241863,722186.9999594421,725381.9999443366,735716.9993720958,739048.0000484328,745733.9999331252,760473.000015402
706063.9998165533,714307.0004993725,714746.9999935847,715959.0000280344,721405.9999592634,722186.9999594421,725381.9999443366,735716.9993720958,739048.0000484328,745733.9999331252,760473.000015402
692046.9997559787,714307.0004993725,714746.9999935847,715959.0000280344,722186.9999594421,725381.9999443366,735423.000019838,735716.9993720958,739048.0000484328,745733.9999331252,760473.000015402
692046.9997559787,714307.0004993725,715959.0000280344,717627.9997986496,722186.9999594421,725381.9999443366,732835.9995670309,735423.000019838,739048.0000484328,745733.9999331252,760473.000015402
692046.9997559787,693276.0003462632,715959.0000280344,722186.9999594421,725381.9999443366,732835.9995670309,735423.000019838,738658.9999517589,739048.0000484328,745733.9999331252,760473.000015402
692046.9997559787,693276.0003462632,718117.9998728558,722186.9999594421,725381.9999443366,732835.9995670309,735423.000019838,738658.9999517589,739048.0000484328,745733.9999331252,758314.0001705806
693276.0003462632,700558.9997235879,718117.9998728558,722186.9999594421,725381.9999443366,726911.0000522288,732835.9995670309,738658.9999517589,739048.0000484328,745733.9999331252,758314.0001705806
693276.0003462632,700558.9997235879,713274.9999662888,718117.9998728558,726911.0000522288,732835.9995670309,734293.9999374899,738658.9999517589,739048.0000484328,745733.9999331252,758314.0001705806
693276.0003462632,700558.9997235879,713274.9999662888,718117.9998728558,723623.9999634888,732835.9995670309,737581.0000262299,738658.9999517589,739048.0000484328,745733.9999331252,758314.0001705806
693276.0003462632,700558.9997235879,711330.0000041793,718117.9998728558,725568.9999255983,732835.9995670309,737581.0000262299,738658.9999517589,739048.0000484328,745733.9999331252,758314.0001705806
693276.0003462632,700558.9997235879,711330.0000041793,718767.0001700583,725568.9999255983,732835.9995670309,737581.0000262299,738658.9999517589,739048.0000484328,745733.9999331252,757664.9998733781
693276.0003462632,700558.9997235879,714401.9999375496,718767.0001700583,722496.999992228,732835.9995670309,737581.0000262299,738658.9999517589,739048.0000484328,745733.9999331252,757664.9998733781
700558.9997235879,701808.9997585492,714401.9999375496,718767.0001700583,722496.999992228,724303.000154745,737581.0000262299,738658.9999517589,739048.0000484328,745733.9999331252,757664.9998733781
697161.9998175289,701808.9997585492,714401.9999375496,718767.0001700583,722496.999992228,724303.000154745,738658.9999517589,739048.0000484328,740977.9999322889,745733.9999331252,757664.9998733781
697161.9998175289,701808.9997585492,716818.9999507493,718767.0001700583,720079.9999790282,724303.000154745,738658.9999517589,739048.0000484328,740977.9999322889,745733.9999331252,757664.9998733781
697161.9998175289,701808.9997585492,716818.9999507493,720050.0002180084,720079.9999790282,724303.000154745,738658.9999517589,739048.0000484328,740977.9999322889,745733.9999331252,756381.999825428
697161.9998175289,701808.9997585492,720050.0002180084,720079.9999790282,724303.000154745,727058.9999574656,730737.9999255727,738658.9999517589,739048.0000484328,745733.9999331252,756381.999825428
697161.9998175289,701808.9997585492,719418.999996799,720079.9999790282,724303.000154745,727058.9999574656,730737.9999255727,738658.9999517589,739048.0000484328,745733.9999331252,757013.0000466374
701808.9997585492,704443.0001322337,719418.999996799,720079.9999790282,723456.9996108678,724303.000154745,727058.9999574656,738658.9999517589,739048.0000484328,745733.9999331252,757013.0000466374
701808.9997585492,704443.0001322337,719418.999996799,720079.9999790282,723456.9996108678,725791.9999988927,727058.9999574656,737170.0001076112,739048.0000484328,745733.9999331252,757013.0000466374
701808.9997585492,704443.0001322337,719418.999996799,720079.9999790282,723456.9996108678,725791.9999988927,727058.9999574656,728722.9998644919,737170.0001076112,756059.0001170661,757013.0000466374
701808.9997585492,709236.00012616,719418.999996799,720079.9999790282,722265.9999635393,723456.9996108678,725791.9999988927,728722.9998644919,737170.0001076112,756059.0001170661,757013.0000466374
701808.9997585492,709236.00012616,713606.9999493957,719418.999996799,723456.9996108678,725791.9999988927,728722.9998644919,728738.9999931719,737170.0001076112,756059.0001170661,757013.0000466374
701808.9997585492,709236.00012616,716304.0000199475,719418.999996799,723456.9996108678,725791.9999988927,726041.99992262,728722.9998644919,737170.0001076112,756059.0001170661,757013.0000466374
701808.9997585492,709236.00012616,716304.0000199475,719177.0001473281,723456.9996108678,725791.9999988927,726041.99992262,728722.9998644919,737170.0001076112,756300.999966537,757013.0000466374
709236.00012616,709786.9998016565,716304.0000199475,719177.0001473281,723456.9996108678,725791.9999988927,726041.99992262,728722.9998644919,729192.0000645039,756300.999966537,757013.0000466374
709236.00012616,709786.9998016565,716304.0000199475,718625.9999216654,719177.0001473281,725791.9999988927,728722.9998644919,729192.0000645039,730872.9996118224,756300.999966537,757013.0000466374
709236.00012616,709786.9998016565,716304.0000199475,718625.9999216654,725791.9999988927,728722.9998644919,729192.0000645039,730872.9996118224,736415.999842176,739062.0002716891,757013.0000466374
700433.9998911937,709236.00012616,716304.0000199475,718625.9999216654,728722.9998644919,729192.0000645039,730872.9996118224,735144.9999093554,736415.999842176,739062.0002716891,757013.0000466374
700433.9998911937,709236.00012616,713320.9999171533,718625.9999216654,728722.9998644919,729192.0000645039,730872.9996118224,736415.999842176,738128.0000121497,739062.0002716891,757013.0000466374
694823.999871023,700433.9998911937,713320.9999171533,728722.9998644919,729192.0000645039,730872.9996118224,733038.0001768024,736415.999842176,738128.0000121497,739062.0002716891,757013.0000466374
694823.999871023,700433.9998911937,713320.9999171533,723346.0001899095,728722.9998644919,730872.9996118224,733038.0001768024,736415.999842176,739062.0002716891,743973.9998867441,757013.0000466374
694823.999871023,700433.9998911937,713320.9999171533,723346.0001899095,728722.9998644919,729783.9999184301,730872.9996118224,733038.0001768024,739062.0002716891,743973.9998867441,763644.9999703832
694823.999871023,700433.9998911937,713320.9999171533,721427.0002711554,723346.0001899095,729783.9999184301,730872.9996118224,733038.0001768024,743973.9998867441,746357.9998650256,763644.9999703832
694823.999871023,700433.9998911937,713320.9999171533,716597.999702617,721427.0002711554,723346.0001899095,729783.9999184301,743973.9998867441,746357.9998650256,747313.0000860079,763644.9999703832
694823.999871023,700433.9998911937,713320.9999171533,716597.999702617,723346.0001899095,727646.9998360198,729783.9999184301,740138.0003001612,743973.9998867441,747313.0000860079,763644.9999703832
700433.9998911937,713320.9999171533,716597.999702617,718972.999949991,723164.0000070399,723346.0001899095,727646.9998360198,729783.9999184301,740138.0003001612,743973.9998867441,763644.9999703832
700433.9998911937,713320.9999171533,716597.999702617,718972.999949991,719543.0001812665,723164.0000070399,727646.9998360198,729783.9999184301,740138.0003001612,747776.9998953871,763644.9999703832
696724.9998276109,700433.9998911937,716597.999702617,718972.999949991,723164.0000070399,727646.9998360198,729783.9999184301,736139.0002708088,740138.0003001612,747776.9998953871,763644.9999703832
696724.9998276109,700433.9998911937,715327.0004110665,716597.999702617,718972.999949991,723164.0000070399,729783.9999184301,736139.0002708088,747776.9998953871,752457.9997251147,763644.9999703832
696724.9998276109,700433.9998911937,713590.9998710741,715327.0004110665,716597.999702617,728546.0000859568,729783.9999184301,736139.0002708088,747776.9998953871,752457.9997251147,763644.9999703832
696724.9998276109,700433.9998911937,707388.0001043016,715327.0004110665,716597.999702617,729783.9999184301,734748.9998527293,736139.0002708088,747776.9998953871,752457.9997251147,763644.9999703832
696724.9998276109,700433.9998911937,715327.0004110665,716597.999702617,716841.9998711541,725295.0000858768,729783.9999184301,736139.0002708088,747776.9998953871,752457.9997251147,763644.9999703832
692379.9995131003,696724.9998276109,700433.9998911937,715327.0004110665,725295.0000858768,729783.9999184301,736139.0002708088,741060.0000606708,747776.9998953871,752457.9997251147,763644.9999703832
692379.9995131003,696724.9998276109,715299.000069301,715327.0004110665,721274.0000927015,725295.0000858768,729783.9999184301,741060.0000606708,747776.9998953871,752457.9997251147,763644.9999703832
692379.9995131003,696724.9998276109,715299.000069301,715327.0004110665,721274.0000927015,725295.0000858768,734697.0000422376,741060.0000606708,747776.9998953871,752457.9997251147,758731.9998465758
696724.9998276109,712200.9998134543,715299.000069301,715327.0004110665,721274.0000927015,725295.0000858768,734697.0000422376,738910.9995462217,741060.0000606708,747776.9998953871,752457.9997251147
696724.9998276109,712200.9998134543,713158.0003934667,715327.0004110665,723414.9997685358,725295.0000858768,734697.0000422376,738910.9995462217,741060.0000606708,747776.9998953871,752457.9997251147
696724.9998276109,713158.0003934667,715327.0004110665,722253.0000755987,723414.9997685358,724644.9997800932,725295.0000858768,738910.9995462217,741060.0000606708,747776.9998953871,752457.9997251147
709506.000077213,713158.0003934667,715327.0004110665,722253.0000755987,723414.9997685358,724644.9997800932,725295.0000858768,734995.999645785,738910.9995462217,741060.0000606708,752457.9997251147
709506.000077213,713158.0003934667,715327.0004110665,723414.9997685358,724644.9997800932,725292.9999194251,725295.0000858768,734995.999645785,735870.9997023953,741060.0000606708,752457.9997251147
709506.000077213,713158.0003934667,715327.0004110665,716477.9998929249,723414.9997685358,724644.9997800932,725292.9999194251,725295.0000858768,734995.999645785,752457.9997251147,760452.9998701412
709506.000077213,713158.0003934667,716477.9998929249,717313.000980386,723414.9997685358,724644.9997800932,725292.9999194251,725295.0000858768,734995.999645785,750471.9991557951,760452.9998701412
698834.9999850835,709506.000077213,716477.9998929249,717313.000980386,724644.9997800932,725292.9999194251,725295.0000858768,734995.999645785,737738.0001769192,750471.9991557951,760452.9998701412
698834.9999850835,716477.9998929249,717313.000980386,720082.9997574979,724418.9999655001,724644.9997800932,725292.9999194251,725295.0000858768,737738.0001769192,750471.9991557951,760452.9998701412
698834.9999850835,716477.9998929249,717313.000980386,720082.9997574979,720878.9996043649,724418.9999655001,725295.0000858768,729059.0000951535,737738.0001769192,750471.9991557951,760452.9998701412
698834.9999850835,712942.0001182985,716477.9998929249,717313.000980386,720082.9997574979,720878.9996043649,724418.9999655001,737738.0001769192,741412.0000627318,750471.9991557951,760452.9998701412
698834.9999850835,710523.9998439873,717313.000980386,718896.0001672361,720082.9997574979,720878.9996043649,724418.9999655001,737738.0001769192,741412.0000627318,750471.9991557951,760452.9998701412
695374.0001055569,710523.9998439873,717313.000980386,718896.0001672361,720082.9997574979,720878.9996043649,724418.9999655001,741199.0000564457,741412.0000627318,750471.9991557951,760452.9998701412
695374.0001055569,710523.9998439873,717313.000980386,718896.0001672361,720414.9998641934,720878.9996043649,724418.9999655001,740866.9999497503,741412.0000627318,750471.9991557951,760452.9998701412
695374.0001055569,710523.9998439873,718896.0001672361,720414.9998641934,720878.9996043649,724418.9999655001,732755.9999286261,735029.000207555,740866.9999497503,741412.0000627318,760452.9998701412
695374.0001055569,710523.9998439873,714657.0000011747,720414.9998641934,720878.9996043649,724418.9999655001,732755.9999286261,735029.000207555,740866.9999497503,745651.0002287931,760452.9998701412
695374.0001055569,710523.9998439873,714657.0000011747,720186.9993229479,720414.9998641934,720878.9996043649,724418.9999655001,740866.9999497503,745651.0002287931,747598.0008132332,760452.9998701412
695374.0001055569,700731.999991766,720186.9993229479,720414.9998641934,720878.9996043649,724418.9999655001,724448.9998533961,740866.9999497503,745651.0002287931,747598.0008132332,760452.9998701412
695374.0001055569,700731.999991766,719125.0001187755,720186.9993229479,720414.9998641934,720878.9996043649,724448.9998533961,745651.0002287931,746160.9997964748,747598.0008132332,760452.9998701412
695374.0001055569,700731.999991766,719125.0001187755,720186.9993229479,720414.9998641934,720878.9996043649,731230.9998204438,745651.0002287931,746160.9997964748,747598.0008132332,753670.9999030934
695374.0001055569,700731.999991766,719125.0001187755,720186.9993229479,720414.9998641934,727072.9999839596,731230.9998204438,739456.9998491984,746160.9997964748,747598.0008132332,753670.9999030934
695374.0001055569,716413.9998569348,719125.0001187755,720186.9993229479,720414.9998641934,723774.9999840296,727072.9999839596,731230.9998204438,746160.9997964748,747598.0008132332,753670.9999030934
695374.0001055569,716413.9998569348,720186.9993229479,720414.9998641934,723311.9996489717,723774.9999840296,727072.9999839596,731230.9998204438,741974.0002662786,747598.0008132332,753670.9999030934
695374.0001055569,716413.9998569348,720186.9993229479,720414.9998641934,723774.9999840296,727072.9999839596,728409.9994942386,731230.9998204438,736876.0004210117,747598.0008132332,753670.9999030934
695374.0001055569,713684.0005060647,720186.9993229479,720414.9998641934,723774.9999840296,727072.9999839596,728409.9994942386,731230.9998204438,736876.0004210117,750328.0001641032,753670.9999030934
695374.0001055569,702986.9998834736,720414.9998641934,723774.9999840296,727072.9999839596,728409.9994942386,730883.999945539,731230.9998204438,736876.0004210117,750328.0001641032,753670.9999030934
695374.0001055569,702986.9998834736,719317.0000224891,720414.9998641934,728409.9994942386,730883.999945539,731230.9998204438,731530.9999455,736876.0004210117,750328.0001641032,753670.9999030934
695374.0001055569,702986.9998834736,712866.0002964935,719317.0000224891,728409.9994942386,730883.999945539,731230.9998204438,731530.9999455,744424.9999887116,750328.0001641032,753670.9999030934
702986.9998834736,705171.9998816813,712866.0002964935,718611.9997181143,719317.0000224891,730883.999945539,731230.9998204438,731530.9999455,744424.9999887116,750328.0001641032,753670.9999030934
702986.9998834736,705171.9998816813,717671.9999896247,718611.9997181143,719317.0000224891,726725.0002523689,730883.999945539,731230.9998204438,744424.9999887116,750328.0001641032,753670.9999030934
702986.9998834736,705171.9998816813,717671.9999896247,718611.9997181143,719317.0000224891,730883.999945539,731230.9998204438,735058.00028603,741995.0001304421,744424.9999887116,753670.9999030934
702986.9998834736,705171.9998816813,717671.9999896247,718611.9997181143,719317.0000224891,731230.9998204438,732774.9998004537,735058.00028603,740104.0002755275,744424.9999887116,753670.9999030934
699247.0000196018,702986.9998834736,718611.9997181143,719317.0000224891,723596.9998517042,731230.9998204438,732774.9998004537,735058.00028603,740104.0002755275,744424.9999887116,753670.9999030934
702986.9998834736,709492.0000229508,718611.9997181143,719317.0000224891,723596.9998517042,724813.000282681,731230.9998204438,732774.9998004537,740104.0002755275,744424.9999887116,753670.9999030934
704292.9994067019,709492.0000229508,718611.9997181143,719317.0000224891,723596.9998517042,724813.000282681,731230.9998204438,732774.9998004537,738798.0007522992,744424.9999887116,753670.9999030934
704292.9994067019,709492.0000229508,718611.9997181143,719317.0000224891,722219.9998775526,724813.000282681,731230.9998204438,732774.9998004537,738798.0007522992,745801.9999628632,753670.9999030934
698094.9995167674,709492.0000229508,718611.9997181143,719317.0000224891,722219.9998775526,724813.000282681,731230.9998204438,738798.0007522992,738972.9996903881,745801.9999628632,753670.9999030934
698094.9995167674,709492.0000229508,718611.9997181143,719317.0000224891,719612.0003333613,722219.9998775526,724813.000282681,731230.9998204438,745801.9999628632,753670.9999030934,758159.0001093259
698094.9995167674,709492.0000229508,718611.9997181143,719317.0000224891,722219.9998775526,724621.9999880196,724813.000282681,731230.9998204438,745801.9999628632,753149.0004546676,753670.9999030934
698094.9995167674,709492.0000229508,716841.9998253186,719317.0000224891,723989.9997703482,724621.9999880196,724813.000282681,731230.9998204438,745801.9999628632,753149.0004546676,753670.9999030934
698094.9995167674,716841.9998253186,716902.0000039317,719317.0000224891,723820.9998394629,723989.9997703482,724621.9999880196,724813.000282681,745801.9999628632,753149.0004546676,753670.9999030934
698094.9995167674,713819.0003647654,716841.9998253186,716902.0000039317,719317.0000224891,723820.9998394629,723989.9997703482,724621.9999880196,753149.0004546676,753670.9999030934,756795.9998807787
698094.9995167674,700286.0000117529,716841.9998253186,716902.0000039317,719317.0000224891,723820.9998394629,723989.9997703482,738155.000341032,753149.0004546676,753670.9999030934,756795.9998807787
698094.9995167674,716841.9998253186,716902.0000039317,719317.0000224891,723820.9998394629,723989.9997703482,724728.0008389658,728706.9996274548,738155.000341032,753670.9999030934,756795.9998807787
699187.9994782803,716841.9998253186,716902.0000039317,719317.0000224891,723820.9998394629,723989.9997703482,724728.0008389658,727613.9996659419,738155.000341032,753670.9999030934,756795.9998807787
699187.9994782803,716841.9998253186,716902.0000039317,723820.9998394629,723989.9997703482,724728.0008389658,727613.9996659419,728559.9999020544,738155.000341032,744428.0000235281,756795.9998807787
701070.999467671,716841.9998253186,716902.0000039317,723820.9998394629,723989.9997703482,724728.0008389658,727613.9996659419,728559.9999020544,736272.0003516413,744428.0000235281,756795.9998807787
701070.999467671,712868.0000006959,716841.9998253186,723820.9998394629,723989.9997703482,724728.0008389658,727613.9996659419,732593.9999052902,736272.0003516413,744428.0000235281,756795.9998807787
701070.999467671,712868.0000006959,716841.9998253186,723989.9997703482,724728.0008389658,725683.9996228404,727613.9996659419,730731.0001219127,736272.0003516413,744428.0000235281,756795.9998807787
701070.999467671,712868.0000006959,713162.0001115242,716841.9998253186,723989.9997703482,724728.0008389658,725683.9996228404,736272.0003516413,744428.0000235281,745182.9996763304,756795.9998807787
701070.999467671,707248.0000843277,716841.9998253186,718782.0000278925,723989.9997703482,724728.0008389658,725683.9996228404,736272.0003516413,744428.0000235281,745182.9996763304,756795.9998807787
701070.999467671,701721.9998445407,707248.0000843277,718782.0000278925,724728.0008389658,725683.9996228404,736272.0003516413,739109.999751126,744428.0000235281,745182.9996763304,756795.9998807787
695369.9999303636,701721.9998445407,707248.0000843277,718782.0000278925,725683.9996228404,730429.0003762732,736272.0003516413,739109.999751126,744428.0000235281,745182.9996763304,756795.9998807787
695369.9999303636,701721.9998445407,715270.000086055,718782.0000278925,725683.9996228404,728250.000349914,730429.0003762732,739109.999751126,744428.0000235281,745182.9996763304,756795.9998807787
695369.9999303636,701721.9998445407,715370.9999753416,718681.000138606,725683.9996228404,728250.000349914,730429.0003762732,739109.999751126,744428.0000235281,745182.9996763304,756795.9998807787
695369.9999303636,701721.9998445407,714699.9998606879,718681.000138606,725683.9996228404,728921.0004645677,730429.0003762732,739109.999751126,744428.0000235281,745182.9996763304,756795.9998807787
695369.9999303636,701721.9998445407,714699.9998606879,718681.000138606,720771.0003701198,725683.9996228404,738579.000470721,739109.999751126,744428.0000235281,745182.9996763304,756795.9998807787
695369.9999303636,701721.9998445407,714699.9998606879,720771.0003701198,723112.9996627131,725683.9996228404,738579.000470721,739109.999751126,740751.0001522232,744428.0000235281,756795.9998807787
695369.9999303636,701721.9998445407,714699.9998606879,717585.0001390135,720771.0003701198,725683.9996228404,738579.000470721,739109.999751126,744428.0000235281,746278.9996759228,756795.9998807787
695369.9999303636,714136.0003050498,714699.9998606879,717585.0001390135,720771.0003701198,725683.9996228404,726165.000010212,739109.999751126,744428.0000235281,746278.9996759228,756795.9998807787
695369.9999303636,712941.0002149049,714136.0003050498,714699.9998606879,717585.0001390135,720771.0003701198,725683.9996228404,744428.0000235281,746278.9996759228,752333.9995464331,756795.9998807787
695369.9999303636,712696.9999623698,714136.0003050498,714944.000113223,717585.0001390135,720771.0003701198,725683.9996228404,744428.0000235281,746278.9996759228,752333.9995464331,756795.9998807787
695369.9999303636,712613.000027998,714136.0003050498,714944.000113223,717669.0000733853,720771.0003701198,725683.9996228404,744428.0000235281,746278.9996759228,752333.9995464331,756795.9998807787
695369.9999303636,712613.000027998,714136.0003050498,716735.999616741,717669.0000733853,720771.0003701198,725683.9996228404,744428.0000235281,746278.9996759228,750542.0000429152,756795.9998807787
695369.9999303636,712613.000027998,716735.999616741,717669.0000733853,719185.0001828766,720771.0003701198,725683.9996228404,744428.0000235281,746278.9996759228,750542.0000429152,751747.0000029521
695369.9999303636,712613.000027998,712707.9998507204,716735.999616741,719185.0001828766,720771.0003701198,730644.9998455053,744428.0000235281,746278.9996759228,750542.0000429152,751747.0000029521
695369.9999303636,712613.000027998,712707.9998507204,717684.9999916386,718235.999807979,720771.0003701198,730644.9998455053,744428.0000235281,746278.9996759228,750542.0000429152,751747.0000029521
695369.9999303636,712707.9998507204,717684.9999916386,718235.999807979,720771.0003701198,729467.000045323,730644.9998455053,733688.0000255902,744428.0000235281,746278.9996759228,751747.0000029521
695369.9999303636,712707.9998507204,717684.9999916386,718235.999807979,720771.0003701198,728197.99933627,729467.000045323,730644.9998455053,733688.0000255902,751747.0000029521,762509.0003631809
695369.9999303636,712707.9998507204,714083.0000761867,717684.9999916386,718235.999807979,720771.0003701198,728197.99933627,730644.9998455053,749071.9999947265,751747.0000029521,762509.0003631809
695369.9999303636,712707.9998507204,717684.9999916386,718235.999807979,720771.0003701198,728197.99933627,729890.0000597743,730644.9998455053,733265.000011139,751747.0000029521,762509.0003631809
695369.9999303636,714579.9997856248,717684.9999916386,718235.999807979,720771.0003701198,728197.99933627,728772.999910601,729890.0000597743,733265.000011139,751747.0000029521,762509.0003631809
695833.0002614269,714579.9997856248,717684.9999916386,718235.999807979,720308.0000390565,728197.99933627,728772.999910601,729890.0000597743,733265.000011139,751747.0000029521,762509.0003631809
695833.0002614269,711019.0001183837,714579.9997856248,717684.9999916386,720308.0000390565,728197.99933627,728772.999910601,729890.0000597743,740481.9997007343,751747.0000029521,762509.0003631809
695833.0002614269,698380.0000660556,714579.9997856248,717684.9999916386,728197.99933627,728772.999910601,729890.0000597743,732947.0000913846,740481.9997007343,751747.0000029521,762509.0003631809
695833.0002614269,714579.9997856248,717684.9999916386,717903.0000026837,728197.99933627,728772.999910601,729890.0000597743,732224.0000663239,732947.0000913846,740481.9997007343,762509.0003631809
695833.0002614269,714579.9997856248,717684.9999916386,717903.0000026837,728772.999910601,729890.0000597743,732224.0000663239,732947.0000913846,740481.9997007343,741826.000193894,748880.9995055569
714579.9997856248,717684.9999916386,717903.0000026837,719456.000216943,725257.9995500408,728772.999910601,729890.0000597743,732224.0000663239,732947.0000913846,740481.9997007343,741826.000193894
713091.9999054591,717684.9999916386,717903.0000026837,719456.000216943,725257.9995500408,729890.0000597743,730260.9997907666,732224.0000663239,732947.0000913846,740481.9997007343,741826.000193894
713091.9999054591,717684.9999916386,718673.9999954635,719456.000216943,725257.9995500408,729890.0000597743,730260.9997907666,731453.0000735441,732947.0000913846,740481.9997007343,741826.000193894
707853.0000435294,713091.9999054591,718673.9999954635,719456.000216943,725257.9995500408,729890.0000597743,730260.9997907666,732947.0000913846,740481.9997007343,741285.0000216532,741826.000193894
707853.0000435294,713091.9999054591,716193.0002626413,718673.9999954635,725257.9995500408,729890.0000597743,730260.9997907666,736210.0000456863,740481.9997007343,741285.0000216532,741826.000193894
713091.9999054591,713384.0000056025,716193.0002626413,718673.9999954635,725257.9995500408,729890.0000597743,730260.9997907666,734950.9997386612,736210.0000456863,741285.0000216532,741826.000193894
713384.0000056025,714318.9999573171,716193.0002626413,718673.9999954635,725257.9995500408,729890.0000597743,730260.9997907666,734950.9997386612,736210.0000456863,740599.000142036,741285.0000216532
713384.0000056025,714318.9999573171,715979.99992196,716193.0002626413,718673.9999954635,729890.0000597743,730260.9997907666,734950.9997386612,736210.0000456863,741285.0000216532,749876.9997701168
714318.9999573171,715979.99992196,716193.0002626413,718673.9999954635,719372.0000101686,729890.0000597743,730222.0000411201,730260.9997907666,734950.9997386612,741285.0000216532,749876.9997701168
712941.9999726795,715979.99992196,716193.0002626413,718673.9999954635,719372.0000101686,730222.0000411201,730260.9997907666,731267.0000444119,734950.9997386612,741285.0000216532,749876.9997701168
711053.0002862564,712941.9999726795,715979.99992196,718673.9999954635,724511.9999865536,730222.0000411201,730260.9997907666,731267.0000444119,734950.9997386612,741285.0000216532,749876.9997701168
711053.0002862564,712941.9999726795,718673.9999954635,719714.9999463725,724511.9999865536,727532.0000199995,730222.0000411201,730260.9997907666,734950.9997386612,741285.0000216532,749876.9997701168
711053.0002862564,712941.9999726795,718673.9999954635,719714.9999463725,724511.9999865536,727532.0000199995,730222.0000411201,730260.9997907666,731531.000004528,744704.9997557865,749876.9997701168
708879.0002983887,712941.9999726795,718673.9999954635,719714.9999463725,724511.9999865536,727532.0000199995,730260.9997907666,731531.000004528,732396.0000289879,744704.9997557865,749876.9997701168
708879.0002983887,712941.9999726795,719714.9999463725,721532.0000569725,724511.9999865536,727532.0000199995,728672.999943019,730260.9997907666,732396.0000289879,744704.9997557865,749876.9997701168
712941.9999726795,715619.0001477997,717772.0001371425,719714.9999463725,721532.0000569725,727532.0000199995,728672.999943019,730260.9997907666,732396.0000289879,744704.9997557865,749876.9997701168
692436.0009190764,712941.9999726795,719714.9999463725,721532.0000569725,727532.0000199995,728672.999943019,730260.9997907666,732396.0000289879,740954.9993658657,744704.9997557865,749876.9997701168
692436.0009190764,712941.9999726795,717691.00006837,719714.9999463725,721532.0000569725,727532.0000199995,728672.999943019,730260.9997907666,740954.9993658657,749876.9997701168,759409.9997164044
692436.0009190764,712941.9999726795,717691.00006837,721532.0000569725,727532.0000199995,728672.999943019,730260.9997907666,730570.9999597956,739020.9997566936,740954.9993658657,759409.9997164044
692436.0009190764,712941.9999726795,715313.9997934238,717691.00006837,721532.0000569725,728672.999943019,730260.9997907666,730570.9999597956,740954.9993658657,751238.9999832693,759409.9997164044
692436.0009190764,712941.9999726795,715313.9997934238,717691.00006837,721532.0000569725,725672.999905842,728672.999943019,730570.9999597956,740954.9993658657,755826.9998681939,759409.9997164044
692436.0009190764,712941.9999726795,717691.00006837,721532.0000569725,722714.9998270547,723169.9999261647,725672.999905842,728672.999943019,740954.9993658657,755826.9998681939,759409.9997164044
692436.0009190764,710696.0001289477,712941.9999726795,721532.0000569725,722714.9998270547,723169.9999261647,725672.999905842,735667.9998824414,740954.9993658657,755826.9998681939,759409.9997164044
692436.0009190764,710696.0001289477,712941.9999726795,716397.9998039671,722714.9998270547,723169.9999261647,725672.999905842,740802.0001354468,740954.9993658657,755826.9998681939,759409.9997164044
692436.0009190764,712941.9999726795,716397.9998039671,722714.9998270547,723169.9999261647,725672.999905842,726265.9998508045,740802.0001354468,740954.9993658657,743839.9999945476,755826.9998681939
708212.9995841967,712941.9999726795,716397.9998039671,722714.9998270547,723169.9999261647,725178.0007007454,725672.999905842,726265.9998508045,740802.0001354468,743839.9999945476,755826.9998681939
708212.9995841967,712941.9999726795,716397.9998039671,722714.9998270547,723169.9999261647,725178.0007007454,726265.9998508045,731932.9997618842,740802.0001354468,743839.9999945476,749567.0000121517
708134.9999639858,708212.9995841967,712941.9999726795,716397.9998039671,725178.0007007454,726265.9998508045,731932.9997618842,737749.9997892337,740802.0001354468,743839.9999945476,749567.0000121517
708134.9999639858,708212.9995841967,712941.9999726795,725178.0007007454,726265.9998508045,727821.9996292881,729378.0003101258,731932.9997618842,737749.9997892337,743839.9999945476,749567.0000121517
708134.9999639858,708212.9995841967,712941.9999726795,713291.0000769693,725178.0007007454,727821.9996292881,731932.9997618842,737749.9997892337,742353.000083961,743839.9999945476,749567.0000121517
708134.9999639858,708212.9995841967,712941.9999726991,713291.0000769693,725178.0007007454,727821.9996292881,731932.9997618842,737749.9997892337,742353.0000839414,743839.9999945476,749567.0000121517
708134.9999639858,708212.9995841967,713291.0000769693,723922.9999254232,725178.0007007454,727821.9996292881,731932.9997618842,737749.9997892337,738586.0000594276,742353.0000839414,743839.9999945476
708212.9995841967,708294.9999874602,713291.0000769693,723922.9999254232,725178.0007007454,727821.9996292881,731932.9997618842,737589.9997657592,738586.0000594276,742353.0000839414,743839.9999945476
708212.9995841967,708294.9999874602,713291.0000769693,719644.9999480802,725178.0007007454,727821.9996292881,731932.9997618842,738586.0000594276,741867.9997431022,742353.0000839414,743839.9999945476
708212.9995841967,708294.9999874602,713291.0000769693,715992.9999893369,725178.0007007454,727821.9996292881,735584.9997206274,738586.0000594276,741867.9997431022,742353.0000839414,743839.9999945476
708212.9995841967,708294.9999874602,713745.0000155368,715992.9999893369,725178.0007007454,727821.9996292881,735584.9997206274,738586.0000594276,741867.9997431022,741899.0001453739,743839.9999945476
702556.9997218511,708294.9999874602,713745.0000155368,715992.9999893369,727821.9996292881,730834.000563091,735584.9997206274,738586.0000594276,741867.9997431022,741899.0001453739,743839.9999945476
702556.9997218511,708294.9999874602,715992.9999893369,717710.9997669875,727821.9996292881,730834.000563091,735584.9997206274,737933.0003939231,738586.0000594276,741867.9997431022,743839.9999945476
702556.9997218511,715992.9999893369,716403.9999249985,717710.9997669875,727821.9996292881,730477.0001218893,730834.000563091,735584.9997206274,737933.0003939231,741867.9997431022,743839.9999945476
702556.9997218511,715992.9999893369,717710.9997669875,722925.0000916757,723955.9999552121,727821.9996292881,730834.000563091,735584.9997206274,737933.0003939231,741867.9997431022,743839.9999945476
702556.9997218511,715992.9999893369,717710.9997669875,722925.0000916757,727821.9996292881,730834.000563091,733066.9999442288,734729.0000055309,735584.9997206274,737933.0003939231,741867.9997431022
702556.9997218511,715044.9999793434,715992.9999893369,722925.0000916757,727821.9996292881,730834.000563091,733066.9999442288,734729.0000055309,735584.9997206274,740599.0001815672,741867.9997431022
702556.9997218511,714559.9995750856,715044.9999793434,715992.9999893369,722925.0000916757,727821.9996292881,730834.000563091,733066.9999442288,735584.9997206274,740599.0001815672,762037.0001735475
702556.9997218511,714534.9999850853,714559.9995750856,715992.9999893369,722925.0000916757,727821.9996292881,730834.000563091,733576.9999384868,735584.9997206274,740599.0001815672,762037.0001735475
702556.9997218511,714534.9999850853,714559.9995750856,715992.9999893369,722925.0000916757,727821.9996292881,730834.000563091,735139.0001142732,735584.9997206274,739037.0000057808,762037.0001735475
702556.9997218511,714534.9999850853,714559.9995750856,715472.9996732665,715992.9999893369,727821.9996292881,730834.000563091,735139.0001142732,739037.0000057808,743037.0001390366,762037.0001735475
714534.9999850853,714559.9995750856,714851.9998376598,715472.9996732665,715992.9999893369,718539.0004472823,727821.9996292881,735139.0001142732,739037.0000057808,743037.0001390366,762037.0001735475
714534.9999850853,714559.9995750856,714851.9998376598,715472.9996732665,718539.0004472823,727821.9996292881,735139.0001142732,738449.0001072055,739037.0000057808,739581.000055679,743037.0001390366
714534.9999850853,714851.9998376598,715472.9996732665,718539.0004472823,721053.9999686086,727821.9996292881,731954.9997136826,735139.0001142732,739037.0000057808,739581.000055679,743037.0001390366
714534.9999850853,714851.9998376598,715472.9996732665,718539.0004472823,723014.0000487223,727821.9996292881,731954.9997136826,735139.0001142732,737620.9999755654,739037.0000057808,743037.0001390366
714851.9998376598,715472.9996732665,717564.0001636407,718539.0004472823,723014.0000487223,727821.9996292881,731954.9997136826,732109.9999357178,737620.9999755654,739037.0000057808,743037.0001390366
694615.9997828387,715472.9996732665,717564.0001636407,723014.0000487223,727821.9996292881,731954.9997136826,732109.9999357178,737620.9999755654,738775.0005021034,739037.0000057808,743037.0001390366
694615.9997828387,715472.9996732665,717564.0001636407,726751.9997162098,727821.9996292881,728217.000046195,732109.9999357178,737620.9999755654,738775.0005021034,739037.0000057808,743037.0001390366
694615.9997828387,715472.9996732665,717489.9998003243,726751.9997162098,727821.9996292881,728217.000046195,732184.0002990342,737620.9999755654,738775.0005021034,739037.0000057808,743037.0001390366
694615.9997828387,715472.9996732665,717489.9998003243,726751.9997162098,727821.9996292881,728217.000046195,731593.9999925632,732184.0002990342,737620.9999755654,738775.0005021034,750480.0001522541
694615.9997828387,713220.9999503593,715472.9996732665,726751.9997162098,727821.9996292881,728217.000046195,731593.9999925632,732184.0002990342,737620.9999755654,738775.0005021034,754749.0000022191
694615.9997828387,713220.9999503593,715472.9996732665,725812.9999738951,727821.9996292881,729155.9997885097,731593.9999925632,732184.0002990342,737620.9999755654,738775.0005021034,754749.0000022191
694615.9997828387,713220.9999503593,715472.9996732665,724998.999971255,727821.9996292881,729969.9997911499,731593.9999925632,732184.0002990342,737620.9999755654,738775.0005021034,754749.0000022191
713071.0000465915,713220.9999503593,715472.9996732665,720320.0002383506,724998.999971255,727821.9996292881,729969.9997911499,731593.9999925632,732184.0002990342,737620.9999755654,754749.0000022191
713071.0000465915,713220.9999503593,715472.9996732665,720320.0002383506,724243.0002548276,724998.999971255,729969.9997911499,731593.9999925632,735762.9996734948,737620.9999755654,754749.0000022191
712529.0000046977,713071.0000465915,715472.9996732665,720320.0002383506,724243.0002548276,724998.999971255,729969.9997911499,731593.9999925632,735762.9996734948,738312.999921227,754749.0000022191
713071.0000465915,714581.9999975307,715472.9996732665,720320.0002383506,724243.0002548276,724998.999971255,729969.9997911499,731593.9999925632,735762.9996734948,736259.999928394,754749.0000022191
713071.0000465915,714581.9999975307,715472.9996732665,720320.0002383506,724243.0002548276,726424.9997846829,728543.999977722,731593.9999925632,735762.9996734948,736259.999928394,754749.0000022191
713071.0000465915,713442.9999046162,715472.9996732665,720320.0002383506,724243.0002548276,726424.9997846829,728543.999977722,731593.9999925632,735762.9996734948,737399.0000213085,754749.0000022191
713071.0000465915,713442.9999046162,715472.9996732665,719364.999701207,720320.0002383506,726424.9997846829,728543.999977722,731593.9999925632,737399.0000213085,740641.0002271153,754749.0000022191
713071.0000465915,713442.9999046162,715472.9996732665,718684.9999679303,719364.999701207,728060.0000551032,728543.999977722,731593.9999925632,737399.0000213085,740641.0002271153,754749.0000022191
713071.0000465915,715472.9996732665,715758.9999159203,718684.9999679303,719364.999701207,728060.0000551032,728543.999977722,731593.9999925632,737399.0000213085,738325.0002158112,754749.0000022191
713071.0000465915,715472.9996732665,715758.9999159203,718684.9999679303,719364.999701207,721638.9999838317,728060.0000551032,731593.9999925632,738325.0002158112,744304.0000151988,754749.0000022191
713071.0000465915,715472.9996732665,715758.9999159203,717837.9996878773,718684.9999679303,721638.9999838317,728060.0000551032,731593.9999925632,739852.000229141,744304.0000151988,754749.0000022191
713071.0000465915,715472.9996732665,715758.9999159203,718684.9999679303,721638.9999838317,722030.0003535374,728060.0000551032,731593.9999925632,735659.9995634807,744304.0000151988,754749.0000022191
713071.0000465915,715472.9996732665,715641.9998546466,715758.9999159203,721638.9999838317,722030.0003535374,731103.0001683868,731593.9999925632,735659.9995634807,744304.0000151988,754749.0000022191
713792.9997561491,715472.9996732665,715641.9998546466,715758.9999159203,721638.9999838317,722030.0003535374,730381.0004588292,731593.9999925632,735659.9995634807,744304.0000151988,754749.0000022191
713792.9997561491,714860.0002602268,715472.9996732665,715758.9999159203,721638.9999838317,722030.0003535374,731163.0000532491,731593.9999925632,735659.9995634807,744304.0000151988,754749.0000022191
713792.9997561491,714860.0002602268,715472.9996732665,721638.9999838317,722030.0003535374,723789.9998439566,727628.9996354445,731163.0000532491,731593.9999925632,744304.0000151988,754749.0000022191
713792.9997561491,714860.0002602268,715472.9996732665,722030.0003535374,723789.9998439566,724563.9999277447,727628.9996354445,728238.000109336,731593.9999925632,744304.0000151988,754749.0000022191
713792.9997561491,714860.0002602268,715472.9996732665,718391.0000437015,722030.0003535374,724563.9999277447,727628.9996354445,728238.000109336,736992.9997928182,744304.0000151988,754749.0000022191
713792.9997561491,714860.0002602268,715472.9996732665,718390.0004848514,718391.0000437015,724563.9999277447,728238.000109336,731268.9995041305,736992.9997928182,744304.0000151988,754749.0000022191
709943.000094538,713792.9997561491,714860.0002602268,715472.9996732665,718390.0004848514,728238.000109336,731268.9995041305,733011.9998769083,736992.9997928182,744304.0000151988,754749.0000022191
709943.000094538,713792.9997561491,714860.0002602268,715472.9996732665,718390.0004848514,727325.9998650514,731268.9995041305,733924.0001211929,736992.9997928182,744304.0000151988,754749.0000022191
709943.000094538,713792.9997561491,714851.0001147939,714860.0002602268,715472.9996732665,727325.9998650514,733924.0001211929,734807.999874188,736992.9997928182,744304.0000151988,754749.0000022191
713792.9997561491,714851.0001147939,714860.0002602268,715472.9996732665,719931.0000110525,724819.9999576735,727325.9998650514,733924.0001211929,736992.9997928182,744304.0000151988,754749.0000022191
713792.9997561491,714851.0001147939,715472.9996732665,715793.0003031626,719931.0000110525,724819.9999576735,726392.9998221155,733924.0001211929,736992.9997928182,744304.0000151988,754749.0000022191
692943.0003930154,714851.0001147939,715472.9996732665,719931.0000110525,724819.9999576735,726392.9998221155,733924.0001211929,736642.9996662963,736992.9997928182,744304.0000151988,754749.0000022191
692943.0003930154,714851.0001147939,715472.9996732665,716679.000011403,719931.0000110525,726392.9998221155,733924.0001211929,736642.9996662963,744304.0000151988,745133.9997390887,754749.0000022191
692943.0003930154,714851.0001147939,715472.9996732665,716679.000011403,719931.0000110525,726392.9998221155,728447.9999193616,736642.9996662963,744304.0000151988,745133.9997390887,760225.0002040504
692943.0003930154,713537.9999206375,714851.0001147939,716679.000011403,719931.0000110525,726392.9998221155,728447.9999193616,736642.9996662963,745133.9997390887,746238.9997678279,760225.0002040504
692943.0003930154,714851.0001147939,716679.000011403,717166.9996682671,719931.0000110525,726392.9998221155,728447.9999193616,736642.9996662963,742610.0000201983,745133.9997390887,760225.0002040504
692943.0003930154,714851.0001147939,716679.000011403,717166.9996682671,719931.0000110525,724264.0000182878,726392.9998221155,736642.9996662963,745133.9997390887,746793.999921272,760225.0002040504
692943.0003930154,714851.0001147939,715005.0000409164,717166.9996682671,721604.9999815391,724264.0000182878,726392.9998221155,736642.9996662963,745133.9997390887,746793.999921272,760225.0002040504
692943.0003930154,714851.0001147939,716550.9998196982,717166.9996682671,721604.9999815391,724264.0000182878,726392.9998221155,736642.9996662963,743587.9999603069,746793.999921272,760225.0002040504
692943.0003930154,714851.0001147939,716550.9998196982,717166.9996682671,724264.0000182878,726392.9998221155,726998.0001531813,736642.9996662963,738194.9997886647,746793.999921272,760225.0002040504
692943.0003930154,709879.9997285472,716550.9998196982,717166.9996682671,724264.0000182878,726392.9998221155,731969.000539428,736642.9996662963,738194.9997886647,746793.999921272,760225.0002040504
692943.0003930154,716153.0004436977,716550.9998196982,717166.9996682671,724264.0000182878,725695.9998242774,726392.9998221155,736642.9996662963,738194.9997886647,746793.999921272,760225.0002040504
692943.0003930154,716153.0004436977,716550.9998196982,717166.9996682671,721074.9998243554,724264.0000182878,725695.9998242774,736642.9996662963,738194.9997886647,752111.9999190322,760225.0002040504
692943.0003930154,716153.0004436977,716550.9998196982,717166.9996682671,717279.999951649,721074.9998243554,725695.9998242774,736642.9996662963,738194.9997886647,759095.999985671,760225.0002040504
692943.0003930154,716153.0004436977,716550.9998196982,717279.999951649,719291.000074682,721074.9998243554,725695.9998242774,736642.9996662963,738194.9997886647,758100.9997976356,759095.999985671
692943.0003930154,716153.0004436977,716550.9998196982,717279.999951649,720303.9997776543,721074.9998243554,725695.9998242774,736642.9996662963,737182.0000856924,758100.9997976356,759095.999985671
700632.999889734,713385.0003276368,716153.0004436977,716550.9998196982,717279.999951649,720303.9997776543,725695.9998242774,736642.9996662963,737182.0000856924,758100.9997976356,759095.999985671
700632.999889734,713385.0003276368,713853.9999552739,716550.9998196982,717279.999951649,720303.9997776543,727995.0003127011,736642.9996662963,737182.0000856924,758100.9997976356,759095.999985671
700632.999889734,713385.0003276368,713853.9999552739,717279.999951649,717593.9997339637,719260.9998633887,727995.0003127011,736642.9996662963,737182.0000856924,758100.9997976356,759095.999985671
700632.999889734,713385.0003276368,717279.999951649,717593.9997339637,718795.9999768302,719260.9998633887,723053.0002911449,736642.9996662963,737182.0000856924,758100.9997976356,759095.999985671
700632.999889734,713385.0003276368,714711.0006733022,717279.999951649,717593.9997339637,719260.9998633887,727137.999594673,736642.9996662963,737182.0000856924,758100.9997976356,759095.999985671
700632.999889734,713385.0003276368,714711.0006733022,717593.9997339637,719260.9998633887,727137.999594673,729593.9999814077,736642.9996662963,737182.0000856924,746781.9999559124,758100.9997976356
700632.999889734,713533.9999462663,714711.0006733022,717593.9997339637,719260.9998633887,727137.999594673,729593.9999814077,736642.9996662963,737182.0000856924,746633.0003372829,758100.9997976356
700632.999889734,707316.9999681764,713533.9999462663,719260.9998633887,724988.0004390896,727137.999594673,729593.9999814077,736642.9996662963,737182.0000856924,746633.0003372829,758100.9997976356
707316.9999681764,713533.9999462663,717149.9998255867,719260.9998633887,724988.0004390896,727137.999594673,729593.9999814077,730116.0004014302,736642.9996662963,737182.0000856924,758100.9997976356
707316.9999681764,713533.9999462663,715712.9998626792,719260.9998633887,724988.0004390896,727137.999594673,729593.9999814077,730116.0004014302,736642.9996662963,738619.0000485999,758100.9997976356
707316.9999681764,713533.9999462663,715712.9998626792,715754.999695357,719260.9998633887,724988.0004390896,727137.999594673,729593.9999814077,738619.0000485999,751004.0003723694,758100.9997976356
702833.9999017759,707316.9999681764,715754.999695357,719260.9998633887,724988.0004390896,726412.9999071696,727137.999594673,729593.9999814077,738619.0000485999,751004.0003723694,758100.9997976356
702833.9999017759,707316.9999681764,713246.0001553389,719260.9998633887,724988.0004390896,726412.9999071696,727137.999594673,729593.9999814077,738619.0000485999,753512.9999123876,758100.9997976356
702833.9999017759,707316.9999681764,713246.0001553389,713518.9999761767,719260.9998633887,724988.0004390896,727137.999594673,729593.9999814077,751512.9999795929,753512.9999123876,758100.9997976356
702833.9999017759,707316.9999681764,713246.0001553389,719260.9998633887,720795.0000264406,722317.9999311437,724988.0004390896,727137.999594673,751512.9999795929,753512.9999123876,758100.9997976356
691248.9999132066,707316.9999681764,713246.0001553389,719260.9998633887,722317.9999311437,724988.0004390896,727137.999594673,732380.0000150099,751512.9999795929,753512.9999123876,758100.9997976356
691248.9999132066,707316.9999681764,713246.0001553389,719260.9998633887,721068.0000210113,722317.9999311437,731058.0000127513,732380.0000150099,751512.9999795929,753512.9999123876,758100.9997976356
691248.9999132066,707316.9999681764,713246.0001553389,719260.9998633887,722065.9999650001,722317.9999311437,730060.0000687626,732380.0000150099,751512.9999795929,753512.9999123876,758100.9997976356
691248.9999132066,707316.9999681764,713246.0001553389,719260.9998633887,722065.9999650001,728547.9998660603,730060.0000687626,732380.0000150099,751512.9999795929,751870.999862719,753512.9999123876
691248.9999132066,707316.9999681764,713246.0001553389,719260.9998633887,722065.9999650001,730060.0000687626,732380.0000150099,733700.000149768,746360.9996958852,751870.999862719,753512.9999123876
691248.9999132066,707316.9999681764,713246.0001553389,717958.9991975927,719260.9998633887,732380.0000150099,733700.000149768,734167.0008361699,746360.9996958852,751870.999862719,753512.9999123876
691248.9999132066,707316.9999681764,713246.0001553389,717958.9991975927,720221.0006253364,732380.0000150099,733207.0000742222,733700.000149768,746360.9996958852,751870.999862719,753512.9999123876
691248.9999132066,707316.9999681764,713246.0001553389,717958.9991975927,720221.0006253364,720598.0000954742,733207.0000742222,733700.000149768,751870.999862719,753512.9999123876,758142.9996154209
691248.9999132066,707316.9999681764,717958.9991975927,720221.0006253364,720598.0000954742,733102.9997478896,733207.0000742222,733656.0003198369,733700.000149768,751870.999862719,758142.9996154209
691248.9999132066,707316.9999681764,715458.0002222243,720598.0000954742,722721.9996007048,733102.9997478896,733207.0000742222,733656.0003198369,733700.000149768,751870.999862719,758142.9996154209
691248.9999132066,707316.9999681764,714160.0000714784,715458.0002222243,720598.0000954742,722721.9996007048,733102.9997478896,733656.0003198369,751870.999862719,752747.0001525118,758142.9996154209
707316.9999681764,714160.0000714784,714824.9998022622,715458.0002222243,720598.0000954742,722721.9996007048,733102.9997478896,733656.0003198369,734566.9997263653,751870.999862719,752747.0001525118
703583.0000285949,707316.9999681764,714160.0000714784,714824.9998022622,720598.0000954742,733102.9997478896,733656.0003198369,734566.9997263653,734596.9997943342,751870.999862719,752747.0001525118
707316.9999681764,714160.0000714784,714824.9998022622,716946.0000619853,720598.0000954742,721233.9997609437,733102.9997478896,733656.0003198369,734566.9997263653,751870.999862719,752747.0001525118
707316.9999681764,714160.0000714784,714824.9998022622,716946.0000619853,720598.0000954742,721233.9997609437,732648.0000581696,734111.0000095569,734566.9997263653,751870.999862719,752747.0001525118
707316.9999681764,713948.0001322851,714160.0000714784,714824.9998022622,720598.0000954742,724231.999690644,732648.0000581696,734111.0000095569,734566.9997263653,751870.999862719,752747.0001525118
707316.9999681764,713948.0001322851,714160.0000714784,714622.9996791488,720598.0000954742,724231.999690644,732648.0000581696,734111.0000095569,734768.9998494787,751870.999862719,752747.0001525118
707316.9999681764,713948.0001322851,714160.0000714784,714622.9996791488,719380.0000141445,724231.999690644,732648.0000581696,734111.0000095569,735986.9999308084,751870.999862719,752747.0001525118
707316.9999681764,712654.0005369056,714160.0000714784,714622.9996791488,719380.0000141445,725525.9992860234,732648.0000581696,734111.0000095569,735986.9999308084,751870.999862719,752747.0001525118
707316.9999681764,712654.0005369056,714160.0000714784,714622.9996791488,719380.0000141445,725525.9992860234,729100.9998728225,732648.0000581696,734111.0000095569,752747.0001525118,758756.9999207049
707316.9999681764,712654.0005369056,714160.0000714784,714622.9996791488,719380.0000141445,721877.0001926306,725525.9992860234,729100.9998728225,744881.9998750959,752747.0001525118,758756.9999207049
707316.9999681764,712654.0005369056,714160.0000714784,714562.0001966342,719440.999496659,721877.0001926306,725525.9992860234,729100.9998728225,744881.9998750959,752747.0001525118,758756.9999207049
707316.9999681764,712654.0005369056,714160.0000714784,714562.0001966342,719440.999496659,724733.9998809358,725525.9992860234,729100.9998728225,742025.0001867907,752747.0001525118,758756.9999207049
707316.9999681764,712654.0005369056,714160.0000714784,714562.0001966342,719440.999496659,724733.9998809358,725525.9992860234,730401.9998665806,742025.0001867907,752747.0001525118,757455.9999269468
707316.9999681764,712654.0005369056,714160.0000714784,714562.0001966342,719440.999496659,720714.0000691765,725525.9992860234,730401.9998665806,746044.9999985499,752747.0001525118,757455.9999269468
707316.9999681764,714160.0000714784,714562.0001966342,717748.9999510415,719440.999496659,720430.9998718875,720714.0000691765,730401.9998665806,746044.9999985499,752747.0001525118,757455.9999269468
707316.9999681764,714160.0000714784,717748.9999510415,719440.999496659,720430.9998718875,720714.0000691765,724143.0001754169,730401.9998665806,743166.000173729,746044.9999985499,757455.9999269468
707316.9999681764,714160.0000714784,719000.000153729,719179.9996692,719440.999496659,720714.0000691765,724143.0001754169,730401.9998665806,743166.000173729,746044.9999985499,757455.9999269468
707316.9999681764,713643.0000215817,714160.0000714784,719440.999496659,720714.0000691765,724143.0001754169,724536.9998013474,730401.9998665806,743166.000173729,746044.9999985499,757455.9999269468
707316.9999681764,713643.0000215817,719107.0000553468,719196.0001915486,719440.999496659,720714.0000691765,724536.9998013474,730401.9998665806,743166.000173729,746044.9999985499,757455.9999269468
707316.9999681764,711492.0001684724,713643.0000215817,719440.999496659,720714.0000691765,724536.9998013474,726811.000078423,730401.9998665806,743166.000173729,746044.9999985499,757455.9999269468
707316.9999681764,711492.0001684724,713643.0000215817,719676.9999581329,720714.0000691765,724536.9998013474,726811.000078423,730401.9998665806,743166.000173729,745808.9995370761,757455.9999269468
707316.9999681764,710593.0000077002,711492.0001684724,713643.0000215817,724536.9998013474,726811.000078423,729798.0000196092,730401.9998665806,743166.000173729,745808.9995370761,757455.9999269468
704832.9999557069,710593.0000077002,713643.0000215817,713976.0001809419,724536.9998013474,726811.000078423,729798.0000196092,730401.9998665806,743166.000173729,745808.9995370761,757455.9999269468
701723.0001233513,704832.9999557069,710593.0000077002,713976.0001809419,726811.000078423,729798.0000196092,730401.9998665806,736456.9996995777,743166.000173729,745808.9995370761,757455.9999269468
701723.0001233513,704832.9999557069,710593.0000077002,713976.0001809419,726811.000078423,730401.9998665806,735599.9999971159,736456.9996995777,740006.9995595694,743166.000173729,757455.9999269468
698406.0000626794,701723.0001233513,710593.0000077002,713976.0001809419,730401.9998665806,733237.9999714504,735599.9999971159,736456.9996995777,740006.9995595694,743166.000173729,757455.9999269468
697610.0001743078,701723.0001233513,710593.0000077002,714772.0000693134,730401.9998665806,733237.9999714504,735599.9999971159,736456.9996995777,740006.9995595694,743166.000173729,757455.9999269468
697610.0001743078,706500.999739952,710593.0000077002,714772.0000693134,730401.9998665806,731679.000082977,733237.9999714504,735599.9999971159,740006.9995595694,743166.000173729,757455.9999269468
697610.0001743078,706500.999739952,710593.0000077002,714772.0000693134,726409.0001368171,730401.9998665806,735599.9999971159,738507.9999176103,740006.9995595694,743166.000173729,757455.9999269468
697610.0001743078,710593.0000077002,714772.0000693134,718922.9998396524,726085.9998179099,726409.0001368171,730401.9998665806,735599.9999971159,740006.9995595694,743166.000173729,757455.9999269468
697610.0001743078,710593.0000077002,718310.9998548788,718922.9998396524,722870.0003512518,726085.9998179099,730401.9998665806,735599.9999971159,740006.9995595694,743166.000173729,757455.9999269468
697610.0001743078,710593.0000077002,718310.9998548788,718922.9998396524,722680.9999783195,726275.0001908422,730401.9998665806,735599.9999971159,740006.9995595694,743166.000173729,757455.9999269468
697610.0001743078,710593.0000077002,718310.9998548788,718341.9995878134,718922.9998396524,722680.9999783195,726275.0001908422,730401.9998665806,743166.000173729,757264.9999688719,757455.9999269468
704774.9997370872,710593.0000077002,718310.9998548788,718341.9995878134,718922.9998396524,722680.9999783195,723237.0003038013,726275.0001908422,743166.000173729,757264.9999688719,757455.9999269468
704774.9997370872,710593.0000077002,718310.9998548788,718922.9998396524,721498.9997186749,722680.9999783195,723237.0003038013,726275.0001908422,740009.0000428675,757264.9999688719,757455.9999269468
704774.9997370872,710593.0000077002,713514.9999645653,718310.9998548788,721498.9997186749,722680.9999783195,723237.0003038013,731683.0000659294,740009.0000428675,757264.9999688719,757455.9999269468
704774.9997370872,710593.0000077002,713514.9999645653,716707.9998004467,718310.9998548788,722680.9999783195,723237.0003038013,736473.9999841576,740009.0000428675,757264.9999688719,757455.9999269468
704774.9997370872,710593.0000077002,713514.9999645653,718310.9998548788,722040.9997653946,722680.9999783195,723237.0003038013,734676.0000779196,736473.9999841576,757264.9999688719,757455.9999269468
704774.9997370872,710593.0000077002,713514.9999645653,718310.9998548788,722680.9999783195,723237.0003038013,724336.9998706536,732379.9999726606,736473.9999841576,757264.9999688719,757455.9999269468
704774.9997370872,710593.0000077002,714135.0000855206,718310.9998548788,722060.9998573642,723237.0003038013,724336.9998706536,732379.9999726606,736473.9999841576,757264.9999688719,757455.9999269468
704774.9997370872,710593.0000077002,714135.0000855206,716074.9998036094,718310.9998548788,723237.0003038013,724336.9998706536,732379.9999726606,742460.0000379124,757264.9999688719,757455.9999269468
698088.9998261544,704774.9997370872,710593.0000077002,714135.0000855206,723237.0003038013,724336.9998706536,732379.9999726606,736296.9998323338,742460.0000379124,757264.9999688719,757455.9999269468
698088.9998261544,704774.9997370872,710593.0000077002,714135.0000855206,720876.0001537384,723237.0003038013,724336.9998706536,736296.9998323338,753963.9998568345,757264.9999688719,757455.9999269468
698088.9998261544,704774.9997370872,710593.0000077002,714135.0000855206,716174.999631305,720876.0001537384,723237.0003038013,736296.9998323338,757264.9999688719,757455.9999269468,762126.0000961833
698088.9998261544,704774.9997370872,710593.0000077002,714135.0000855206,719163.9999834461,720876.0001537384,723237.0003038013,736296.9998323338,757264.9999688719,757455.9999269468,759136.9997440422
698088.9998261544,704774.9997370872,714135.0000855206,719163.9999834461,720378.0002526777,720876.0001537384,723237.0003038013,736296.9998323338,747479.9997238944,757455.9999269468,759136.9997440422
698088.9998261544,704774.9997370872,714135.0000855206,719163.9999834461,720876.0001537384,723237.0003038013,733369.9998472686,734488.0001293035,736296.9998323338,757455.9999269468,759136.9997440422
698088.9998261544,704774.9997370872,714135.0000855206,719163.9999834461,720876.0001537384,723237.0003038013,733430.0003397288,734427.9996368433,736296.9998323338,757455.9999269468,759136.9997440422
698088.9998261544,704774.9997370872,714135.0000855206,719163.9999834461,720876.0001537384,722203.9998780752,733430.0003397288,734427.9996368433,736296.9998323338,757455.9999269468,760170.0001697682
692702.9999179752,704774.9997370872,719163.9999834461,719520.9999936998,720876.0001537384,722203.9998780752,733430.0003397288,734427.9996368433,736296.9998323338,757455.9999269468,760170.0001697682
692702.9999179752,704774.9997370872,715222.9999150422,719520.9999936998,720876.0001537384,726144.9999464791,733430.0003397288,734427.9996368433,736296.9998323338,757455.9999269468,760170.0001697682
692702.9999179752,704774.9997370872,712870.999895832,719520.9999936998,720876.0001537384,728496.9999656893,733430.0003397288,734427.9996368433,736296.9998323338,757455.9999269468,760170.0001697682
692702.9999179752,704774.9997370872,716119.9997449443,719520.9999936998,720876.0001537384,725248.0001165771,733430.0003397288,734427.9996368433,736296.9998323338,757455.9999269468,760170.0001697682
692702.9999179752,704774.9997370872,716119.9997449443,719520.9999936998,720876.0001537384,725248.0001165771,731065.0002932575,736296.9998323338,736792.9996833146,757455.9999269468,760170.0001697682
692702.9999179752,704774.9997370872,716119.9997449443,716999.0002756743,723397.999871764,725248.0001165771,731065.0002932575,736296.9998323338,736792.9996833146,757455.9999269468,760170.0001697682
692702.9999179752,704774.9997370872,713250.9998335408,716999.0002756743,723397.999871764,728117.0000279807,731065.0002932575,736296.9998323338,736792.9996833146,757455.9999269468,760170.0001697682
692702.9999179752,701553.0002498245,704774.9997370872,716999.0002756743,723397.999871764,731065.0002932575,736296.9998323338,736792.9996833146,739814.9996116969,757455.9999269468,760170.0001697682
692702.9999179752,701553.0002498245,704774.9997370872,714231.000145083,716999.0002756743,723397.999871764,736296.9998323338,739814.9996116969,753626.9998314892,757455.9999269468,760170.0001697682
692702.9999179752,704774.9997370872,713751.0002980623,714231.000145083,716999.0002756743,723397.999871764,736296.9998323338,739814.9996116969,741428.9997832513,757455.9999269468,760170.0001697682
692702.9999179752,713751.0002980623,713904.0000430084,714231.000145083,716999.0002756743,723397.999871764,736296.9998323338,739814.9996116969,741428.9997832513,748326.9996210256,760170.0001697682
692554.0002890135,713751.0002980623,713904.0000430084,714231.000145083,716999.0002756743,723546.9995007257,736296.9998323338,739814.9996116969,741428.9997832513,748326.9996210256,760170.0001697682
692554.0002890135,713751.0002980623,714231.000145083,715093.9999674193,716999.0002756743,723546.9995007257,736296.9998323338,739814.9996116969,741428.9997832513,748326.9996210256,758980.0002453573
692554.0002890135,713751.0002980623,715093.9999674193,715918.9998246894,716999.0002756743,723546.9995007257,736296.9998323338,739741.0001036449,739814.9996116969,748326.9996210256,758980.0002453573
697186.0005333163,713751.0002980623,715093.9999674193,715918.9998246894,716999.0002756743,723546.9995007257,731664.9995880309,739741.0001036449,739814.9996116969,748326.9996210256,758980.0002453573
697186.0005333163,714838.9998544526,715093.9999674193,715918.9998246894,716999.0002756743,723546.9995007257,731664.9995880309,738727.0000553067,739741.0001036449,748326.9996210256,758980.0002453573
710935.9998352878,714838.9998544526,715093.9999674193,715918.9998246894,716999.0002756743,717915.0002860593,723546.9995007257,738727.0000553067,739741.0001036449,748326.9996210256,758980.0002453573
710935.9998352878,714838.9998544526,715918.9998246894,716999.0002756743,717915.0002860593,723546.9995007257,726265.9999563065,727555.0000664195,739741.0001036449,748326.9996210256,758980.0002453573
705527.0000078154,710935.9998352878,715918.9998246894,716999.0002756743,717915.0002860593,723546.9995007257,727555.0000664195,735577.9998029437,739741.0001036449,748326.9996210256,758980.0002453573
705527.0000078154,710935.9998352878,714993.99962426,715918.9998246894,716999.0002756743,717915.0002860593,723546.9995007257,735577.9998029437,739741.0001036449,758980.0002453573,760888.0000631851
710935.9998352878,714993.99962426,715918.9998246894,716999.0002756743,717915.0002860593,719934.0001039924,721170.9997067666,723546.9995007257,739741.0001036449,758980.0002453573,760888.0000631851
710935.9998352878,714993.99962426,716129.9997401848,716999.0002756743,717915.0002860593,719934.0001039924,721170.9997067666,723546.9995007257,739530.0001881495,758980.0002453573,760888.0000631851
710935.9998352878,714993.99962426,716129.9997401848,716999.0002756743,717915.0002860593,721170.9997067666,722490.9998262571,723546.9995007257,739530.0001881495,758331.0003409204,758980.0002453573
698580.9997217414,710935.9998352878,714993.99962426,716129.9997401848,717915.0002860593,722490.9998262571,723546.9995007257,739530.0001881495,739589.0002606994,758331.0003409204,758980.0002453573
698580.9997217414,710935.9998352878,714993.99962426,716129.9997401848,717915.0002860593,723546.9995007257,732587.9999592473,739530.0001881495,739589.0002606994,748883.0001123671,758331.0003409204
698580.9997217414,710935.9998352878,714993.99962426,716129.9997401848,717915.0002860593,723546.9995007257,737004.9999045456,739530.0001881495,739589.0002606994,744466.0001670688,758331.0003409204
698580.9997217414,710935.9998352878,716129.9997401848,717915.0002860593,721245.9998470859,723546.9995007257,737004.9999045456,738213.9999442429,739530.0001881495,739589.0002606994,758331.0003409204
698580.9997217414,710935.9998352878,717915.0002860593,721245.9998470859,723546.9995007257,727167.0002664337,737004.9999045456,738213.9999442429,739530.0001881495,739589.0002606994,747293.9998146715
701382.9999002075,710935.9998352878,717915.0002860593,721245.9998470859,723546.9995007257,724365.0000879676,737004.9999045456,738213.9999442429,739530.0001881495,739589.0002606994,747293.9998146715
701382.9999002075,717915.0002860593,721245.9998470859,722945.0000700643,723546.9995007257,724365.0000879676,727580.0000259229,737004.9999045456,738213.9999442429,739530.0001881495,747293.9998146715
706164.0000385141,717915.0002860593,721245.9998470859,722945.0000700643,723546.9995007257,724365.0000879676,727580.0000259229,733432.9998059362,737004.9999045456,739530.0001881495,747293.9998146715
706164.0000385141,712837.0002135311,717915.0002860593,721245.9998470859,723546.9995007257,724365.0000879676,733432.9998059362,737004.9999045456,737687.9998824561,739530.0001881495,747293.9998146715
706164.0000385141,712837.0002135311,715671.9993747207,721245.9998470859,724365.0000879676,725790.0004120643,733432.9998059362,737004.9999045456,737687.9998824561,739530.0001881495,747293.9998146715
706164.0000385141,712837.0002135311,715671.9993747207,721245.9998470859,722430.9998806759,725790.0004120643,735367.0000132279,737004.9999045456,737687.9998824561,739530.0001881495,747293.9998146715
706164.0000385141,713555.0001983572,715671.9993747207,721245.9998470859,721712.9998958498,725790.0004120643,735367.0000132279,737004.9999045456,737687.9998824561,739530.0001881495,747293.9998146715
695272.9999498887,706164.0000385141,715671.9993747207,721245.9998470859,725790.0004120643,735367.0000132279,737004.9999045456,737687.9998824561,739530.0001881495,739995.0001443183,747293.9998146715
706164.0000385141,706616.0000597807,715671.9993747207,721245.9998470859,724023.9999033359,725790.0004120643,737004.9999045456,737687.9998824561,739530.0001881495,739995.0001443183,747293.9998146715
706164.0000385141,706616.0000597807,713278.9999054875,721245.9998470859,724023.9999033359,725790.0004120643,737004.9999045456,739530.0001881495,739995.0001443183,740080.9993516894,747293.9998146715
706164.0000385141,706616.0000597807,713278.9999054875,721245.9998470859,724023.9999033359,732880.9998043888,732989.9999593648,737004.9999045456,739530.0001881495,739995.0001443183,747293.9998146715
696221.999816843,706616.0000597807,713278.9999054875,724023.9999033359,731188.0000687571,732880.9998043888,732989.9999593648,737004.9999045456,739530.0001881495,739995.0001443183,747293.9998146715
696221.999816843,706616.0000597807,713278.9999054875,718722.0001759104,731188.0000687571,732880.9998043888,732989.9999593648,737004.9999045456,739530.0001881495,745296.9998717438,747293.9998146715
696221.999816843,713278.9999054875,718722.0001759104,723442.0002503989,728470.9996811256,731188.0000687571,732880.9998043888,732989.9999593648,737004.9999045456,739530.0001881495,747293.9998146715
696221.999816843,717295.9998225551,718722.0001759104,723442.0002503989,728470.9996811256,728863.9998873213,731188.0000687571,732989.9999593648,737004.9999045456,739530.0001881495,747293.9998146715
696221.999816843,696906.9998826403,723442.0002503989,728470.9996811256,728863.9998873213,731188.0000687571,732989.9999593648,737004.9999045456,739111.0001158251,739530.0001881495,747293.9998146715
696221.999816843,696906.9998826403,723442.0002503989,728863.9998873213,729200.9998778416,731188.0000687571,732989.9999593648,737004.9999045456,739111.0001158251,739530.0001881495,746563.9996179555
696221.999816843,696906.9998826403,718557.0001620519,723442.0002503989,728863.9998873213,729200.9998778416,731188.0000687571,737004.9999045456,739530.0001881495,746563.9996179555,753543.999913138
696221.999816843,696906.9998826403,721490.0002427256,723442.0002503989,728863.9998873213,729200.9998778416,731188.0000687571,737004.9999045456,739530.0001881495,746563.9996179555,750610.9998324643
696221.999816843,701124.0002739852,719224.999859054,721490.0002427256,728863.9998873213,729200.9998778416,731188.0000687571,737004.9999045456,739530.0001881495,746563.9996179555,750610.9998324643
696221.999816843,701124.0002739852,719224.999859054,721490.0002427256,723805.9996743405,728863.9998873213,731188.0000687571,737004.9999045456,744925.0003916506,746563.9996179555,750610.9998324643
696221.999816843,719224.999859054,720864.999938101,721490.0002427256,723805.9996743405,726822.9999538397,728863.9998873213,731188.0000687571,737004.9999045456,744925.0003916506,750610.9998324643
696221.999816843,715080.0001535672,720864.999938101,723805.9996743405,725634.9999482124,726822.9999538397,728863.9998873213,731188.0000687571,737004.9999045456,744925.0003916506,750610.9998324643
696221.999816843,715080.0001535672,720864.999938101,723805.9996743405,725634.9999482124,726822.9999538397,728863.9998873213,729146.9999705647,739046.000002738,744925.0003916506,750610.9998324643
696221.999816843,715080.0001535672,717334.9998634517,720864.999938101,723805.9996743405,725634.9999482124,726822.9999538397,728863.9998873213,744925.0003916506,750610.9998324643,750858.000109851
696221.999816843,717334.9998634517,717736.9999523029,720864.999938101,723805.9996743405,725634.9999482124,726207.0000885855,726822.9999538397,744925.0003916506,750610.9998324643,750858.000109851
696221.999816843,716207.999968791,717736.9999523029,721991.9998327617,723805.9996743405,725634.9999482124,726207.0000885855,726822.9999538397,744925.0003916506,750610.9998324643,750858.000109851
696221.999816843,716207.999968791,717736.9999523029,721991.9998327617,723805.9996743405,725634.9999482124,726207.0000885855,729994.0001855539,741754.0001599364,750610.9998324643,750858.000109851
696221.999816843,716207.999968791,716664.9998396401,717736.9999523029,723805.9996743405,725634.9999482124,726207.0000885855,729994.0001855539,747081.000153058,750610.9998324643,750858.000109851
696221.999816843,716207.999968791,716601.9998222726,717736.9999523029,723805.9996743405,725634.9999482124,726207.0000885855,729994.0001855539,747144.0001704255,750610.9998324643,750858.000109851
696221.999816843,714872.0001527371,716207.999968791,716601.9998222726,717736.9999523029,723805.9996743405,725634.9999482124,726207.0000885855,750610.9998324643,750858.000109851,762266.0002032423
696221.999816843,713754.0001466668,716207.999968791,716601.9998222726,717736.9999523029,723805.9996743405,725634.9999482124,726207.0000885855,750610.9998324643,751976.0001159214,762266.0002032423
696221.999816843,713754.0001466668,716207.999968791,716601.9998222726,717736.9999523029,722296.0002134836,723805.9996743405,729545.9998233144,750610.9998324643,751976.0001159214,762266.0002032423
696221.999816843,713754.0001466668,716207.999968791,716601.9998222726,717736.9999523029,722296.0002134836,729545.9998233144,739315.9997723466,746756.0001052362,750610.9998324643,751976.0001159214
696221.999816843,713754.0001466668,715263.0000130319,716601.9998222726,717736.9999523029,722296.0002134836,729545.9998233144,739315.9997723466,746756.0001052362,750610.9998324643,752921.0000716805
696221.999816843,713754.0001466668,715263.0000130319,716601.9998222726,717736.9999523029,718246.0000284621,733596.0000083358,739315.9997723466,746756.0001052362,750610.9998324643,752921.0000716805
696221.999816843,713754.0001466668,715263.0000130319,716601.9998222726,717417.0002081275,718246.0000284621,733915.9997525112,739315.9997723466,746756.0001052362,750610.9998324643,752921.0000716805
696221.999816843,713754.0001466668,715263.0000130319,716601.9998222726,718246.0000284621,720165.9996907377,733915.9997525112,739315.9997723466,746756.0001052362,747862.0003498541,752921.0000716805
713754.0001466668,715263.0000130319,716601.9998222726,718246.0000284621,720165.9996907377,721595.0001907172,727547.9996978063,733915.9997525112,739315.9997723466,746756.0001052362,747862.0003498541
715263.0000130319,716601.9998222726,718246.0000284621,720165.9996907377,721176.000043906,721595.0001907172,727547.9996978063,733915.9997525112,739315.9997723466,739334.000207997,747862.0003498541
707113.0000531194,716601.9998222726,718246.0000284621,720165.9996907377,721176.000043906,727547.9996978063,729745.0001506298,733915.9997525112,739315.9997723466,739334.000207997,747862.0003498541
703309.0000397854,716601.9998222726,718246.0000284621,720165.9996907377,721176.000043906,727547.9996978063,729745.0001506298,737719.9997658451,739315.9997723466,739334.000207997,747862.0003498541
703309.0000397854,716601.9998222726,719124.9995328601,719287.0001863397,721176.000043906,727547.9996978063,729745.0001506298,737719.9997658451,739315.9997723466,739334.000207997,747862.0003498541
698278.9999854186,719124.9995328601,719287.0001863397,721176.000043906,721631.9998766393,727547.9996978063,729745.0001506298,737719.9997658451,739315.9997723466,739334.000207997,747862.0003498541
692371.9998564882,719124.9995328601,719287.0001863397,721631.9998766393,727083.0001728365,727547.9996978063,729745.0001506298,737719.9997658451,739315.9997723466,739334.000207997,747862.0003498541
692371.9998564882,719124.9995328601,721631.9998766393,727083.0001728365,727547.9996978063,727583.0003023526,729745.0001506298,737719.9997658451,739315.9997723466,739334.000207997,739566.0002338412
692371.9998564882,719124.9995328601,721631.9998766393,723080.9999576083,727083.0001728365,727547.9996978063,727583.0003023526,729745.0001506298,739315.9997723466,739334.000207997,754205.0000420781
713778.9992536529,717927.0008108324,719124.9995328601,721631.9998766393,723080.9999576083,727083.0001728365,727547.9996978063,727583.0003023526,729745.0001506298,739315.9997723466,754205.0000420781
713778.9992536529,717927.0008108324,719124.9995328601,721631.9998766393,724987.0000127072,727083.0001728365,727547.9996978063,727583.0003023526,729745.0001506298,739315.9997723466,752298.9999869792
714486.9999016505,717927.0008108324,719124.9995328601,720923.9992286417,724987.0000127072,727083.0001728365,727547.9996978063,727583.0003023526,729745.0001506298,739315.9997723466,752298.9999869792
714486.9999016505,717927.0008108324,718245.9995945392,720923.9992286417,724987.0000127072,727083.0001728365,727547.9996978063,727583.0003023526,729745.0001506298,739315.9997723466,753177.9999253001
714486.9999016505,717927.0008108324,718245.9995945392,718547.9998809722,720923.9992286417,727083.0001728365,727547.9996978063,727583.0003023526,729745.0001506298,739315.9997723466,759617.0000570351
714486.9999016505,717069.0002939722,717927.0008108324,718547.9998809722,720923.9992286417,727083.0001728365,727547.9996978063,728759.9996029196,729745.0001506298,739315.9997723466,759617.0000570351
714486.9999016505,717069.0002939722,718547.9998809722,720923.9992286417,723292.0000187457,727083.0001728365,727547.9996978063,728759.9996029196,729745.0001506298,733951.0005644332,759617.0000570351
714486.9999016505,717069.0002939722,718547.9998809722,718695.0003057864,720923.9992286417,727083.0001728365,727547.9996978063,728759.9996029196,729745.0001506298,738548.0002773924,759617.0000570351
714486.9999016505,717069.0002939722,718547.9998809722,718632.0004119162,720923.9992286417,727083.0001728365,727547.9996978063,728759.9996029196,729745.0001506298,738611.0001712627,759617.0000570351
713568.0000165169,714486.9999016505,717069.0002939722,718547.9998809722,718632.0004119162,720923.9992286417,727083.0001728365,728759.9996029196,738611.0001712627,743724.9998319192,759617.0000570351
713568.0000165169,717069.0002939722,718547.9998809722,718632.0004119162,719291.0000652163,720923.9992286417,727083.0001728365,728759.9996029196,738611.0001712627,743724.9998319192,754812.9998934693
713568.0000165169,717069.0002939722,718547.9998809722,719291.0000652163,720923.9992286417,722508.9997589393,727083.0001728365,728759.9996029196,734734.0008242396,743724.9998319192,754812.9998934693
713212.0005597129,713568.0000165169,717069.0002939722,718547.9998809722,719291.0000652163,720923.9992286417,727083.0001728365,728759.9996029196,743724.9998319192,744031.0000234661,754812.9998934693
701443.9998057643,713568.0000165169,717069.0002939722,718547.9998809722,719291.0000652163,727083.0001728365,728759.9996029196,732691.9999825903,743724.9998319192,744031.0000234661,754812.9998934693
701443.9998057643,708607.0002872605,713568.0000165169,719291.0000652163,727009.9998876839,727083.0001728365,728759.9996029196,732691.9999825903,743724.9998319192,744031.0000234661,754812.9998934693
701443.9998057643,713166.0003770362,713568.0000165169,719291.0000652163,722450.9997979082,727083.0001728365,728759.9996029196,732691.9999825903,743724.9998319192,744031.0000234661,754812.9998934693
701443.9998057643,713166.0003770362,713568.0000165169,715861.0000716504,722450.9997979082,727083.0001728365,732189.9995964854,732691.9999825903,743724.9998319192,744031.0000234661,754812.9998934693
707230.9996970573,713166.0003770362,713568.0000165169,715861.0000716504,722450.9997979082,726905.0000912973,727083.0001728365,732189.9995964854,743724.9998319192,744031.0000234661,754812.9998934693
713166.0003770362,713568.0000165169,715057.9999959037,715861.0000716504,722450.9997979082,726905.0000912973,727083.0001728365,732189.9995964854,736203.9997246197,743724.9998319192,754812.9998934693
713166.0003770362,713568.0000165169,715057.9999959037,716132.9996784622,722450.9997979082,726905.0000912973,727083.0001728365,731917.9999896736,736203.9997246197,743724.9998319192,754812.9998934693
713166.0003770362,715057.9999959037,716132.9996784622,722450.9997979082,723111.9998601724,726905.0000912973,727083.0001728365,731917.9999896736,734180.9999882637,736203.9997246197,754812.9998934693
712188.0003365166,715057.9999959037,717110.9997189817,722450.9997979082,723111.9998601724,726905.0000912973,727083.0001728365,731917.9999896736,734180.9999882637,736203.9997246197,754812.9998934693
712188.0003365166,715057.9999959037,717110.9997189817,721694.0000594092,722450.9997979082,723111.9998601724,726905.0000912973,731917.9999896736,734180.9999882637,741592.999838047,754812.9998934693
712188.0003365166,713387.9999281056,715057.9999959037,717110.9997189817,722450.9997979082,723111.9998601724,726905.0000912973,731917.9999896736,734180.9999882637,749898.9999693505,754812.9998934693
712188.0003365166,715057.9999959037,715746.9999568209,717110.9997189817,722450.9997979082,723111.9998601724,724546.0000625821,731917.9999896736,734180.9999882637,749898.9999693505,754812.9998934693
712188.0003365166,714157.9999707924,715746.9999568209,717110.9997189817,722450.9997979082,723111.9998601724,725446.0000876933,731917.9999896736,734180.9999882637,749898.9999693505,754812.9998934693
712188.0003365166,714157.9999707924,715746.9999568209,717110.9997189817,722450.9997979082,723111.9998601724,725446.0000876933,731917.9999896736,736070.9999987753,749898.9999693505,752922.9998829577
712188.0003365166,714157.9999707924,715746.9999568209,717110.9997189817,722450.9997979082,723111.9998601724,725446.0000876933,731917.9999896736,736058.9999119858,749898.9999693505,752934.9999697472
712188.0003365166,714157.9999707924,715746.9999568209,717110.9997189817,722244.9999245065,722450.9997979082,725446.0000876933,731917.9999896736,736925.9998476517,749898.9999693505,752934.9999697472
712188.0003365166,712913.9997275127,714157.9999707924,715746.9999568209,717110.9997189817,722450.9997979082,725446.0000876933,731917.9999896736,746257.0000446455,749898.9999693505,752934.9999697472
712188.0003365166,712913.9997275127,714157.9999707924,715569.0000264447,715746.9999568209,717110.9997189817,722450.9997979082,731917.9999896736,746257.0000446455,749898.9999693505,762812.0000309958
711153.9998937612,712188.0003365166,712913.9997275127,715746.9999568209,717110.9997189817,718573.0001034759,722450.9997979082,731917.9999896736,746257.0000446455,749898.9999693505,762812.0000309958
708513.0000752878,712188.0003365166,712913.9997275127,715746.9999568209,717110.9997189817,721213.9999219493,722450.9997979082,731917.9999896736,746257.0000446455,749898.9999693505,762812.0000309958
708513.0000752878,712188.0003365166,715746.9999568209,717110.9997189817,718149.9997138067,721213.9999219493,722450.9997979082,731917.9999896736,741021.0000583516,749898.9999693505,762812.0000309958
704792.9999442041,708513.0000752878,715746.9999568209,718149.9997138067,721213.9999219493,722450.9997979082,724506.0001112942,731917.9999896736,741021.0000583516,749898.9999693505,762812.0000309958
704792.9999442041,708513.0000752878,714910.0000007711,718149.9997138067,721213.9999219493,722450.9997979082,724506.0001112942,731917.9999896736,741021.0000583516,750735.9999254002,762812.0000309958
703479.0003940456,708513.0000752878,714910.0000007711,718149.9997138067,721213.9999219493,722450.9997979082,725819.9996614528,731917.9999896736,741021.0000583516,750735.9999254002,762812.0000309958
703479.0003940456,708513.0000752878,713093.0002364186,718149.9997138067,721213.9999219493,722450.9997979082,725819.9996614528,731917.9999896736,741021.0000583516,752552.9996897528,762812.0000309958
703479.0003940456,708513.0000752878,713093.0002364186,721213.9999219493,722450.9997979082,725819.9996614528,725938.0001278496,731917.9999896736,733232.9996443086,752552.9996897528,762812.0000309958
708513.0000752878,711906.0001098275,713093.0002364186,717392.999945671,721213.9999219493,722450.9997979082,725938.0001278496,731917.9999896736,733232.9996443086,752552.9996897528,762812.0000309958
708513.0000752878,711906.0001098275,713093.0002364186,717392.999945671,721213.9999219493,722450.9997979082,725115.0001082404,731917.9999896736,733232.9996443086,752552.9996897528,763635.000050605
700889.9998350017,708513.0000752878,711906.0001098275,713093.0002364186,721213.9999219493,725115.0001082404,731917.9999896736,733232.9996443086,738953.9999085775,752552.9996897528,763635.000050605
700889.9998350017,711906.0001098275,713093.0002364186,714203.0003269496,715523.9996702875,725115.0001082404,731917.9999896736,733232.9996443086,738953.9999085775,752552.9996897528,763635.000050605
700889.9998350017,711906.0001098275,714203.0003269496,715523.9996702875,725115.0001082404,731917.9999896736,732953.0000643485,733232.9996443086,738953.9999085775,743775.0002226752,752552.9996897528
700889.9998350017,711906.0001098275,712113.9999889851,717613.000008252,725115.0001082404,731917.9999896736,732953.0000643485,733232.9996443086,738953.9999085775,743775.0002226752,752552.9996897528
700889.9998350017,712113.9999889851,717613.000008252,719734.9999117865,725115.0001082404,731125.0001066185,731917.9999896736,732953.0000643485,733232.9996443086,743775.0002226752,752552.9996897528
705441.999891946,712113.9999889851,717613.000008252,719734.9999117865,725115.0001082404,727365.9999327293,731125.0001066185,732953.0000643485,733232.9996443086,743775.0002226752,752552.9996897528
712113.9999889851,713889.0000259841,717613.000008252,718918.9997986911,719734.9999117865,725115.0001082404,731125.0001066185,732953.0000643485,733232.9996443086,743775.0002226752,752552.9996897528
712113.9999889851,713889.0000259841,717613.000008252,718918.9997986911,719734.9999117865,725115.0001082404,726043.0000467406,731125.0001066185,740142.9996619164,743775.0002226752,752552.9996897528
713169.9999244274,713889.0000259841,716557.0000728098,718918.9997986911,719734.9999117865,725115.0001082404,726043.0000467406,731125.0001066185,740142.9996619164,743775.0002226752,752552.9996897528
713169.9999244274,716557.0000728098,717236.9999773246,718918.9997986911,719734.9999117865,725115.0001082404,726043.0000467406,727777.000155278,740142.9996619164,743775.0002226752,752552.9996897528
711564.9997960005,713169.9999244274,716557.0000728098,719734.9999117865,724590.9999800152,725115.0001082404,726043.0000467406,727777.000155278,740142.9996619164,743775.0002226752,752552.9996897528
711564.9997960005,713169.9999244274,716557.0000728098,719047.9999556867,719734.9999117865,725115.0001082404,726043.0000467406,733320.0001796065,740142.9996619164,743775.0002226752,752552.9996897528
711564.9997960005,713169.9999244274,716557.0000728098,719047.9999556867,719734.9999117865,725760.9997208208,726043.0000467406,733320.0001796065,739497.000049336,743775.0002226752,752552.9996897528
711564.9997960005,713169.9999244274,716557.0000728098,719047.9999556867,719734.9999117865,724863.0002573,726043.0000467406,733320.0001796065,740394.9995128568,743775.0002226752,752552.9996897528
711564.9997960005,713169.9999244274,716557.0000728098,719734.9999117865,724607.0000362572,724863.0002573,726043.0000467406,727761.000099036,740394.9995128568,743775.0002226752,752552.9996897528
711564.9997960005,714448.000436858,715278.999560379,719734.9999117865,724607.0000362572,724863.0002573,726043.0000467406,727761.000099036,740394.9995128568,743775.0002226752,752552.9996897528
711564.9997960005,714130.0000535959,714448.000436858,715278.999560379,719734.9999117865,724607.0000362572,724863.0002573,727761.000099036,740394.9995128568,752552.9996897528,755688.0002158199
711564.9997960005,711659.0008289047,714130.0000535959,714448.000436858,715278.999560379,724863.0002573,727761.000099036,732682.999119139,740394.9995128568,752552.9996897528,755688.0002158199
711564.9997960005,711659.0008289047,714448.000436858,715278.999560379,716551.0002153736,724863.0002573,727761.000099036,732682.999119139,740394.9995128568,752552.9996897528,753267.0000540422
708332.0008026947,711564.9997960005,714448.000436858,715278.999560379,716551.0002153736,724863.0002573,731088.000125246,732682.999119139,740394.9995128568,752552.9996897528,753267.0000540422
711564.9997960005,714311.0000399502,714448.000436858,715278.999560379,716551.0002153736,724863.0002573,726703.9998818835,731088.000125246,740394.9995128568,752552.9996897528,753267.0000540422
712691.999754469,713184.0000814818,714448.000436858,715278.999560379,716551.0002153736,724863.0002573,726703.9998818835,731088.000125246,740394.9995128568,752552.9996897528,753267.0000540422
705379.9997343343,713184.0000814818,714448.000436858,715278.999560379,716551.0002153736,724863.0002573,731088.000125246,734015.9999020182,740394.9995128568,752552.9996897528,753267.0000540422
705379.9997343343,712331.999456718,713184.0000814818,716551.0002153736,717395.000540519,724863.0002573,731088.000125246,734015.9999020182,740394.9995128568,752552.9996897528,753267.0000540422
696321.9999800874,705379.9997343343,713184.0000814818,716551.0002153736,724863.0002573,731088.000125246,733405.0000171496,734015.9999020182,740394.9995128568,752552.9996897528,753267.0000540422
696321.9999800874,705379.9997343343,713184.0000814818,724863.0002573,731088.000125246,732647.0000803178,733405.0000171496,734015.9999020182,736456.9998248086,740394.9995128568,753267.0000540422
696321.9999800874,705379.9997343343,713184.0000814818,730554.9998412449,731088.000125246,732647.0000803178,733405.0000171496,734015.9999020182,734702.9999289119,736456.9998248086,753267.0000540422
696321.9999800874,705379.9997343343,713184.0000814818,715399.999888086,730554.9998412449,731088.000125246,733405.0000171496,734015.9999020182,734702.9999289119,753267.0000540422,753704.0000170403
696321.9999800874,705379.9997343343,713750.0002773907,715399.999888086,730554.9998412449,731088.000125246,733405.0000171496,733449.9997061093,734702.9999289119,753267.0000540422,753704.0000170403
696321.9999800874,705379.9997343343,713750.0002773907,715399.999888086,720907.0001771431,730554.9998412449,733405.0000171496,733449.9997061093,734702.9999289119,753704.0000170403,763448.0000021451
696321.9999800874,703001.9997845623,715399.999888086,716128.0002271628,720907.0001771431,730554.9998412449,733405.0000171496,733449.9997061093,734702.9999289119,753704.0000170403,763448.0000021451
696321.9999800874,703001.9997845623,713125.0000064254,715399.999888086,716128.0002271628,720907.0001771431,733405.0000171496,733449.9997061093,752132.9997637314,753704.0000170403,763448.0000021451
696321.9999800874,696488.9999695976,713125.0000064254,715399.999888086,720907.0001771431,722641.0000421276,733405.0000171496,733449.9997061093,752132.9997637314,753704.0000170403,763448.0000021451
696321.9999800874,704048.0000462416,713125.0000064254,715081.9999654836,715399.999888086,720907.0001771431,733405.0000171496,733449.9997061093,752132.9997637314,753704.0000170403,763448.0000021451
696321.9999800874,704048.0000462416,713125.0000064254,715081.9999654836,715399.999888086,720907.0001771431,733449.9997061093,741895.0001109838,752132.9997637314,753704.0000170403,754957.9999083108
696321.9999800874,704048.0000462416,713413.0000259656,715081.9999654836,715399.999888086,720907.0001771431,733449.9997061093,741895.0001109838,752132.9997637314,753704.0000170403,754669.9998887706
696321.9999800874,704048.0000462416,713413.0000259656,714970.9998723563,715081.9999654836,720907.0001771431,733449.9997061093,741895.0001109838,752132.9997637314,753704.0000170403,755098.9999045003
696321.9999800874,704048.0000462416,714970.9998723563,715081.9999654836,720907.0001771431,728106.9999476406,733449.9997061093,740404.9999828254,741895.0001109838,752132.9997637314,753704.0000170403
696321.9999800874,704048.0000462416,715081.9999654836,720907.0001771431,728106.9999476406,730135.9999394671,733449.9997061093,738538.9999499295,740404.9999828254,741895.0001109838,752132.9997637314
696321.9999800874,715081.9999654836,717645.9995164571,719852.0002358938,720907.0001771431,728106.9999476406,730135.9999394671,738538.9999499295,740404.9999828254,741895.0001109838,752132.9997637314
696321.9999800874,715081.9999654836,717645.9995164571,719852.0002358938,720907.0001771431,728106.9999476406,729041.9998475312,739633.0000418654,740404.9999828254,741895.0001109838,752132.9997637314
696321.9999800874,715081.9999654836,716481.9998752236,717645.9995164571,719852.0002358938,720907.0001771431,728106.9999476406,740404.9999828254,741895.0001109838,752132.9997637314,752193.000014173
696321.9999800874,715081.9999654836,717645.9995164571,719852.0002358938,720907.0001771431,721236.9997896983,728106.9999476406,740404.9999828254,741895.0001109838,747438.0000996983,752132.9997637314
696321.9999800874,715081.9999654836,717645.9995164571,719852.0002358938,720907.0001771431,721236.9997896983,726795.0000437973,741716.9998866686,741895.0001109838,747438.0000996983,752132.9997637314
696321.9999800874,714941.9998688428,715081.9999654836,717645.9995164571,719852.0002358938,720907.0001771431,726795.0000437973,741895.0001109838,747438.0000996983,748011.9998075241,752132.9997637314
696321.9999800874,700693.9998463397,714941.9998688428,715081.9999654836,720907.0001771431,726795.0000437973,736803.9999060112,741895.0001109838,747438.0000996983,748011.9998075241,752132.9997637314
696321.9999800874,700693.9998463397,714941.9998688428,715081.9999654836,720907.0001771431,726795.0000437973,728479.0001215057,736803.9999060112,748011.9998075241,752132.9997637314,760854.0000891765
696321.9999800874,700693.9998463397,704643.9998815155,714941.9998688428,726795.0000437973,728479.0001215057,731345.0002611112,736803.9999060112,748011.9998075241,752132.9997637314,760854.0000891765
696321.9999800874,700693.9998463397,704643.9998815155,714941.9998688428,725457.0000640755,728479.0001215057,731345.0002611112,736803.9999060112,748011.9998075241,753470.9997434532,760854.0000891765
696321.9999800874,700693.9998463397,714941.9998688428,725457.0000640755,726898.0001027018,728479.0001215057,731345.0002611112,736803.9999060112,738599.9998679901,748011.9998075241,753470.9997434532
696321.9999800874,700693.9998463397,714941.9998688428,717100.0001106624,725457.0000640755,731345.0002611112,736803.9999060112,738277.0001135451,738599.9998679901,748011.9998075241,753470.9997434532
696321.9999800874,700693.9998463397,714941.9998688428,725457.0000640755,727865.9999783079,731345.0002611112,736803.9999060112,737245.9999398787,738277.0001135451,738599.9998679901,753470.9997434532
700693.9998463397,708078.0003271513,714941.9998688428,725457.0000640755,726520.9997664812,727865.9999783079,731345.0002611112,736803.9999060112,737245.9999398787,738599.9998679901,753470.9997434532
700693.9998463397,708078.0003271513,714941.9998688428,722252.9999663434,725457.0000640755,726520.9997664812,731345.0002611112,736803.9999060112,737245.9999398787,744212.9998799546,753470.9997434532
700693.9998463397,708078.0003271513,722252.9999663434,724707.999903906,725457.0000640755,726520.9997664812,731345.0002611112,734446.9998448914,736803.9999060112,737245.9999398787,753470.9997434532
700693.9998463397,708078.0003271513,712869.9998795064,722252.9999663434,724707.999903906,725457.0000640755,726520.9997664812,731345.0002611112,736803.9999060112,753470.9997434532,758822.9999052637
700693.9998463397,708078.0003271513,709921.9998238517,722252.9999663434,725457.0000640755,726520.9997664812,727655.9999595607,731345.0002611112,736803.9999060112,753470.9997434532,758822.9999052637
700693.9998463397,708078.0003271513,709921.9998238517,712547.0001141441,725457.0000640755,726520.9997664812,731345.0002611112,736803.9999060112,737361.99981176,753470.9997434532,758822.9999052637
700693.9998463397,709921.9998238517,712547.0001141441,714277.0001989277,725457.0000640755,726520.9997664812,731345.0002611112,736803.9999060112,737361.99981176,752624.0000334872,753470.9997434532
700693.9998463397,709921.9998238517,712547.0001141441,714277.0001989277,726520.9997664812,731345.0002611112,731611.9999893885,736803.9999060112,737361.99981176,747315.9998181402,752624.0000334872
700693.9998463397,707165.0002410208,712547.0001141441,714277.0001989277,726520.9997664812,731611.9999893885,734101.9998439421,736803.9999060112,737361.99981176,747315.9998181402,752624.0000334872
702620.9997774807,707165.0002410208,712547.0001141441,714277.0001989277,726520.9997664812,731611.9999893885,734101.9998439421,734876.9999748701,737361.99981176,747315.9998181402,752624.0000334872
702620.9997774807,707165.0002410208,712547.0001141441,713008.9997784636,714277.0001989277,726520.9997664812,734101.9998439421,734876.9999748701,747315.9998181402,752624.0000334872,755965.0000226849
702620.9997774807,707165.0002410208,712547.0001141441,714277.0001989277,716599.9997712512,726520.9997664812,734101.9998439421,734876.9999748701,747315.9998181402,752374.0000298973,752624.0000334872
702620.9997774807,707165.0002410208,714277.0001989277,716599.9997712512,718993.0000774784,726520.9997664812,734101.9998439421,734876.9999748701,746178.0000701529,747315.9998181402,752374.0000298973
707165.0002410208,714277.0001989277,716599.9997712512,718651.0000293441,718846.9997230067,718993.0000774784,726520.9997664812,734101.9998439421,746178.0000701529,747315.9998181402,752374.0000298973
695103.9999255304,714277.0001989277,716599.9997712512,718846.9997230067,718993.0000774784,726520.9997664812,730712.0003448345,734101.9998439421,746178.0000701529,747315.9998181402,752374.0000298973
695103.9999255304,708128.0001151963,714277.0001989277,716599.9997712512,718993.0000774784,726520.9997664812,734101.9998439421,741430.9999526449,746178.0000701529,747315.9998181402,752374.0000298973
695103.9999255304,708128.0001151963,714277.0001989277,718993.0000774784,726520.9997664812,728930.9999550278,733846.9998863763,734101.9998439421,741430.9999526449,747315.9998181402,752374.0000298973
695103.9999255304,708128.0001151963,713592.9999916011,714277.0001989277,718993.0000774784,726520.9997664812,734101.9998439421,741430.9999526449,747315.9998181402,749184.9998498032,752374.0000298973
695103.9999255304,708128.0001151963,713592.9999916011,714820.000341582,718993.0000774784,725977.9996238269,734101.9998439421,741430.9999526449,747315.9998181402,749184.9998498032,752374.0000298973
695103.9999255304,708128.0001151963,713592.9999916011,714820.000341582,721075.9998957975,725977.9996238269,732019.000025623,741430.9999526449,747315.9998181402,749184.9998498032,752374.0000298973
695103.9999255304,708128.0001151963,713592.9999916011,717142.9998505075,721075.9998957975,723655.0001149015,732019.000025623,741430.9999526449,747315.9998181402,749184.9998498032,752374.0000298973
695103.9999255304,708128.0001151963,716577.0001070944,717142.9998505075,721075.9998957975,723655.0001149015,729034.9999101297,741430.9999526449,747315.9998181402,749184.9998498032,752374.0000298973
695103.9999255304,708128.0001151963,716577.0001070944,717142.9998505075,722389.9997589571,723655.0001149015,727721.0000469701,741430.9999526449,747315.9998181402,749184.9998498032,752374.0000298973
695103.9999255304,708128.0001151963,717142.9998505075,719829.0000207693,722389.9997589571,723655.0001149015,727721.0000469701,741430.9999526449,745932.9999361283,747315.9998181402,752374.0000298973
695103.9999255304,708128.0001151963,719829.0000207693,719916.9999977141,720880.9999676949,722389.9997589571,727721.0000469701,741430.9999526449,745932.9999361283,747315.9998181402,752374.0000298973
695103.9999255304,708128.0001151963,717062.9997876658,719829.0000207693,719916.9999977141,720880.9999676949,722389.9997589571,741430.9999526449,745932.9999361283,752374.0000298973,757974.0000774445
695103.9999255304,708128.0001151963,717062.9997876658,719550.0001140704,719916.9999977141,720880.9999676949,722389.9997589571,741430.9999526449,746211.9998428272,752374.0000298973,757974.0000774445
695103.9999255304,708128.0001151963,717062.9997876658,717521.9997887064,719916.9999977141,720880.9999676949,722389.9997589571,741430.9999526449,748240.0001681912,752374.0000298973,757974.0000774445
695103.9999255304,708128.0001151963,717062.9997876658,717521.9997887064,719916.9999977141,720880.9999676949,721502.0000217602,741430.9999526449,748240.0001681912,752374.0000298973,758861.9998146413
695103.9999255304,708128.0001151963,717521.9997887064,719916.9999977141,720880.9999676949,721231.0000012824,721502.0000217602,741430.9999526449,748205.9998162807,748240.0001681912,758861.9998146413
695103.9999255304,717521.9997887064,719710.0000667325,719916.9999977141,720880.9999676949,721231.0000012824,721502.0000217602,729849.0000011087,748205.9998162807,748240.0001681912,758861.9998146413
695103.9999255304,717521.9997887064,719916.9999977141,720880.9999676949,721231.0000012824,721502.0000217602,723821.00035966,725737.9997081812,748205.9998162807,748240.0001681912,758861.9998146413
695103.9999255304,719035.9999388501,719716.9998511388,719916.9999977141,720880.9999676949,721502.0000217602,723821.00035966,725737.9997081812,748205.9998162807,748240.0001681912,758861.9998146413
719035.9999388501,719716.9998511388,719916.9999977141,720880.9999676949,721502.0000217602,723821.00035966,725081.9999479431,725737.9997081812,728883.9997922286,748205.9998162807,748240.0001681912
719035.9999388501,719716.9998511388,719916.9999977141,720880.9999676949,721502.0000217602,722267.0002628434,725081.9999479431,725737.9997081812,730437.9998890451,748205.9998162807,748240.0001681912
719716.9998511388,719916.9999977141,720880.9999676949,721502.0000217602,722267.0002628434,723487.9999362649,725081.9999479431,725737.9997081812,730437.9998890451,743753.9998188659,748240.0001681912
716615.9999744528,719716.9998511388,720880.9999676949,722267.0002628434,723487.9999362649,724803.0000450215,725081.9999479431,725737.9997081812,730437.9998890451,743753.9998188659,748240.0001681912
709574.999703425,716615.9999744528,719716.9998511388,722267.0002628434,723487.9999362649,725081.9999479431,725737.9997081812,730437.9998890451,736109.0003092914,743753.9998188659,748240.0001681912
713217.0004045364,716615.9999744528,719716.9998511388,722267.0002628434,723487.9999362649,725081.9999479431,725737.9997081812,730437.9998890451,732466.99960818,743753.9998188659,748240.0001681912
713217.0004045364,716615.9999744528,717759.9998513261,719716.9998511388,722267.0002628434,723487.9999362649,725737.9997081812,732466.99960818,737759.9999856622,743753.9998188659,748240.0001681912
705418.9998622674,713217.0004045364,716615.9999744528,719716.9998511388,722267.0002628434,725737.9997081812,732466.99960818,735828.9999253236,737759.9999856622,743753.9998188659,748240.0001681912
705418.9998622674,716224.0001651812,716615.9999744528,719716.9998511388,722267.0002628434,725737.9997081812,729459.9998475352,735828.9999253236,737759.9999856622,743753.9998188659,748240.0001681912
705418.9998622674,716224.0001651812,716615.9999744528,722267.0002628434,725737.9997081812,726280.9999858465,729459.9998475352,735828.9999253236,737759.9999856622,741676.0000334835,743753.9998188659
705418.9998622674,713055.0003049786,716224.0001651812,716615.9999744528,726280.9999858465,729459.9998475352,734949.9996660461,735828.9999253236,737759.9999856622,741676.0000334835,743753.9998188659
706224.9996598385,713055.0003049786,715810.0001768817,716224.0001651812,726280.9999858465,729459.9998475352,734949.9996660461,735828.9999253236,737759.9999856622,741676.0000334835,743753.9998188659
706224.9996598385,713055.0003049786,715810.0001768817,716224.0001651812,726280.9999858465,729459.9998475352,735828.9999253236,735907.9998894024,736801.9997623059,741676.0000334835,743753.9998188659
706224.9996598385,713055.0003049786,715810.0001768817,716224.0001651812,719075.9997355993,726280.9999858465,729459.9998475352,735907.9998894024,736801.9997623059,741676.0000334835,760507.0000085903
713055.0003049786,713483.9999424159,715810.0001768817,716224.0001651812,719021.9997032691,719075.9997355993,729459.9998475352,735907.9998894024,736801.9997623059,741676.0000334835,760507.0000085903
713055.0003049786,715810.0001768817,716224.0001651812,719021.9997032691,719075.9997355993,724708.0002133057,729459.9998475352,730451.9997625935,735907.9998894024,736801.9997623059,760507.0000085903
713055.0003049786,714873.0001072957,715810.0001768817,716224.0001651812,719075.9997355993,728856.9998092791,729459.9998475352,730451.9997625935,735907.9998894024,736801.9997623059,760507.0000085903
713055.0003049786,714873.0001072957,715810.0001768817,716224.0001651812,718000.9998529734,719075.9997355993,729459.9998475352,730451.9997625935,736801.9997623059,746763.9998457081,760507.0000085903
713055.0003049786,714873.0001072957,716224.0001651812,718000.9998529734,719075.9997355993,720335.9999160349,725926.0000234403,729459.9998475352,736801.9997623059,746763.9998457081,760507.0000085903
713055.0003049786,714873.0001072957,716224.0001651812,718000.9998529734,719075.9997355993,720335.9999160349,720971.0001181003,725926.0000234403,729459.9998475352,760507.0000085903,762594.9994899137
713055.0003049786,714873.0001072957,716224.0001651812,718000.9998529734,719075.9997355993,720335.9999160349,725926.0000234403,729401.9995038812,729459.9998475352,754164.0001041328,760507.0000085903
694830.9999733171,713055.0003049786,716224.0001651812,719075.9997355993,720335.9999160349,725926.0000234403,729401.9995038812,729459.9998475352,738042.9999869519,754164.0001041328,760507.0000085903
694830.9999733171,710246.9999252921,716224.0001651812,719075.9997355993,720335.9999160349,725926.0000234403,729459.9998475352,732209.9998835677,738042.9999869519,754164.0001041328,760507.0000085903
694830.9999733171,710246.9999252921,716224.0001651812,718600.0000121979,719075.9997355993,725926.0000234403,729459.9998475352,733945.9997874047,738042.9999869519,754164.0001041328,760507.0000085903
694830.9999733171,712989.9996075144,716224.0001651812,718600.0000121979,719075.9997355993,725926.0000234403,729459.9998475352,733945.9997874047,738042.9999869519,751421.0004219105,760507.0000085903
694830.9999733171,716224.0001651812,718600.0000121979,719075.9997355993,719960.9999531119,725926.0000234403,729459.9998475352,733945.9997874047,738042.9999869519,744450.000076313,760507.0000085903
694093.9997584415,716224.0001651812,718600.0000121979,719075.9997355993,719960.9999531119,726663.0002383161,729459.9998475352,733945.9997874047,738042.9999869519,744450.000076313,760507.0000085903
694093.9997584415,715910.9999671287,716224.0001651812,718600.0000121979,719075.9997355993,726663.0002383161,729459.9998475352,733945.9997874047,742092.9999729351,744450.000076313,760507.0000085903
706406.0002689166,714350.999727841,715910.9999671287,716224.0001651812,718600.0000121979,719075.9997355993,729459.9998475352,733945.9997874047,742092.9999729351,744450.000076313,760507.0000085903
709028.0002861293,714350.999727841,715910.9999671287,716224.0001651812,718600.0000121979,719075.9997355993,729459.9998475352,733945.9997874047,739470.9999557224,744450.000076313,760507.0000085903
709028.0002861293,714350.999727841,715910.9999671287,716224.0001651812,718600.0000121979,725372.0000175127,729459.9998475352,733945.9997874047,739470.9999557224,744450.000076313,754210.9997266768
709028.0002861293,714350.999727841,715910.9999671287,718600.0000121979,721871.9999620025,723812.0000507138,725372.0000175127,733945.9997874047,739470.9999557224,744450.000076313,754210.9997266768
709028.0002861293,714350.999727841,717451.9998654943,718600.0000121979,721871.9999620025,723812.0000507138,725372.0000175127,732404.9998890391,739470.9999557224,744450.000076313,754210.9997266768
709028.0002861293,717451.9998654943,718310.0001108047,718600.0000121979,719852.9996677501,721871.9999620025,725372.0000175127,732404.9998890391,739470.9999557224,744450.000076313,754210.9997266768
697455.0002455099,717451.9998654943,718310.0001108047,718600.0000121979,719852.9996677501,721871.9999620025,732404.9998890391,736945.0000581321,739470.9999557224,744450.000076313,754210.9997266768
697455.0002455099,714022.9998777126,717451.9998654943,718310.0001108047,718600.0000121979,721871.9999620025,732404.9998890391,736945.0000581321,744450.000076313,745300.9997457599,754210.9997266768
697455.0002455099,713910.9999856153,714022.9998777126,718310.0001108047,718600.0000121979,721871.9999620025,735945.9997689181,736945.0000581321,744450.000076313,745300.9997457599,754210.9997266768
697455.0002455099,713910.9999856153,718310.0001108047,718600.0000121979,718904.9996854143,721871.9999620025,735945.9997689181,736945.0000581321,740418.9999380582,744450.000076313,754210.9997266768
701703.9999773065,713910.9999856153,718310.0001108047,718600.0000121979,718904.9996854143,721871.9999620025,735945.9997689181,736170.0002062616,736945.0000581321,744450.000076313,754210.9997266768
701703.9999773065,708799.9993736431,713910.9999856153,718600.0000121979,721871.9999620025,728415.0004225759,735945.9997689181,736170.0002062616,736945.0000581321,744450.000076313,754210.9997266768
701703.9999773065,708799.9993736431,713910.9999856153,718600.0000121979,721871.9999620025,728415.0004225759,735022.0000616251,735945.9997689181,738093.0002027686,744450.000076313,754210.9997266768
701703.9999773065,708799.9993736431,713910.9999856153,717551.0002105971,718600.0000121979,721871.9999620025,728415.0004225759,735945.9997689181,744450.000076313,754210.9997266768,755564.0000537967
701703.9999773065,704788.9995607107,713910.9999856153,718600.0000121979,721562.0000235294,721871.9999620025,728415.0004225759,735945.9997689181,744450.000076313,754210.9997266768,755564.0000537967
698284.9999192986,704788.9995607107,713910.9999856153,718600.0000121979,721871.9999620025,724981.0000815373,728415.0004225759,735945.9997689181,744450.000076313,754210.9997266768,755564.0000537967
698284.9999192986,704788.9995607107,713910.9999856153,718600.0000121979,721871.9999620025,722786.0000846932,728415.0004225759,735945.9997689181,744450.000076313,754210.9997266768,757759.0000506408
698284.9999192986,704788.9995607107,716036.9996816579,718600.0000121979,721871.9999620025,722786.0000846932,728415.0004225759,733820.0000728755,744450.000076313,754210.9997266768,757759.0000506408
698284.9999192986,699183.9998464236,716036.9996816579,718600.0000121979,722786.0000846932,727476.9996762896,728415.0004225759,733820.0000728755,744450.000076313,754210.9997266768,757759.0000506408
698284.9999192986,699183.9998464236,718600.0000121979,722786.0000846932,723012.9998457672,726843.9999087662,727476.9996762896,728415.0004225759,744450.000076313,754210.9997266768,757759.0000506408
698284.9999192986,699183.9998464236,718600.0000121979,720797.0004354751,722786.0000846932,723012.9998457672,727476.9996762896,728415.0004225759,750496.9995496041,754210.9997266768,757759.0000506408
697283.9997666522,698284.9999192986,718600.0000121979,720797.0004354751,722786.0000846932,723012.9998457672,728415.0004225759,729376.999756061,750496.9995496041,754210.9997266768,757759.0000506408
698284.9999192986,702152.9997895389,718600.0000121979,720797.0004354751,722786.0000846932,723012.9998457672,724507.9997331743,728415.0004225759,750496.9995496041,754210.9997266768,757759.0000506408
698284.9999192986,702152.9997895389,720797.0004354751,722786.0000846932,723012.9998457672,724507.9997331743,728415.0004225759,737093.0000459666,739266.0000168721,750496.9995496041,754210.9997266768
702152.9997895389,709914.999978852,720797.0004354751,722786.0000846932,723012.9998457672,724507.9997331743,727635.9999573187,728415.0004225759,737093.0000459666,750496.9995496041,754210.9997266768
702152.9997895389,709914.999978852,720477.9999078566,720797.0004354751,723012.9998457672,724507.9997331743,728415.0004225759,729944.0001341554,737093.0000459666,750496.9995496041,754210.9997266768
702152.9997895389,720477.9999078566,720797.0004354751,723012.9998457672,724507.9997331743,725862.9995833136,728415.0004225759,729944.0001341554,734548.9999451425,737093.0000459666,754210.9997266768
702152.9997895389,717255.0001123628,720477.9999078566,724507.9997331743,725862.9995833136,726555.0001688795,728415.0004225759,729944.0001341554,734548.9999451425,737093.0000459666,754210.9997266768
713731.9998008525,717255.0001123628,718365.0001228419,720477.9999078566,724507.9997331743,725862.9995833136,726555.0001688795,728415.0004225759,734548.9999451425,737093.0000459666,754210.9997266768
713972.9996814757,717255.0001123628,718365.0001228419,720477.9999078566,724266.9998525511,725862.9995833136,726555.0001688795,728415.0004225759,734548.9999451425,737093.0000459666,754210.9997266768
713282.0000622853,713972.9996814757,717255.0001123628,718365.0001228419,720477.9999078566,724266.9998525511,725862.9995833136,726555.0001688795,728415.0004225759,754210.9997266768,758359.9999288238
703756.0002243622,713282.0000622853,717255.0001123628,718365.0001228419,720477.9999078566,724266.9998525511,725862.9995833136,726555.0001688795,738631.9998796893,754210.9997266768,758359.9999288238
703756.0002243622,717255.0001123628,718365.0001228419,720477.9999078566,724266.9998525511,725862.9995833136,726555.0001688795,728752.9999106728,738631.9998796893,738739.9998782894,758359.9999288238
714193.0000377615,717255.0001123628,718365.0001228419,720477.9999078566,724266.9998525511,725862.9995833136,726555.0001688795,728195.00006629,728752.9999106728,738739.9998782894,758359.9999288238
714193.0000377615,718365.0001228419,719700.9998133016,720477.9999078566,724109.0004679407,724266.9998525511,725862.9995833136,728195.00006629,728752.9999106728,738739.9998782894,758359.9999288238
714193.0000377615,718365.0001228419,719700.9998133016,720477.9999078566,724109.0004679407,724266.9998525511,724726.9998727475,728195.00006629,728752.9999106728,738739.9998782894,759495.9996393899
714193.0000377615,714377.9999881634,718365.0001228419,720477.9999078566,724266.9998525511,724726.9998727475,728195.00006629,728752.9999106728,729432.000293079,738739.9998782894,759495.9996393899
707239.9998793432,714377.9999881634,718365.0001228419,720477.9999078566,724726.9998727475,728195.00006629,728752.9999106728,729432.000293079,731220.0000109695,738739.9998782894,759495.9996393899
706605.999984315,714377.9999881634,718365.0001228419,720477.9999078566,724726.9998727475,728195.00006629,728752.9999106728,729432.000293079,731853.9999059977,738739.9998782894,759495.9996393899
714377.9999881634,718365.0001228419,718942.9998569381,719517.0000333745,720477.9999078566,724726.9998727475,728195.00006629,728752.9999106728,729432.000293079,738739.9998782894,759495.9996393899
714377.9999881634,715700.9999990901,718365.0001228419,718942.9998569381,724293.999942141,724726.9998727475,728195.00006629,728752.9999106728,729432.000293079,738739.9998782894,759495.9996393899
711124.0001007512,715700.9999990901,718365.0001228419,718942.9998569381,724293.999942141,727980.9997601596,728195.00006629,728752.9999106728,729432.000293079,738739.9998782894,759495.9996393899
711124.0001007512,715700.9999990901,716538.9998968396,718365.0001228419,718942.9998569381,727980.9997601596,728195.00006629,729432.000293079,736507.9999559742,738739.9998782894,759495.9996393899
711124.0001007512,715700.9999990901,716538.9998968396,718365.0001228419,722150.9996801929,724987.0002430351,727980.9997601596,729432.000293079,736507.9999559742,738739.9998782894,759495.9996393899
704850.0001567341,711124.0001007512,716538.9998968396,722150.9996801929,724987.0002430351,727980.9997601596,729215.9999651979,729432.000293079,736507.9999559742,738739.9998782894,759495.9996393899
704850.0001567341,716538.9998968396,718833.0001776043,721723.0002162259,722150.9996801929,724987.0002430351,727980.9997601596,729215.9999651979,736507.9999559742,738739.9998782894,759495.9996393899
710605.9999622724,716538.9998968396,718833.0001776043,721723.0002162259,722150.9996801929,723460.0001596597,724987.0002430351,727980.9997601596,736507.9999559742,738739.9998782894,759495.9996393899
710605.9999622724,718833.0001776043,720890.9998660153,721723.0002162259,722150.9996801929,723460.0001596597,723628.999790984,724987.0002430351,736507.9999559742,738739.9998782894,759495.9996393899
710605.9999622724,718833.0001776043,721723.0002162259,722150.9996801929,723460.0001596597,723628.999790984,724987.0002430351,725032.9999255085,736507.9999559742,738739.9998782894,755353.9995798967
710605.9999622724,714322.0000640932,718833.0001776043,721723.0002162259,722150.9996801929,723460.0001596597,723628.999790984,724987.0002430351,725032.9999255085,755353.9995798967,760925.9997701704
710605.9999622724,718833.0001776043,721723.0002162259,722150.9996801929,723460.0001596597,723628.999790984,724987.0002430351,725032.9999255085,725851.9998210527,749396.0000132109,755353.9995798967
710605.9999622724,718096.999853282,718833.0001776043,721723.0002162259,722150.9996801929,723460.0001596597,724987.0002430351,725032.9999255085,725851.9998210527,754927.9999509129,755353.9995798967
718096.999853282,718726.9999540026,718833.0001776043,721723.0002162259,722150.9996801929,723460.0001596597,724987.0002430351,725032.9999255085,725851.9998210527,746806.9999591827,755353.9995798967
718726.9999540026,718833.0001776043,719112.9999677651,721723.0002162259,722150.9996801929,723460.0001596597,724016.9998110255,724987.0002430351,725851.9998210527,746806.9999591827,755353.9995798967
716313.0000551784,718833.0001776043,719112.9999677651,721723.0002162259,722150.9996801929,724016.9998110255,724987.0002430351,725851.9998210527,725874.0000584838,746806.9999591827,755353.9995798967
716313.0000551784,718833.0001776043,719553.9995741403,721723.0002162259,722150.9996801929,724016.9998110255,724987.0002430351,725851.9998210527,725874.0000584838,746806.9999591827,754912.9999735215
716313.0000551784,718833.0001776043,719553.9995741403,721723.0002162259,722150.9996801929,724987.0002430351,725851.9998210527,725874.0000584838,738310.9999153141,740618.9998692328,746806.9999591827
712845.000030317,716313.0000551784,718833.0001776043,719553.9995741403,721723.0002162259,722150.9996801929,724987.0002430351,725874.0000584838,738310.9999153141,740618.9998692328,759813.9997499184
712845.000030317,716313.0000551784,718833.0001776043,719553.9995741403,721723.0002162259,723179.9999459354,724844.9997927413,724987.0002430351,738310.9999153141,740618.9998692328,759813.9997499184
713359.000097909,716313.0000551784,718833.0001776043,719553.9995741403,721723.0002162259,723179.9999459354,724844.9997927413,724987.0002430351,738310.9999153141,740618.9998692328,759299.9996823263
713359.000097909,716009.9999027471,716313.0000551784,718833.0001776043,719553.9995741403,721723.0002162259,724844.9997927413,732157.0002862235,738310.9999153141,740618.9998692328,759299.9996823263
713359.000097909,716009.9999027471,716313.0000551784,716376.9997805903,718833.0001776043,724844.9997927413,724900.0000097759,732157.0002862235,738310.9999153141,740618.9998692328,759299.9996823263
713359.000097909,714027.9999945192,716313.0000551784,716376.9997805903,718833.0001776043,724844.9997927413,724900.0000097759,732157.0002862235,740292.9998235421,740618.9998692328,759299.9996823263
713359.000097909,714027.9999945192,716313.0000551784,716376.9997805903,721503.0001430035,724844.9997927413,724900.0000097759,732157.0002862235,737948.9999038335,740292.9998235421,759299.9996823263
713359.000097909,714027.9999945192,714159.9997336664,716313.0000551784,723720.0001899274,724844.9997927413,724900.0000097759,732157.0002862235,737948.9999038335,740292.9998235421,759299.9996823263
714027.9999945192,714159.9997336664,716313.0000551784,722008.9999764647,723720.0001899274,724844.9997927413,724900.0000097759,732157.0002862235,737948.9999038335,740292.9998235421,750649.9998037707
714027.9999945192,714159.9997336664,714586.9995881491,716313.0000551784,723720.0001899274,724844.9997927413,724900.0000097759,732157.0002862235,737948.9999038335,740292.9998235421,758072.0001920862
714159.9997336664,714586.9995881491,716313.0000551784,723720.0001899274,724844.9997927413,724900.0000097759,726631.99997642,727688.9998416413,732157.0002862235,737948.9999038335,758072.0001920862
714159.9997336664,716313.0000551784,719603.0000467785,723720.0001899274,724844.9997927413,724900.0000097759,726631.99997642,727688.9998416413,732157.0002862235,737948.9999038335,753055.9997334569
705995.9996543519,716313.0000551784,719603.0000467785,724844.9997927413,724900.0000097759,726631.99997642,727688.9998416413,731884.000269242,732157.0002862235,737948.9999038335,753055.9997334569
713458.0000335218,716313.0000551784,717437.9996306059,719603.0000467785,724844.9997927413,726631.99997642,727688.9998416413,731884.000269242,732157.0002862235,737948.9999038335,753055.9997334569
713080.9999614209,713458.0000335218,716313.0000551784,717437.9996306059,719603.0000467785,726631.99997642,731884.000269242,732157.0002862235,737948.9999038335,739452.9996729617,753055.9997334569
713458.0000335218,713767.9999502883,716313.0000551784,717437.9996306059,719603.0000467785,726631.99997642,731884.000269242,732157.0002862235,737948.9999038335,738765.9996840942,753055.9997334569
713458.0000335218,713767.9999502883,716313.0000551784,716878.0002342092,717437.9996306059,719603.0000467785,726631.99997642,732157.0002862235,738765.9996840942,752954.9999388662,753055.9997334569
713458.0000335218,716313.0000551784,716878.0002342092,717437.9996306059,717728.0006603547,719603.0000467785,726631.99997642,728196.9995761571,738765.9996840942,752954.9999388662,753055.9997334569
713458.0000335218,714165.0004142785,716313.0000551784,716878.0002342092,717437.9996306059,719603.0000467785,726631.99997642,731759.9998222333,738765.9996840942,752954.9999388662,753055.9997334569
693956.0003626712,714165.0004142785,716313.0000551784,716878.0002342092,719603.0000467785,726631.99997642,731759.9998222333,736939.9993014565,738765.9996840942,752954.9999388662,753055.9997334569
693956.0003626712,714165.0004142785,716313.0000551784,716878.0002342092,721223.0000133286,725012.0000098698,731759.9998222333,736939.9993014565,738765.9996840942,752954.9999388662,753055.9997334569
706511.0001413368,714165.0004142785,716313.0000551784,716878.0002342092,721223.0000133286,724384.9995227909,725012.0000098698,731759.9998222333,738765.9996840942,752954.9999388662,753055.9997334569
706511.0001413368,714165.0004142785,716313.0000551784,716878.0002342092,721223.0000133286,722733.9998525567,724384.9995227909,725012.0000098698,747791.9996537708,752954.9999388662,753055.9997334569
706511.0001413368,714165.0004142785,715392.9998065981,716313.0000551784,716878.0002342092,721223.0000133286,722733.9998525567,724384.9995227909,747791.9996537708,752954.9999388662,762674.9999367286
706511.0001413368,714165.0004142785,714809.9998065901,716313.0000551784,716878.0002342092,721223.0000133286,722733.9998525567,724384.9995227909,747791.9996537708,752954.9999388662,763257.9999367365
709522.0000087592,713867.0003667868,714165.0004142785,714809.9998065901,716313.0000551784,721223.0000133286,722733.9998525567,724384.9995227909,747791.9996537708,752954.9999388662,763257.9999367365
709522.0000087592,713867.0003667868,714165.0004142785,714357.9997338025,714809.9998065901,716313.0000551784,724384.9995227909,729599.0001320828,747791.9996537708,752954.9999388662,763257.9999367365
709522.0000087592,711423.0000037976,713867.0003667868,714165.0004142785,714809.9998065901,719247.9997851833,724384.9995227909,729599.0001320828,747791.9996537708,752954.9999388662,763257.9999367365
709522.0000087592,711423.0000037976,713867.0003667868,714165.0004142785,714809.9998065901,719247.9997851833,726375.999513302,729599.0001320828,747791.9996537708,750963.9999483551,763257.9999367365
709522.0000087592,713867.0003667868,714165.0004142785,714809.9998065901,719247.9997851833,726375.999513302,728119.9996902376,729599.0001320828,731094.9999673308,750963.9999483551,763257.9999367365
709522.0000087592,713867.0003667868,714165.0004142785,714809.9998065901,718239.999858851,726375.999513302,728119.9996902376,729599.0001320828,732102.9998936632,750963.9999483551,763257.9999367365
709522.0000087592,713867.0003667868,714809.9998065901,718239.999858851,719373.0005948822,726375.999513302,726894.9997130595,728119.9996902376,729599.0001320828,750963.9999483551,763257.9999367365
709522.0000087592,712737.0006099405,713867.0003667868,714809.9998065901,718239.999858851,726375.999513302,728119.9996902376,729599.0001320828,733530.9996980012,750963.9999483551,763257.9999367365
708766.000250712,712737.0006099405,714623.000124834,714809.9998065901,718239.999858851,726375.999513302,728119.9996902376,729599.0001320828,733530.9996980012,750963.9999483551,763257.9999367365
708766.000250712,712737.0006099405,714809.9998065901,715316.9996604697,718239.999858851,725681.9999776663,728119.9996902376,729599.0001320828,733530.9996980012,750963.9999483551,763257.9999367365
708766.000250712,709016.0001214371,712737.0006099405,714809.9998065901,715316.9996604697,725681.9999776663,728119.9996902376,733530.9996980012,738822.9998694967,750963.9999483551,763257.9999367365
708766.000250712,712737.0006099405,714809.9998065901,715316.9996604697,717411.9999864632,725681.9999776663,728119.9996902376,733530.9996980012,738822.9998694967,742568.0000833289,763257.9999367365
708073.0002247136,708766.000250712,714809.9998065901,715316.9996604697,717411.9999864632,725681.9999776663,732784.0000754645,733530.9996980012,738822.9998694967,742568.0000833289,763257.9999367365
708073.0002247136,708766.000250712,714809.9998065901,715316.9996604697,717411.9999864632,723556.0000027951,725681.9999776663,738822.9998694967,742568.0000833289,742758.9997706705,763257.9999367365
708766.000250712,710578.0004596643,714809.9998065901,715316.9996604697,717411.9999864632,721050.9997678444,725681.9999776663,738822.9998694967,742568.0000833289,742758.9997706705,763257.9999367365
708766.000250712,710578.0004596643,714809.9998065901,717411.9999864632,719055.9998083566,721050.9997678444,721942.9998297794,738822.9998694967,742568.0000833289,742758.9997706705,763257.9999367365
708766.000250712,710578.0004596643,714809.9998065901,717411.9999864632,719754.9997607083,721050.9997678444,721942.9998297794,738822.9998694967,741869.0001309772,742758.9997706705,763257.9999367365
708766.000250712,711331.9997947429,714809.9998065901,717411.9999864632,719754.9997607083,720297.0004327658,721942.9998297794,738822.9998694967,741869.0001309772,742758.9997706705,763257.9999367365
708766.000250712,711331.9997947429,714809.9998065901,716639.9996085459,717411.9999864632,720297.0004327658,721942.9998297794,738822.9998694967,742758.9997706705,744984.0002831396,763257.9999367365
708766.000250712,714809.9998065901,716639.9996085459,717299.9998513309,717411.9999864632,720297.0004327658,721942.9998297794,732854.9998129087,742758.9997706705,744984.0002831396,763257.9999367365
699121.0002478911,714809.9998065901,716639.9996085459,717299.9998513309,717411.9999864632,720297.0004327658,731587.9998326004,732854.9998129087,742758.9997706705,744984.0002831396,763257.9999367365
699596.9997453858,714809.9998065901,716164.0001110511,717299.9998513309,717411.9999864632,720297.0004327658,731587.9998326004,732854.9998129087,742758.9997706705,744984.0002831396,763257.9999367365
699596.9997453858,714809.9998065901,715430.9999546325,717299.9998513309,717411.9999864632,720297.0004327658,732320.999989019,732854.9998129087,742758.9997706705,744984.0002831396,763257.9999367365
699596.9997453858,714041.0000507233,714809.9998065901,715430.9999546325,717411.9999864632,720297.0004327658,732320.999989019,732854.9998129087,742758.9997706705,748243.0000837471,763257.9999367365
691878.9999449293,699596.9997453858,714809.9998065901,717411.9999864632,720297.0004327658,732320.999989019,732854.9998129087,737593.0000604265,742758.9997706705,748243.0000837471,763257.9999367365
691878.9999449293,714809.9998065901,716755.9998768427,717411.9999864632,720297.0004327658,720433.9999289697,732320.999989019,732854.9998129087,742758.9997706705,748243.0000837471,763257.9999367365
691878.9999449293,714809.9998065901,716402.0001590537,716755.9998768427,717411.9999864632,720433.9999289697,732320.999989019,732854.9998129087,746654.0000443826,748243.0000837471,763257.9999367365
714667.9999435551,714809.9998065901,716402.0001590537,716755.9998768427,717411.9999864632,720433.9999289697,725454.0000851211,732320.999989019,732854.9998129087,746654.0000443826,763257.9999367365
705209.9996961422,714667.9999435551,714809.9998065901,716402.0001590537,717411.9999864632,725454.0000851211,731980.0001096702,732320.999989019,732854.9998129087,746654.0000443826,763257.9999367365
705209.9996961422,714667.9999435551,714809.9998065901,716402.0001590537,718275.9999192326,724590.0001523518,731980.0001096702,732320.999989019,732854.9998129087,746654.0000443826,763257.9999367365
705209.9996961422,714667.9999435551,714809.9998065901,715480.0002646701,718275.9999192326,724590.0001523518,731980.0001096702,732320.999989019,732854.9998129087,747575.9999387662,763257.9999367365
705209.9996961422,714667.9999435551,714809.9998065901,715480.0002646701,718275.9999192326,724590.0001523518,731980.0001096702,732320.999989019,737421.9997684075,743008.9999832674,763257.9999367365
705209.9996961422,714158.9998786458,714809.9998065901,715480.0002646701,718275.9999192326,724590.0001523518,731980.0001096702,732320.999989019,737421.9997684075,743518.0000481767,763257.9999367365
711891.9997610017,714158.9998786458,714809.9998065901,715480.0002646701,718275.9999192326,724590.0001523518,725298.0000448108,732320.999989019,737421.9997684075,743518.0000481767,763257.9999367365
711891.9997610017,714158.9998786458,714809.9998065901,715480.0002646701,718275.9999192326,723521.9997614592,724590.0001523518,725298.0000448108,732320.999989019,757418.0000551251,763257.9999367365
711891.9997610017,714158.9998786458,714809.9998065901,715480.0002646701,718275.9999192326,721507.0001162022,723521.9997614592,724590.0001523518,736111.9999176277,757418.0000551251,763257.9999367365
714158.9998786458,714809.9998065901,715480.0002646701,718275.9999192326,720518.0001134814,721507.0001162022,723521.9997614592,724590.0001523518,727485.9995651479,757418.0000551251,763257.9999367365
713152.9999453471,714158.9998786458,714809.9998065901,715480.0002646701,718275.9999192326,721507.0001162022,723521.9997614592,724590.0001523518,734850.9997332823,757418.0000551251,763257.9999367365
709785.9999138683,713152.9999453471,714158.9998786458,714809.9998065901,718275.9999192326,721507.0001162022,724590.0001523518,729216.000112261,734850.9997332823,757418.0000551251,763257.9999367365
709785.9999138683,713152.9999453471,714809.9998065901,716074.0001967498,716360.9996011285,721507.0001162022,724590.0001523518,729216.000112261,734850.9997332823,757418.0000551251,763257.9999367365
713152.9999453471,714809.9998065901,714813.0000968958,716074.0001967498,716360.9996011285,721507.0001162022,724590.0001523518,729216.000112261,734850.9997332823,752390.9998720975,763257.9999367365
713152.9999453471,714809.9998065901,714813.0000968958,714878.9998926823,717555.999905196,721507.0001162022,724590.0001523518,729216.000112261,734850.9997332823,752390.9998720975,763257.9999367365
713152.9999453471,714809.9998065901,714813.0000968958,714878.9998926823,719866.0000555258,721507.0001162022,722280.000002022,729216.000112261,734850.9997332823,752390.9998720975,763257.9999367365
713152.9999453471,714809.9998065901,714813.0000968958,714878.9998926823,719866.0000555258,721507.0001162022,729216.000112261,734850.9997332823,739345.999971509,746191.9999672496,752390.9998720975
713152.9999453471,714809.9998065901,714878.9998926823,718566.0000019757,719866.0000555258,721507.0001162022,729216.000112261,734850.9997332823,739345.999971509,746191.9999672496,748637.9999670177
713152.9999453471,714809.9998065901,714878.9998926823,718566.0000019757,719866.0000555258,721507.0001162022,729216.000112261,733574.9999502187,734850.9997332823,748637.9999670177,751962.99998854
713152.9999453471,714809.9998065901,714878.9998926823,718566.0000019757,719866.0000555258,722565.999925673,729216.000112261,733574.9999502187,733791.9999238114,748637.9999670177,751962.99998854
713152.9999453471,714878.9998926823,716065.9999508186,718566.0000019757,719866.0000555258,722565.999925673,729216.000112261,732318.9998059903,733791.9999238114,748637.9999670177,751962.99998854
713152.9999453471,714809.9998066005,714878.9998926823,718566.0000019757,719866.0000555258,722565.999925673,729216.000112261,733574.9999502084,733791.9999238114,748637.9999670177,751962.99998854
703114.0000720677,713152.9999453471,714809.9998066005,718566.0000019757,722565.999925673,729216.000112261,731630.9998761404,733574.9999502084,733791.9999238114,748637.9999670177,751962.99998854
700170.9997697817,713152.9999453471,714809.9998066005,718566.0000019757,722565.999925673,729216.000112261,733574.9999502084,733791.9999238114,734574.0001784264,748637.9999670177,751962.99998854
700170.9997697817,713152.9999453471,718566.0000019757,722565.999925673,727606.9999818584,729216.000112261,733574.9999502084,733791.9999238114,734574.0001784264,739165.999813282,748637.9999670177
700170.9997697817,713152.9999453471,716408.9999278531,718566.0000019757,722565.999925673,729216.000112261,733574.9999502084,733791.9999238114,734574.0001784264,748637.9999670177,750363.9998672873
700170.9997697817,716408.9999278531,718566.0000019757,720521.9999484004,722565.999925673,726422.9999207581,729216.000112261,733574.9999502084,734574.0001784264,748637.9999670177,750363.9998672873
700170.9997697817,713894.99994708,716408.9999278531,718566.0000019757,720521.9999484004,722565.999925673,726422.9999207581,729216.000112261,748637.9999670177,750363.9998672873,754254.0001815547
694780.9998554419,713894.99994708,716408.9999278531,720521.9999484004,722565.999925673,723955.9999163155,726422.9999207581,729216.000112261,748637.9999670177,750363.9998672873,754254.0001815547
694780.9998554419,713894.99994708,716408.9999278531,720521.9999484004,722565.999925673,723955.9999163155,725435.9997171223,726422.9999207581,750363.9998672873,752418.0003621564,754254.0001815547
694780.9998554419,716408.9999278531,720521.9999484004,720739.000074343,722565.999925673,723955.9999163155,725435.9997171223,726422.9999207581,747410.0000542918,750363.9998672873,752418.0003621564
694780.9998554419,716408.9999278531,717600.9998028779,720739.000074343,722565.999925673,723955.9999163155,725435.9997171223,729344.0000662806,747410.0000542918,750363.9998672873,752418.0003621564
694780.9998554419,715353.0003337739,716408.9999278531,717600.9998028779,720739.000074343,722565.999925673,725435.9997171223,729344.0000662806,747410.0000542918,750363.9998672873,761020.9999446981
715353.0003337739,716408.9999278531,717600.9998028779,720739.000074343,722565.999925673,725430.9999128606,725435.9997171223,729344.0000662806,730370.9998872794,747410.0000542918,750363.9998672873
716408.9999278531,717600.9998028779,720258.000296191,720530.9997547052,720739.000074343,722565.999925673,725430.9999128606,729344.0000662806,730370.9998872794,747410.0000542918,750363.9998672873
716408.9999278531,717505.9995294517,717600.9998028779,720739.000074343,722565.999925673,723283.0005214445,725430.9999128606,729344.0000662806,730370.9998872794,747410.0000542918,750363.9998672873
717505.9995294517,717600.9998028779,719917.0000573786,720739.000074343,722565.999925673,723283.0005214445,725430.9999128606,729344.0000662806,730370.9998872794,746855.9997377619,747410.0000542918
714095.9998398301,717505.9995294517,717600.9998028779,719917.0000573786,720739.000074343,722565.999925673,723283.0005214445,729344.0000662806,741705.9999603098,746855.9997377619,747410.0000542918
713434.9999191181,714095.9998398301,717505.9995294517,717600.9998028779,719917.0000573786,720739.000074343,723283.0005214445,738475.0000728355,741705.9999603098,746855.9997377619,747410.0000542918
713434.9999191181,714095.9998398301,717600.9998028779,719201.9999429738,719917.0000573786,720739.000074343,723283.0005214445,738475.0000728355,740009.9995467877,746855.9997377619,747410.0000542918
713434.9999191181,714095.9998398301,717600.9998028779,719201.9999429738,720739.000074343,723283.0005214445,727621.00031152,738475.0000728355,739705.9998001504,740009.9995467877,746855.9997377619
700047.0000022993,713434.9999191181,717600.9998028779,719201.9999429738,723283.0005214445,727621.00031152,734787.9999118738,738475.0000728355,739705.9998001504,740009.9995467877,746855.9997377619
700047.0000022993,713434.9999191181,717600.9998028779,719201.9999429738,723283.0005214445,730843.000121064,734787.9999118738,736483.9999906062,738475.0000728355,740009.9995467877,746855.9997377619
700047.0000022993,713098.9998837883,713434.9999191181,717600.9998028779,719201.9999429738,723283.0005214445,730843.000121064,736483.9999906062,740009.9995467877,746855.9997377619,760164.000100921
700047.0000022993,713098.9998837883,713434.9999191181,717600.9998028779,719201.9999429738,723667.9996748768,730843.000121064,736483.9999906062,739625.0003933554,746855.9997377619,760164.000100921
700047.0000022993,713098.9998837883,713434.9999191181,715579.9999222166,719201.9999429738,723667.9996748768,730843.000121064,736483.9999906062,739625.0003933554,746855.9997377619,762184.9999815822
700047.0000022993,713434.9999191181,715579.9999222166,719201.9999429738,722111.9999515752,723667.9996748768,727470.9999228193,730843.000121064,739625.0003933554,746855.9997377619,762184.9999815822
700047.0000022993,713434.9999191181,715579.9999222166,722111.9999515752,723667.9996748768,727470.9999228193,729393.0000792146,729434.0002571146,730843.000121064,746855.9997377619,762184.9999815822
700047.0000022993,713434.9999191181,716543.9999926919,722111.9999515752,723667.9996748768,726506.999852344,729393.0000792146,729434.0002571146,730843.000121064,746855.9997377619,762184.9999815822
700047.0000022993,713434.9999191181,715369.9999327402,723286.0000115269,723667.9996748768,726506.999852344,729393.0000792146,729434.0002571146,730843.000121064,746855.9997377619,762184.9999815822
700047.0000022993,707430.9999105006,713434.9999191181,723286.0000115269,723667.9996748768,729393.0000792146,729434.0002571146,730843.000121064,734445.9998745837,746855.9997377619,762184.9999815822
700047.0000022993,707430.9999105006,713434.9999191181,713978.0001201627,723286.0000115269,729393.0000792146,730843.000121064,734445.9998745837,739123.9998118287,746855.9997377619,762184.9999815822
700047.0000022993,707430.9999105006,713434.9999191181,713978.0001201627,723286.0000115269,729393.0000792146,730843.000121064,739123.9998118287,739611.0000308005,746855.9997377619,757019.9998253654
707430.9999105006,713434.9999191181,713978.0001201627,714611.0001142287,714828.9999672852,723286.0000115269,730843.000121064,739123.9998118287,739611.0000308005,746855.9997377619,757019.9998253654
704307.0000565123,707430.9999105006,713434.9999191181,713978.0001201627,714611.0001142287,730843.000121064,733807.9999222998,739123.9998118287,739611.0000308005,746855.9997377619,757019.9998253654
704307.0000565123,707430.9999105006,713434.9999191181,714611.0001142287,717324.0003005845,730843.000121064,733807.9999222998,735777.999631407,739611.0000308005,746855.9997377619,757019.9998253654
704307.0000565123,707430.9999105006,712427.0001158378,713434.9999191181,719508.0002989754,730843.000121064,733807.9999222998,735777.999631407,739611.0000308005,746855.9997377619,757019.9998253654
704307.0000565123,707430.9999105006,712427.0001158378,713434.9999191181,716069.0002448052,730843.000121064,733807.9999222998,739216.9996855771,739611.0000308005,746855.9997377619,757019.9998253654
696933.9999490854,707430.9999105006,713434.9999191181,716069.0002448052,719800.0002232647,730843.000121064,733807.9999222998,739216.9996855771,739611.0000308005,746855.9997377619,757019.9998253654
707430.9999105006,712935.0000568897,713434.9999191181,714842.0000132597,716069.0002448052,719800.0002232647,733807.9999222998,739216.9996855771,739611.0000308005,746855.9997377619,757019.9998253654
707430.9999105006,712935.0000568897,713434.9999191181,713488.0001389383,714842.0000132597,716069.0002448052,739216.9996855771,739611.0000308005,740120.0000066261,746855.9997377619,757019.9998253654
707430.9999105006,712935.0000568897,713434.9999191181,713488.0001389383,714952.9998387014,716069.0002448052,739216.9996855771,739611.0000308005,740009.0001811844,746855.9997377619,757019.9998253654
707430.9999105006,712935.0000568897,713434.9999191181,714952.9998387014,716069.0002448052,723741.0001935387,729756.000126584,739216.9996855771,739611.0000308005,746855.9997377619,757019.9998253654
701393.0000576873,707430.9999105006,712935.0000568897,713434.9999191181,716069.0002448052,729756.000126584,737300.9999745529,739216.9996855771,739611.0000308005,746855.9997377619,757019.9998253654
701393.0000576873,705065.0000667314,713434.9999191181,715300.999900659,716069.0002448052,729756.000126584,737300.9999745529,739216.9996855771,739611.0000308005,746855.9997377619,757019.9998253654
701393.0000576873,705065.0000667314,709712.9999544789,713434.9999191181,716069.0002448052,735344.000072764,737300.9999745529,739216.9996855771,739611.0000308005,746855.9997377619,757019.9998253654
705065.0000667314,709712.9999544789,713434.9999191181,716069.0002448052,716077.9999451953,722616.0000870449,735344.000072764,739216.9996855771,739611.0000308005,746855.9997377619,757019.9998253654
705065.0000667314,709712.9999544789,713434.9999191181,716069.0002448052,716077.9999451953,724625.9999807074,735344.000072764,737206.9997919146,739611.0000308005,746855.9997377619,757019.9998253654
705065.0000667314,713434.9999191181,715135.0000298498,716069.0002448052,716077.9999451953,724625.9999807074,729921.9999973931,737206.9997919146,739611.0000308005,746855.9997377619,757019.9998253654
705065.0000667314,713434.9999191181,716069.0002448052,716077.9999451953,717214.9999556483,724625.9999807074,727842.0000715947,737206.9997919146,739611.0000308005,746855.9997377619,757019.9998253654
695469.9999385941,705065.0000667314,713434.9999191181,716069.0002448052,724625.9999807074,727842.0000715947,737206.9997919146,737822.9999622495,739611.0000308005,746855.9997377619,757019.9998253654
695469.9999385941,713434.9999191181,716069.0002448052,719180.0000084098,723708.000020571,724625.9999807074,727842.0000715947,737206.9997919146,739611.0000308005,746855.9997377619,757019.9998253654
703869.0000072778,713434.9999191181,716069.0002448052,716226.9999120238,719180.0000084098,723708.000020571,727842.0000715947,737206.9997919146,739611.0000308005,746855.9997377619,757019.9998253654
703869.0000072778,708279.9999782273,713434.9999191181,716069.0002448052,719180.0000084098,723708.000020571,735789.0000053912,737206.9997919146,739611.0000308005,746855.9997377619,757019.9998253654
703869.0000072778,708279.9999782273,713434.9999191181,716069.0002448052,719180.0000084098,730535.999769414,735789.0000053912,737206.9997919146,739611.0000308005,740027.999988919,757019.9998253654
703869.0000072778,708279.9999782273,713434.9999191181,716069.0002448052,717096.9999694115,730535.999769414,737206.9997919146,737872.0000443895,739611.0000308005,740027.999988919,757019.9998253654
703869.0000072778,713434.9999191181,716069.0002448052,716237.9999702584,717096.9999694115,729914.0000523584,730535.999769414,737206.9997919146,739611.0000308005,740027.999988919,757019.9998253654
703869.0000072778,716069.0002448052,716237.9999702584,717096.9999694115,718283.0001871478,729914.0000523584,730535.999769414,734762.9997627708,737206.9997919146,740027.999988919,757019.9998253654
691479.0000542736,716069.0002448052,717096.9999694115,718283.0001871478,728627.9999232626,729914.0000523584,730535.999769414,734762.9997627708,737206.9997919146,740027.999988919,757019.9998253654
691479.0000542736,716069.0002448052,718283.0001871478,727372.9999191982,728627.9999232626,729752.0000391323,729914.0000523584,730535.999769414,734762.9997627708,737206.9997919146,757019.9998253654
691479.0000542736,716069.0002448052,718283.0001871478,727372.9999191982,728627.9999232626,729752.0000391323,729914.0000523584,730535.999769414,736539.9999936376,737206.9997919146,755242.9995944987
691479.0000542736,716069.0002448052,725974.0000434564,727372.9999191982,728627.9999232626,729752.0000391323,729914.0000523584,730535.999769414,736539.9999936376,737206.9997919146,747551.99973819
691479.0000542736,716069.0002448052,727372.9999191982,728627.9999232626,728683.9998422913,729752.0000391323,729914.0000523584,730535.999769414,733830.0001948026,737206.9997919146,747551.99973819
691479.0000542736,718200.9999015118,727372.9999191982,728627.9999232626,728683.9998422913,729752.0000391323,729914.0000523584,730535.999769414,733830.0001948026,735075.000135208,747551.99973819
691479.0000542736,716703.0000403315,718200.9999015118,727372.9999191982,728627.9999232626,728683.9998422913,730535.999769414,733830.0001948026,735075.000135208,742963.0000511592,747551.99973819
691479.0000542736,713823.9999410562,716703.0000403315,718200.9999015118,728627.9999232626,728683.9998422913,733830.0001948026,735075.000135208,742963.0000511592,744084.9997475559,747551.99973819
693529.9999954782,713823.9999410562,714652.000099127,718200.9999015118,728627.9999232626,728683.9998422913,733830.0001948026,735075.000135208,742963.0000511592,744084.9997475559,747551.99973819
693529.9999954782,713823.9999410562,714652.000099127,722897.0001223398,728627.9999232626,728683.9998422913,730378.99991438,733830.0001948026,742963.0000511592,744084.9997475559,747551.99973819
693529.9999954782,713823.9999410562,714957.0001040853,722897.0001223398,728627.9999232626,728683.9998422913,730073.9999094217,733830.0001948026,742963.0000511592,744084.9997475559,747551.99973819
693529.9999954782,714957.0001040853,721829.999913883,722897.0001223398,728627.9999232626,728683.9998422913,730073.9999094217,733830.0001948026,736078.9997747291,742963.0000511592,747551.99973819
693529.9999954782,716941.999958272,719845.0000596964,722897.0001223398,728627.9999232626,728683.9998422913,730073.9999094217,733830.0001948026,736078.9997747291,742963.0000511592,747551.99973819
699626.9999695187,713748.0000856558,716941.999958272,722897.0001223398,728627.9999232626,728683.9998422913,730073.9999094217,733830.0001948026,736078.9997747291,742963.0000511592,747551.99973819
702590.999793127,713748.0000856558,716941.999958272,722897.0001223398,725664.0000996544,728683.9998422913,730073.9999094217,733830.0001948026,736078.9997747291,742963.0000511592,747551.99973819
702590.999793127,716941.999958272,719445.0001046383,722897.0001223398,725664.0000996544,728683.9998422913,730073.9999094217,733830.0001948026,736078.9997747291,737266.0000321767,747551.99973819
694052.9996797412,716941.999958272,722897.0001223398,725664.0000996544,727983.000218024,728683.9998422913,730073.9999094217,733830.0001948026,736078.9997747291,737266.0000321767,747551.99973819
694052.9996797412,716941.999958272,722897.0001223398,725664.0000996544,726067.0000941624,728683.9998422913,730073.9999094217,733830.0001948026,736078.9997747291,739182.0001560383,747551.99973819
694052.9996797412,716941.999958272,717000.0002801142,725664.0000996544,726067.0000941624,728683.9998422913,733830.0001948026,735970.9997516472,736078.9997747291,739182.0001560383,747551.99973819
694052.9996797412,715882.000139157,716941.999958272,717000.0002801142,725664.0000996544,728683.9998422913,733830.0001948026,735970.9997516472,736078.9997747291,747551.99973819,749367.0001110437
693051.0001229383,694052.9996797412,717000.0002801142,725664.0000996544,728683.9998422913,733830.0001948026,735970.9997516472,736078.9997747291,739772.9999744907,747551.99973819,749367.0001110437
693051.0001229383,694052.9996797412,715243.9998533322,725664.0000996544,728683.9998422913,733830.0001948026,736078.9997747291,737727.0001784293,739772.9999744907,747551.99973819,749367.0001110437
693955.9998449693,694052.9996797412,714339.0001313011,725664.0000996544,728683.9998422913,733830.0001948026,736078.9997747291,737727.0001784293,739772.9999744907,747551.99973819,749367.0001110437
693955.9998449693,694052.9996797412,713348.0001798052,725664.0000996544,728683.9998422913,733830.0001948026,736078.9997747291,737727.0001784293,739772.9999744907,747551.99973819,750358.0000625396
694052.9996797412,706482.9998075532,713348.0001798052,725200.0002158453,725664.0000996544,728683.9998422913,733830.0001948026,736078.9997747291,739772.9999744907,747551.99973819,750358.0000625396
694052.9996797412,713348.0001798052,714599.0002811395,717083.999742259,725664.0000996544,728683.9998422913,733830.0001948026,736078.9997747291,739772.9999744907,747551.99973819,750358.0000625396
694052.9996797412,714599.0002811395,717083.999742259,721747.9999842326,725664.0000996544,728683.9998422913,731373.0001700633,733830.0001948026,736078.9997747291,747551.99973819,750358.0000625396
694052.9996797412,713540.9997040635,714599.0002811395,717083.999742259,721747.9999842326,725664.0000996544,731373.0001700633,733830.0001948026,736078.9997747291,750358.0000625396,762694.9998764178
694052.9996797412,713540.9997040635,714599.0002811395,717083.999742259,721747.9999842326,725555.0003600549,731481.9999096629,733830.0001948026,736078.9997747291,750358.0000625396,762694.9998764178
694052.9996797412,707410.0000913687,713540.9997040635,714599.0002811395,717083.999742259,731481.9999096629,733830.0001948026,736078.9997747291,739893.0002529188,750358.0000625396,762694.9998764178
694052.9996797412,707410.0000913687,714599.0002811395,717083.999742259,730873.9999786193,731481.9999096629,733024.9997879838,733830.0001948026,736078.9997747291,739893.0002529188,762694.9998764178
698032.9998948644,707410.0000913687,714599.0002811395,717083.999742259,727501.9996945397,730873.9999786193,733024.9997879838,733830.0001948026,736078.9997747291,739893.0002529188,762694.9998764178
698032.9998948644,714599.0002811395,717083.999742259,722146.0002658097,725157.0000784777,727501.9996945397,730873.9999786193,733024.9997879838,733830.0001948026,736078.9997747291,762694.9998764178
697782.9999162646,714599.0002811395,717083.999742259,722146.0002658097,725157.0000784777,727751.9996731395,730873.9999786193,733024.9997879838,733830.0001948026,736078.9997747291,762694.9998764178
697782.9999162646,713784.0000596697,714599.0002811395,717083.999742259,725157.0000784777,730873.9999786193,733024.9997879838,733830.0001948026,736078.9997747291,736113.9998792795,762694.9998764178
713567.9999601138,713784.0000596697,714599.0002811395,715088.99993477,717083.999742259,725157.0000784777,733024.9997879838,733830.0001948026,736078.9997747291,736113.9998792795,762694.9998764178
713784.0000596697,714599.0002811395,714770.0002087033,715088.99993477,717083.999742259,725157.0000784777,733024.9997879838,733830.0001948026,736078.9997747291,736113.9998792795,761492.9996278281
712861.9998839372,714599.0002811395,714770.0002087033,715088.99993477,717083.999742259,726079.0002542102,733024.9997879838,733830.0001948026,736078.9997747291,736113.9998792795,761492.9996278281
712861.9998839372,714599.0002811395,714770.0002087033,715088.99993477,717083.999742259,723576.999620261,726079.0002542102,736078.9997747291,736113.9998792795,743278.0003625255,761492.9996278281
714599.0002811395,714770.0002087033,715088.99993477,715825.9997928455,717083.999742259,723115.0003453019,723576.999620261,736078.9997747291,736113.9998792795,743278.0003625255,761492.9996278281
714599.0002811395,714770.0002087033,715088.99993477,716320.9998350021,717083.999742259,723115.0003453019,723576.999620261,735583.9997325725,736113.9998792795,743278.0003625255,761492.9996278281
714599.0002811395,714770.0002087033,715088.99993477,715518.99987408,717083.999742259,723115.0003453019,723576.999620261,736113.9998792795,736385.9996934946,743278.0003625255,761492.9996278281
713457.0002031194,714599.0002811395,714770.0002087033,715088.99993477,715518.99987408,717083.999742259,723115.0003453019,736113.9998792795,736385.9996934946,753397.9997796671,761492.9996278281
713457.0002031194,714612.0004580602,714770.0002087033,715088.99993477,715518.99987408,717070.9995653384,723115.0003453019,736113.9998792795,736385.9996934946,753397.9997796671,761492.9996278281
713457.0002031194,714612.0004580602,714770.0002087033,715518.99987408,716759.9996392793,717070.9995653384,723115.0003453019,734443.0001747702,736385.9996934946,753397.9997796671,761492.9996278281
713457.0002031194,714612.0004580602,715518.99987408,716759.9996392793,717070.9995653384,722784.9999223035,723115.0003453019,734443.0001747702,736385.9996934946,753397.9997796671,753477.999914228
713457.0002031194,714612.0004580602,715518.99987408,716759.9996392793,717070.9995653384,721143.9998649707,723115.0003453019,734443.0001747702,736385.9996934946,753397.9997796671,755118.9999715608
703419.9998998189,713457.0002031194,714612.0004580602,715518.99987408,716759.9996392793,717070.9995653384,734443.0001747702,736385.9996934946,740839.0003104537,753397.9997796671,755118.9999715608
703419.9998998189,713457.0002031194,714612.0004580602,716759.9996392793,717070.9995653384,726595.9998862698,729762.000298264,734443.0001747702,736385.9996934946,753397.9997796671,755118.9999715608
705775.9998857158,713457.0002031194,714612.0004580602,716759.9996392793,717070.9995653384,726595.9998862698,729762.000298264,732087.0001888734,736385.9996934946,753397.9997796671,755118.9999715608
705775.9998857158,713457.0002031194,714612.0004580602,717070.9995653384,722164.9998620066,726595.9998862698,726681.9999661462,729762.000298264,736385.9996934946,753397.9997796671,755118.9999715608
705775.9998857158,713457.0002031194,714612.0004580602,717070.9995653384,720035.0000563698,726595.9998862698,728811.999771783,729762.000298264,736385.9996934946,753397.9997796671,755118.9999715608
713457.0002031194,714612.0004580602,715514.9999706058,717070.9995653384,720035.0000563698,726595.9998862698,728811.999771783,729762.000298264,736385.9996934946,745379.9998866707,753397.9997796671
713457.0002031194,714612.0004580602,714750.0001427633,715514.9999706058,717070.9995653384,720035.0000563698,728811.999771783,736385.9996934946,741608.0000417705,745379.9998866707,753397.9997796671
713457.0002031194,714612.0004580602,714750.0001427633,715514.9999706058,715723.9999774732,717070.9995653384,720035.0000563698,728811.999771783,745379.9998866707,753397.9997796671,762269.9997577921
713457.0002031194,714612.0004580602,714750.0001427633,715514.9999706058,715723.9999774732,717070.9995653384,720035.0000563698,728091.9998842897,746099.999774164,753397.9997796671,762269.9997577921
703237.0000736194,713457.0002031194,714612.0004580602,715514.9999706058,717070.9995653384,720035.0000563698,727237.000046617,728091.9998842897,746099.999774164,753397.9997796671,762269.9997577921
691725.0000038409,713457.0002031194,714612.0004580602,715514.9999706058,717070.9995653384,720035.0000563698,728091.9998842897,738749.0001163955,746099.999774164,753397.9997796671,762269.9997577921
691725.0000038409,706776.0005634569,713457.0002031194,715514.9999706058,717070.9995653384,727870.9999509731,728091.9998842897,738749.0001163955,746099.999774164,753397.9997796671,762269.9997577921
691725.0000038409,706776.0005634569,713457.0002031194,715514.9999706058,717070.9995653384,722275.9997544042,727870.9999509731,738749.0001163955,746099.999774164,759213.9999095526,762269.9997577921
691725.0000038409,706776.0005634569,713457.0002031194,715514.9999706058,717070.9995653384,722008.0000799425,727870.9999509731,738749.0001163955,746099.999774164,759481.9995840143,762269.9997577921
706776.0005634569,713457.0002031194,714626.9999978577,715514.9999706058,715847.0001223787,717070.9995653384,722008.0000799425,727870.9999509731,746099.999774164,759481.9995840143,762269.9997577921
713457.0002031194,714626.9999978577,715514.9999706058,715847.0001223787,716233.0003112071,717070.9995653384,718414.0002032229,722008.0000799425,746099.999774164,759481.9995840143,762269.9997577921
714626.9999978577,715514.9999706058,715847.0001223787,716233.0003112071,717070.9995653384,718414.0002032229,722008.0000799425,732244.0001917519,740694.9995953818,746099.999774164,762269.9997577921
714626.9999978577,715847.0001223787,716233.0003112071,717070.9995653384,717761.999778576,718414.0002032229,722008.0000799425,729997.0003837817,740694.9995953818,746099.999774164,762269.9997577921
714626.9999978577,715847.0001223787,716233.0003112071,717070.9995653384,718414.0002032229,718613.0002054065,722008.0000799425,729145.9999569512,740694.9995953818,746099.999774164,762269.9997577921
709530.9997806733,714626.9999978577,715847.0001223787,718414.0002032229,718613.0002054065,722008.0000799425,723773.0000958722,729145.9999569512,740694.9995953818,746099.999774164,762269.9997577921
708479.0000300526,714626.9999978577,715847.0001223787,718414.0002032229,718613.0002054065,722008.0000799425,724824.9998464929,729145.9999569512,740694.9995953818,746099.999774164,762269.9997577921
708479.0000300526,714626.9999978577,718414.0002032229,718613.0002054065,722008.0000799425,722924.9997450062,724824.9998464929,729145.9999569512,739022.0001515365,740694.9995953818,762269.9997577921
708479.0000300526,711608.9999451771,714626.9999978577,718414.0002032229,718613.0002054065,724824.9998464929,729145.9999569512,733323.9998797716,739022.0001515365,740694.9995953818,762269.9997577921
708479.0000300526,714265.9997938802,714626.9999978577,715956.0003567034,718414.0002032229,724824.9998464929,729145.9999569512,733323.9998797716,739022.0001515365,740694.9995953818,762269.9997577921
713885.9997896944,714265.9997938802,714626.9999978577,715956.0003567034,718414.0002032229,719418.0000868511,729145.9999569512,733323.9998797716,739022.0001515365,740694.9995953818,762269.9997577921
713885.9997896944,714626.9999978577,714863.9997970931,715956.0003567034,717816.0002000099,719418.0000868511,729145.9999569512,733323.9998797716,739022.0001515365,740694.9995953818,762269.9997577921
713885.9997896944,714626.9999978577,714863.9997970931,715872.999839062,715956.0003567034,717816.0002000099,719418.0000868511,733323.9998797716,739022.0001515365,753967.999713271,762269.9997577921
714626.9999978577,714863.9997970931,715872.999839062,715956.0003567034,716324.9999390616,716978.9999374839,717816.0002000099,733323.9998797716,739022.0001515365,753967.999713271,762269.9997577921
713276.9999151503,714863.9997970931,715872.999839062,715956.0003567034,716324.9999390616,716978.9999374839,717816.0002000099,734673.999962479,739022.0001515365,753967.999713271,762269.9997577921
713276.9999151503,714863.9997970931,715872.999839062,716324.9999390616,716978.9999374839,717816.0002000099,728184.0001023172,734673.999962479,739022.0001515365,741739.9999676573,762269.9997577921
713276.9999151503,714863.9997970931,716324.9999390616,716978.9999374839,717816.0002000099,722000.9997151835,728184.0001023172,734673.999962479,735612.0000915357,739022.0001515365,762269.9997577921
700978.9997995024,713276.9999151503,716324.9999390616,716978.9999374839,722000.9997151835,728184.0001023172,731701.0001976006,734673.999962479,735612.0000915357,739022.0001515365,762269.9997577921
713276.9999151503,714436.9999419436,716324.9999390616,716978.9999374839,721215.9998200379,722000.9997151835,728184.0001023172,731701.0001976006,735612.0000915357,739022.0001515365,762269.9997577921
710453.0001279201,713276.9999151503,714436.9999419436,721215.9998200379,722000.9997151835,722850.9997486254,728184.0001023172,731701.0001976006,735612.0000915357,739022.0001515365,762269.9997577921
710453.0001279201,713084.999868609,713276.9999151503,714436.9999419436,722000.9997151835,722850.9997486254,728184.0001023172,731701.0001976006,735612.0000915357,747153.0001029654,762269.9997577921
710453.0001279201,713084.999868609,713276.9999151503,715676.9999488022,722000.9997151835,722850.9997486254,728184.0001023172,730461.000190742,735612.0000915357,747153.0001029654,762269.9997577921
710453.0001279201,713084.999868609,713276.9999151503,714145.9999323069,722000.9997151835,722850.9997486254,728184.0001023172,731992.0002072372,735612.0000915357,747153.0001029654,762269.9997577921
710453.0001279201,713084.999868609,714145.9999323069,717034.9999227542,722000.9997151835,722850.9997486254,728184.0001023172,728234.0001996334,735612.0000915357,747153.0001029654,762269.9997577921
710453.0001279201,713084.999868609,717034.9999227542,717176.9997634375,722000.9997151835,722850.9997486254,725153.0002711866,728234.0001996334,735612.0000915357,747153.0001029654,762269.9997577921
710453.0001279201,717034.9999227542,717176.9997634375,722000.9997151835,722850.9997486254,725153.0002711866,725189.999948075,728234.0001996334,735048.0000234994,735612.0000915357,762269.9997577921
706335.999807553,710453.0001279201,717034.9999227542,717176.9997634375,722850.9997486254,725189.999948075,728234.0001996334,735048.0000234994,735612.0000915357,740818.0001788171,762269.9997577921
706335.999807553,710453.0001279201,717034.9999227542,717176.9997634375,722850.9997486254,726085.9999298868,728234.0001996334,734152.0000416876,735612.0000915357,740818.0001788171,762269.9997577921
706712.9999468293,710453.0001279201,716799.9996241613,717034.9999227542,722850.9997486254,726085.9999298868,728234.0001996334,734152.0000416876,735612.0000915357,740818.0001788171,762269.9997577921
706712.9999468293,710453.0001279201,717034.9999227542,722850.9997486254,724264.9998299028,726085.9999298868,728234.0001996334,733352.9999730757,734152.0000416876,735612.0000915357,762269.9997577921
706712.9999468293,710453.0001279201,717034.9999227542,719084.0000889716,722850.9997486254,726085.9999298868,728234.0001996334,734152.0000416876,735612.0000915357,738533.9997140069,762269.9997577921
695875.0000412862,710453.0001279201,717034.9999227542,722850.9997486254,726085.9999298868,728234.0001996334,729921.9999945146,734152.0000416876,735612.0000915357,738533.9997140069,762269.9997577921
695875.0000412862,710453.0001279201,715039.0001832856,717034.9999227542,722850.9997486254,729921.9999945146,734152.0000416876,735612.0000915357,738533.9997140069,739280.9999462346,762269.9997577921
710453.0001279201,715039.0001832856,715042.0003300633,716444.9998027587,717034.9999227542,722850.9997486254,729921.9999945146,734152.0000416876,738533.9997140069,739280.9999462346,762269.9997577921
710453.0001279201,715039.0001832856,715042.0003300633,716444.9998027587,717034.9999227542,721712.9996103569,722850.9997486254,729921.9999945146,734152.0000416876,756102.0000498847,762269.9997577921
715039.0001832856,715042.0003300633,715980.0000406235,716444.9998027587,717034.9999227542,717323.999835922,721712.9996103569,729921.9999945146,734152.0000416876,756102.0000498847,762269.9997577921
710210.0001624483,715042.0003300633,715980.0000406235,716444.9998027587,717034.9999227542,717323.999835922,726541.999631194,729921.9999945146,734152.0000416876,756102.0000498847,762269.9997577921
692823.9996205212,710210.0001624483,715042.0003300633,716444.9998027587,717034.9999227542,726541.999631194,729921.9999945146,734152.0000416876,740480.0002560243,756102.0000498847,762269.9997577921
710210.0001624483,712860.999876034,715042.0003300633,716444.9998027587,717034.9999227542,720443.0000005115,726541.999631194,729921.9999945146,734152.0000416876,756102.0000498847,762269.9997577921
694370.0003751785,715042.0003300633,716444.9998027587,717034.9999227542,720443.0000005115,726541.999631194,728700.9996633037,729921.9999945146,734152.0000416876,756102.0000498847,762269.9997577921
694370.0003751785,715042.0003300633,717034.9999227542,717480.9998774718,720443.0000005115,726541.999631194,728700.9996633037,728885.9999198015,734152.0000416876,756102.0000498847,762269.9997577921
694370.0003751785,715498.9999325804,717034.9999227542,717480.9998774718,720443.0000005115,726541.999631194,728429.0003172844,728700.9996633037,734152.0000416876,756102.0000498847,762269.9997577921
694370.0003751785,715498.9999325804,717034.9999227542,717480.9998774718,719946.0001041862,720443.0000005115,728700.9996633037,734152.0000416876,735024.9998442922,756102.0000498847,762269.9997577921
709980.9998521841,715498.9999325804,717034.9999227542,717480.9998774718,719414.0003672866,719946.0001041862,720443.0000005115,728700.9996633037,734152.0000416876,756102.0000498847,762269.9997577921
702541.0001757186,709980.9998521841,715498.9999325804,717034.9999227542,719414.0003672866,720443.0000005115,728700.9996633037,734152.0000416876,734885.9998059395,756102.0000498847,762269.9997577921
702541.0001757186,715498.9999325804,717034.9999227542,717508.9999427969,719414.0003672866,720443.0000005115,727357.9997153267,728700.9996633037,734152.0000416876,756102.0000498847,762269.9997577921
702541.0001757186,715498.9999325804,717034.9999227542,717508.9999427969,720443.0000005115,722802.000129658,725312.9999009322,727357.9997153267,734152.0000416876,756102.0000498847,762269.9997577921
702541.0001757186,704351.0000092612,715498.9999325804,717034.9999227542,720443.0000005115,722802.000129658,725312.9999009322,734152.0000416876,740515.9996488624,756102.0000498847,762269.9997577921
702541.0001757186,715498.9999325804,717034.9999227542,720443.0000005115,722802.000129658,724315.9999179298,725312.9999009322,734152.0000416876,736137.0001412161,740515.9996488624,762269.9997577921
702541.0001757186,713439.0000236108,715498.9999325804,717034.9999227542,720443.0000005115,722802.000129658,725312.9999009322,736137.0001412161,740515.9996488624,745028.9999360066,762269.9997577921
702541.0001757186,713439.0000236108,717034.9999227542,720443.0000005115,721599.0001274023,722802.000129658,725312.9999009322,730036.9999463942,740515.9996488624,745028.9999360066,762269.9997577921
702541.0001757186,717034.9999227542,720443.0000005115,720635.0000586024,721599.0001274023,722802.000129658,725312.9999009322,730036.9999463942,740515.9996488624,745028.9999360066,755073.9997228005
702541.0001757186,717034.9999227542,718244.9998975025,720443.0000005115,720635.0000586024,722802.000129658,728667.000130832,730036.9999463942,740515.9996488624,745028.9999360066,755073.9997228005
702541.0001757186,717034.9999227542,719827.0001579069,720443.0000005115,720635.0000586024,721219.9998692536,728667.000130832,730036.9999463942,740515.9996488624,745028.9999360066,755073.9997228005
702541.0001757186,717034.9999227542,719827.0001579069,720443.0000005115,721219.9998692536,722757.9998191465,728667.000130832,730036.9999463942,740515.9996488624,745028.9999360066,752950.9999622565
702541.0001757186,717034.9999227542,719827.0001579069,720443.0000005115,721219.9998692536,721590.9998392109,722757.9998191465,730036.9999463942,745028.9999360066,747591.9999404835,752950.9999622565
702541.0001757186,717034.9999227542,719827.0001579069,720369.9998083564,720443.0000005115,721219.9998692536,722757.9998191465,730036.9999463942,746249.9999668611,747591.9999404835,752950.9999622565
702541.0001757186,717034.9999227542,719827.0001579069,720369.9998083564,720443.0000005115,721219.9998692536,722519.9999998258,730036.9999463942,746249.9999668611,747591.9999404835,753188.9997815771
702541.0001757186,717034.9999227542,719042.9997888418,719827.0001579069,720443.0000005115,721219.9998692536,722519.9999998258,730036.9999463942,746249.9999668611,748918.9999599981,753188.9997815771
702541.0001757186,717034.9999227542,719042.9997888418,719827.0001579069,720443.0000005115,721219.9998692536,730036.9999463942,733343.9999496783,742364.9998317247,746249.9999668611,748918.9999599981
702541.0001757186,715475.9999886622,717034.9999227542,719042.9997888418,719827.0001579069,726186.9998811029,730036.9999463942,733343.9999496783,742364.9998317247,746249.9999668611,748918.9999599981
702541.0001757186,715475.9999886622,717034.9999227542,719042.9997888418,719827.0001579069,725488.9999518482,726186.9998811029,730036.9999463942,746249.9999668611,748918.9999599981,750219.9998295548
702541.0001757186,715400.9999870332,717034.9999227542,719042.9997888418,719902.0001595359,725488.9999518482,726186.9998811029,730036.9999463942,746249.9999668611,748918.9999599981,750219.9998295548
702541.0001757186,715400.9999870332,717034.9999227542,719042.9997888418,719902.0001595359,724312.9999865736,726186.9998811029,730036.9999463942,746249.9999668611,748918.9999599981,751395.9997948294
702541.0001757186,715400.9999870332,717034.9999227542,719042.9997888418,719902.0001595359,724312.9999865736,730036.9999463942,731192.999827612,741244.0000203521,748918.9999599981,751395.9997948294
703309.000540321,715400.9999870332,717034.9999227542,718274.9994242394,719902.0001595359,724312.9999865736,730036.9999463942,731192.999827612,741244.0000203521,748918.9999599981,751395.9997948294
703309.000540321,715400.9999870332,717034.9999227542,717948.999537351,719902.0001595359,724312.9999865736,730362.9998332827,731192.999827612,741244.0000203521,748918.9999599981,751395.9997948294
703309.000540321,715400.9999870332,717948.999537351,718652.9995915239,719902.0001595359,724312.9999865736,729575.0001588423,730362.9998332827,741244.0000203521,748918.9999599981,751395.9997948294
703309.000540321,710819.000624561,717948.999537351,718652.9995915239,724312.9999865736,724483.9995220082,729575.0001588423,730362.9998332827,741244.0000203521,748918.9999599981,751395.9997948294
703309.000540321,710819.000624561,718652.9995915239,724312.9999865736,724483.9995220082,728993.0001729934,729575.0001588423,730362.9998332827,737874.9993243557,741244.0000203521,751395.9997948294
703309.000540321,710819.000624561,716148.0001008856,724312.9999865736,724483.9995220082,728993.0001729934,729575.0001588423,730362.9998332827,737874.9993243557,743748.9995109903,751395.9997948294
710819.000624561,711574.9996270355,716148.0001008856,724312.9999865736,724483.9995220082,728993.0001729934,729575.0001588423,729609.0002376414,730362.9998332827,743748.9995109903,751395.9997948294
710819.000624561,711574.9996270355,716148.0001008856,724483.9995220082,725368.9998492172,728993.0001729934,729575.0001588423,729609.0002376414,730362.9998332827,743748.9995109903,750339.9999321857
710819.000624561,711574.9996270355,716148.0001008856,718956.0001765811,724483.9995220082,725368.9998492172,729609.0002376414,730362.9998332827,739612.0001552546,743748.9995109903,750339.9999321857
710819.000624561,711574.9996270355,716148.0001008856,718956.0001765811,724483.9995220082,725368.9998492172,729609.0002376414,730362.9998332827,739612.0001552546,743748.9995109903,750339.9999321857
710819.000624561,711574.9996270355,714867.0002406584,720237.0000368083,724483.9995220082,725368.9998492172,729609.0002376414,730362.9998332827,739612.0001552546,743748.9995109903,750339.9999321857
710819.000624561,711574.9996270355,714867.0002406584,724483.9995220082,725368.9998492172,728295.9995563065,729609.0002376414,730362.9998332827,735689.999991492,739612.0001552546,750339.9999321857
697601.9992708119,711574.9996270355,714867.0002406584,724483.9995220082,725368.9998492172,729609.0002376414,730362.9998332827,735689.999991492,739612.0001552546,741513.0009100555,750339.9999321857
697601.9992708119,711574.9996270355,714867.0002406584,720252.0001144591,724483.9995220082,729609.0002376414,730362.9998332827,735689.999991492,739612.0001552546,741513.0009100555,755456.9996669439
697601.9992708119,711574.9996270355,720252.0001144591,722735.0001523301,724483.9995220082,729609.0002376414,730362.9998332827,731744.0002435829,735689.999991492,741513.0009100555,755456.9996669439
697601.9992708119,711574.9996270355,714701.0004359348,720252.0001144591,724483.9995220082,730362.9998332827,731744.0002435829,735689.999991492,737642.9999540368,741513.0009100555,755456.9996669439
697601.9992708119,711574.9996270355,714701.0004359348,723936.9999672647,724483.9995220082,730362.9998332827,731744.0002435829,735689.999991492,737642.9999540368,741513.0009100555,751771.9998141383
697601.9992708119,711574.9996270355,714701.0004359348,721502.0000893208,723936.9999672647,730362.9998332827,731744.0002435829,735689.999991492,737642.9999540368,744495.000342743,751771.9998141383
697601.9992708119,711574.9996270355,714701.0004359348,719800.9998839179,721502.0000893208,723936.9999672647,731744.0002435829,735689.999991492,744495.000342743,748204.9999034016,751771.9998141383
697601.9992708119,711574.9996270355,714701.0004359348,721502.0000893208,723936.9999672647,729620.9998808237,731744.0002435829,735689.999991492,738384.9999064958,744495.000342743,751771.9998141383
698475.9992957705,711574.9996270355,714701.0004359348,720628.0000643622,723936.9999672647,729620.9998808237,731744.0002435829,735689.999991492,738384.9999064958,744495.000342743,751771.9998141383
698475.9992957705,711574.9996270355,714701.0004359348,723936.9999672647,725036.0000432122,729620.9998808237,731744.0002435829,735689.999991492,738384.9999064958,740087.0003638931,751771.9998141383
710944.0002155773,711574.9996270355,714701.0004359348,723936.9999672647,725036.0000432122,727618.9994440863,729620.9998808237,731744.0002435829,735689.999991492,738384.9999064958,751771.9998141383
710944.0002155773,711574.9996270355,714701.0004359348,714954.999720727,725036.0000432122,727618.9994440863,729620.9998808237,731744.0002435829,735689.999991492,738384.9999064958,760754.000060676
710944.0002155773,711574.9996270355,714701.0004359348,714954.999720727,717805.9997216531,725036.0000432122,729620.9998808237,731744.0002435829,738384.9999064958,745502.9997139253,760754.000060676
710944.0002155773,711574.9996270355,714701.0004359348,714954.999720727,725036.0000432122,728586.9998568863,729620.9998808237,731744.0002435829,734721.999578692,738384.9999064958,760754.000060676
711574.9996270355,713497.9999707901,714701.0004359348,714954.999720727,722482.0002879994,728586.9998568863,729620.9998808237,731744.0002435829,734721.999578692,738384.9999064958,760754.000060676
711574.9996270355,713497.9999707901,714701.0004359348,714954.999720727,722602.0000633956,728586.9998568863,729620.9998808237,731744.0002435829,734601.9998032959,738384.9999064958,760754.000060676
711574.9996270355,713497.9999707901,714701.0004359348,714954.999720727,720466.0000316692,722602.0000633956,729620.9998808237,734601.9998032959,738384.9999064958,739865.0000688001,760754.000060676
711574.9996270355,713497.9999707901,714464.9998567784,714701.0004359348,714954.999720727,720466.0000316692,722602.0000633956,729620.9998808237,738384.9999064958,760002.0000153176,760754.000060676
711574.9996270355,713497.9999707901,714464.9998567784,714701.0004359348,714954.999720727,720466.0000316692,722602.0000633956,731378.9998892,736626.9998981195,760002.0000153176,760754.000060676
710288.9998890994,711574.9996270355,713497.9999707901,714464.9998567784,714954.999720727,720466.0000316692,722602.0000633956,731378.9998892,741039.0004449548,760002.0000153176,760754.000060676
710288.9998890994,711574.9996270355,713497.9999707901,714464.9998567784,714954.999720727,722602.0000633956,731378.9998892,733832.0000340624,741039.0004449548,746636.0000129242,760754.000060676
710288.9998890994,711574.9996270355,713497.9999707901,714464.9998567784,714954.999720727,721211.9998990697,722602.0000633956,733832.0000340624,741039.0004449548,756803.0000030545,760754.000060676
697695.9999244143,710288.9998890994,711574.9996270355,714954.999720727,721211.9998990697,722602.0000633956,730266.9999031542,733832.0000340624,741039.0004449548,756803.0000030545,760754.000060676
697695.9999244143,710288.9998890994,714954.999720727,717754.0000793103,721211.9998990697,722602.0000633956,730266.9999031542,733832.0000340624,734859.99999268,756803.0000030545,760754.000060676
697695.9999244143,714954.999720727,717754.0000793103,721211.9998990697,721698.0000915645,722602.0000633956,723450.9997902149,730266.9999031542,733832.0000340624,756803.0000030545,760754.000060676
709492.9999964709,714954.999720727,717754.0000793103,721211.9998990697,721698.0000915645,722034.9999620059,722602.0000633956,723450.9997902149,730266.9999031542,756803.0000030545,760754.000060676
709492.9999964709,714954.999720727,717754.0000793103,721211.9998990697,721698.0000915645,722034.9999620059,723450.9997902149,726065.0002685599,726803.99969799,756803.0000030545,760754.000060676
709492.9999964709,715858.9997433115,717754.0000793103,721211.9998990697,721698.0000915645,722034.9999620059,723450.9997902149,726065.0002685599,726803.99969799,756803.0000030545,759850.0000380913
709492.9999964709,711168.9998958734,715858.9997433115,721211.9998990697,721698.0000915645,722034.9999620059,726065.0002685599,726803.99969799,730035.9999736518,756803.0000030545,759850.0000380913
697431.9999088753,711168.9998958734,715858.9997433115,721698.0000915645,722034.9999620059,726065.0002685599,726803.99969799,730035.9999736518,733272.9999866652,756803.0000030545,759850.0000380913
697431.9999088753,715858.9997433115,717552.0000221281,721698.0000915645,722034.9999620059,723652.9998473971,726065.0002685599,726803.99969799,733272.9999866652,756803.0000030545,759850.0000380913
697431.9999088753,714346.0000618324,715858.9997433115,721698.0000915645,722034.9999620059,726065.0002685599,726803.99969799,726858.9998076928,733272.9999866652,756803.0000030545,759850.0000380913
697431.9999088753,714346.0000618324,714976.0002113928,715858.9997433115,722034.9999620059,726065.0002685599,726803.99969799,733272.9999866652,733580.9996878646,756803.0000030545,759850.0000380913
697431.9999088753,714346.0000618324,714976.0002113928,715858.9997433115,722034.9999620059,724863.0001603155,726803.99969799,733580.9996878646,734475.0000949096,756803.0000030545,759850.0000380913
713259.9998749306,714346.0000618324,714976.0002113928,715858.9997433115,722034.9999620059,724863.0001603155,726803.99969799,733580.9996878646,734475.0000949096,740975.0000369992,759850.0000380913
713259.9998749306,714346.0000618324,714976.0002113928,715858.9997433115,718771.9995852885,722034.9999620059,724863.0001603155,733580.9996878646,740975.0000369992,742507.0002076111,759850.0000380913
711615.0000321782,713259.9998749306,714346.0000618324,714976.0002113928,715858.9997433115,722034.9999620059,732019.9997134258,733580.9996878646,740975.0000369992,742507.0002076111,759850.0000380913
713259.9998749306,714346.0000618324,714976.0002113928,715858.9997433115,716290.9999763262,717359.0000178579,732019.9997134258,733580.9996878646,740975.0000369992,742507.0002076111,759850.0000380913
713259.9998749306,714346.0000618324,714976.0002113928,715858.9997433115,716290.9999763262,717359.0000178579,722618.9999878173,733580.9996878646,740975.0000369992,751907.9999332196,759850.0000380913
706511.0000733134,713259.9998749306,714346.0000618324,714976.0002113928,715858.9997433115,722618.9999878173,727138.9999208708,733580.9996878646,740975.0000369992,751907.9999332196,759850.0000380913
711021.0000304838,713259.9998749306,714346.0000618324,714976.0002113928,715858.9997433115,722618.9999878173,727138.9999208708,733580.9996878646,736465.0000798288,751907.9999332196,759850.0000380913
707721.0001046933,713259.9998749306,714346.0000618324,714976.0002113928,715858.9997433115,722618.9999878173,727138.9999208708,733580.9996878646,739765.0000056193,751907.9999332196,759850.0000380913
707721.0001046933,713259.9998749306,713271.999828492,714346.0000618324,714976.0002113928,722618.9999878173,727138.9999208708,733580.9996878646,739765.0000056193,751907.9999332196,762436.9999529109
707721.0001046933,713259.9998749306,714346.0000618324,714976.0002113928,718724.9998062009,722618.9999878173,727138.9999208708,733580.9996878646,739765.0000056193,751907.9999332196,756983.999975202
707721.0001046933,713259.9998749306,714976.0002113928,716264.9999574802,718724.9998062009,722618.9999878173,727138.9999208708,731661.9997922167,739765.0000056193,751907.9999332196,756983.999975202
713259.9998749306,714428.9999656326,714976.0002113928,716264.9999574802,718724.9998062009,722618.9999878173,727138.9999208708,731661.9997922167,733057.00014468,751907.9999332196,756983.999975202
713259.9998749306,714428.9999656326,714976.0002113928,716264.9999574802,720468.9996390359,722618.9999878173,727138.9999208708,731661.9997922167,733057.00014468,751907.9999332196,755240.000142367
692912.9998542201,714976.0002113928,716264.9999574802,720468.9996390359,722618.9999878173,727138.9999208708,731661.9997922167,733057.00014468,734775.9999863431,751907.9999332196,755240.000142367
692912.9998542201,715251.0001333599,715990.0000355131,720468.9996390359,722618.9999878173,727138.9999208708,731661.9997922167,733057.00014468,734775.9999863431,751907.9999332196,755240.000142367
692912.9998542201,715990.0000355131,718253.0004192609,720468.9996390359,722618.9999878173,727138.9999208708,728659.9995063157,733057.00014468,734775.9999863431,751907.9999332196,755240.000142367
692912.9998542201,718253.0004192609,720468.9996390359,722091.9994839439,722558.0000578848,722618.9999878173,727138.9999208708,733057.00014468,734775.9999863431,751907.9999332196,755240.000142367
692912.9998542201,718253.0004192609,720468.9996390359,722091.9994839439,722558.0000578848,722618.9999878173,727138.9999208708,733057.00014468,738949.9999772148,751066.0001514952,751907.9999332196
702009.9999971094,718253.0004192609,720468.9996390359,722091.9994839439,722558.0000578848,722618.9999878173,727138.9999208708,729852.9998343255,733057.00014468,751066.0001514952,751907.9999332196
702009.9999971094,717929.0001276021,718253.0004192609,720468.9996390359,722091.9994839439,722558.0000578848,727138.9999208708,729852.9998343255,737747.0000048951,751066.0001514952,751907.9999332196
702009.9999971094,705389.9995500926,717929.0001276021,718253.0004192609,720468.9996390359,727138.9999208708,729852.9998343255,737747.0000048951,739259.9999917361,751066.0001514952,751907.9999332196
698043.999937042,705389.9995500926,717929.0001276021,718253.0004192609,720468.9996390359,729852.9998343255,731104.9999809382,737747.0000048951,739259.9999917361,751066.0001514952,751907.9999332196
698043.999937042,705389.9995500926,717929.0001276021,718253.0004192609,718726.000132213,720468.9996390359,729852.9998343255,737747.0000048951,739259.9999917361,751907.9999332196,763445.0000002203
698043.999937042,705389.9995500926,717929.0001276021,718253.0004192609,720468.9996390359,728073.0000191414,729852.9998343255,737747.0000048951,739259.9999917361,751907.9999332196,754098.0001132919
698043.999937042,705389.9995500926,717929.0001276021,718253.0004192609,725707.9997911013,728073.0000191414,729852.9998343255,737747.0000048951,739259.9999917361,748858.9999612265,751907.9999332196
705389.9995500926,714393.9997715878,717929.0001276021,718253.0004192609,721397.0001703494,725707.9997911013,728073.0000191414,729852.9998343255,739259.9999917361,748858.9999612265,751907.9999332196
705389.9995500926,708708.9998621952,717929.0001276021,718253.0004192609,725707.9997911013,727082.0000797419,728073.0000191414,729852.9998343255,739259.9999917361,748858.9999612265,751907.9999332196
705389.9995500926,708708.9998621952,717929.0001276021,718253.0004192609,720761.9997420828,727082.0000797419,728073.0000191414,729852.9998343255,739259.9999917361,751907.9999332196,753805.000010245
705389.9995500926,708708.9998621952,717929.0001276021,718253.0004192609,720761.9997420828,725258.0001455217,727082.0000797419,729852.9998343255,739259.9999917361,751907.9999332196,756619.9998838647
705389.9995500926,708708.9998621952,717929.0001276021,718253.0004192609,720761.9997420828,725721.9997919443,727082.0000797419,729389.000187903,739259.9999917361,751907.9999332196,756619.9998838647
703441.0001891705,705389.9995500926,717929.0001276021,718253.0004192609,720761.9997420828,725721.9997919443,727082.0000797419,734656.9998609277,739259.9999917361,751907.9999332196,756619.9998838647
705389.9995500926,714538.0001883396,717929.0001276021,718253.0004192609,720761.9997420828,723559.9998617586,725721.9997919443,727082.0000797419,739259.9999917361,751907.9999332196,756619.9998838647
705389.9995500926,714538.0001883396,718253.0004192609,720761.9997420828,723559.9998617586,725721.9997919443,727082.0000797419,728650.0001142966,739259.9999917361,741186.9999465252,756619.9998838647
705389.9995500926,718253.0004192609,720761.9997420828,723559.9998617586,724060.0001065738,725721.9997919443,727082.0000797419,728650.0001142966,739259.9999917361,741186.9999465252,747097.9999656305
705389.9995500926,715431.9998702144,718253.0004192609,720761.9997420828,725721.9997919443,727082.0000797419,728650.0001142966,732188.000098118,739259.9999917361,741186.9999465252,747097.9999656305
705389.9995500926,715431.9998702144,717780.9998616237,720761.9997420828,725721.9997919443,727082.0000797419,728650.0001142966,732188.000098118,739732.0005493733,741186.9999465252,747097.9999656305
705389.9995500926,715431.9998702144,717780.9998616237,721426.9998498091,725721.9997919443,727082.0000797419,728650.0001142966,732188.000098118,739732.0005493733,741186.9999465252,746432.9998579042
705389.9995500926,715431.9998702144,717780.9998616237,721426.9998498091,724588.9997699781,725721.9997919443,728650.0001142966,732188.000098118,739732.0005493733,741186.9999465252,748926.000167668
705389.9995500926,715431.9998702144,717780.9998616237,721426.9998498091,724588.9997699781,725721.9997919443,732188.000098118,732924.0001442492,739732.0005493733,741186.9999465252,744652.0001377154
705389.9995500926,714697.9999300623,715431.9998702144,717780.9998616237,721426.9998498091,725721.9997919443,732924.0001442492,739732.0005493733,741186.9999465252,742078.9999380338,744652.0001377154
705389.9995500926,714697.9999300623,715431.9998702144,717780.9998616237,721426.9998498091,725721.9997919443,727406.9999975141,732924.0001442492,739732.0005493733,741186.9999465252,759324.000078235
705389.9995500926,714697.9999300623,715431.9998702144,717780.9998616237,721426.9998498091,725611.9998224841,725721.9997919443,727406.9999975141,739732.0005493733,748499.0002682903,759324.000078235
692174.999266496,714697.9999300623,715431.9998702144,717780.9998616237,721426.9998498091,725611.9998224841,727406.9999975141,738937.0000755409,739732.0005493733,748499.0002682903,759324.000078235
692174.999266496,711162.9998878158,717780.9998616237,718966.999912461,721426.9998498091,725611.9998224841,727406.9999975141,738937.0000755409,739732.0005493733,748499.0002682903,759324.000078235
692174.999266496,711162.9998878158,717780.9998616237,718966.999912461,721426.9998498091,724812.0000260874,728206.9997939108,738937.0000755409,739732.0005493733,748499.0002682903,759324.000078235
692174.999266496,711162.9998878158,715299.0001263391,717780.9998616237,721426.9998498091,724812.0000260874,728206.9997939108,738937.0000755409,739732.0005493733,748499.0002682903,762991.9998643569
692174.999266496,709687.0000828523,715299.0001263391,717780.9998616237,721426.9998498091,726287.9998310509,728206.9997939108,738937.0000755409,739732.0005493733,748499.0002682903,762991.9998643569
692174.999266496,709687.0000828523,717780.9998616237,720312.0000527336,721426.9998498091,726287.9998310509,728206.9997939108,733924.0001491464,739732.0005493733,748499.0002682903,762991.9998643569
692174.999266496,709687.0000828523,717780.9998616237,720312.0000527336,726287.9998310509,728206.9997939108,733924.0001491464,739732.0005493733,741368.0003491762,743050.9993649898,748499.0002682903
692174.999266496,709687.0000828523,720312.0000527336,722640.9998397767,726287.9998310509,728206.9997939108,733924.0001491464,734872.0005712204,741368.0003491762,743050.9993649898,748499.0002682903
691138.0001673595,709687.0000828523,720312.0000527336,722640.9998397767,726287.9998310509,728206.9997939108,733924.0001491464,735908.999670357,741368.0003491762,743050.9993649898,748499.0002682903
695741.0002080596,709687.0000828523,718037.9997990766,720312.0000527336,726287.9998310509,728206.9997939108,733924.0001491464,735908.999670357,741368.0003491762,743050.9993649898,748499.0002682903
695741.0002080596,709687.0000828523,720312.0000527336,726287.9998310509,726825.0000181298,727121.9994513037,728206.9997939108,733924.0001491464,741368.0003491762,743050.9993649898,748499.0002682903
695741.0002080596,709687.0000828523,720312.0000527336,721651.9996618872,726287.9998310509,728206.9997939108,732294.9998075464,733924.0001491464,741368.0003491762,743050.9993649898,748499.0002682903
695741.0002080596,717239.999950554,718734.9999633492,720312.0000527336,721651.9996618872,728206.9997939108,732294.9998075464,733924.0001491464,741368.0003491762,743050.9993649898,748499.0002682903
695741.0002080596,713768.9999022185,720312.0000527336,721651.9996618872,722206.0000116847,728206.9997939108,732294.9998075464,733924.0001491464,741368.0003491762,743050.9993649898,748499.0002682903
695741.0002080596,713768.9999022185,717071.9997430658,720312.0000527336,721651.9996618872,722206.0000116847,732294.9998075464,733924.0001491464,741368.0003491762,743050.9993649898,759634.0003191353
695741.0002080596,713768.9999022185,717071.9997430658,719205.0000838257,721651.9996618872,722206.0000116847,733401.9997764543,733924.0001491464,741368.0003491762,743050.9993649898,759634.0003191353
695741.0002080596,713768.9999022185,717071.9997430658,719205.0000838257,721651.9996618872,722206.0000116847,731771.9999188303,733401.9997764543,733924.0001491464,752646.9997953357,759634.0003191353
695741.0002080596,713768.9999022185,717071.9997430658,719205.0000838257,722206.0000116847,726698.9999600978,728354.9994782436,731771.9999188303,733924.0001491464,752646.9997953357,759634.0003191353
695741.0002080596,713768.9999022185,716406.999872339,717071.9997430658,722206.0000116847,726698.9999600978,728354.9994782436,733924.0001491464,734570.000130317,752646.9997953357,759634.0003191353
695741.0002080596,715044.9999561282,715795.9996891561,716406.999872339,722206.0000116847,726698.9999600978,728354.9994782436,733924.0001491464,734570.000130317,752646.9997953357,759634.0003191353
695741.0002080596,715044.9999561282,716406.999872339,721757.0003776129,722206.0000116847,726698.9999600978,728354.9994782436,733924.0001491464,734570.000130317,752646.9997953357,753672.9996306783
695741.0002080596,715044.9999561282,715566.0001068577,716406.999872339,721757.0003776129,722206.0000116847,726698.9999600978,728354.9994782436,752646.9997953357,752928.0001726057,753672.9996306783
695741.0002080596,703956.0000809376,715044.9999561282,716406.999872339,721757.0003776129,726698.9999600978,728354.9994782436,733816.0000376048,752646.9997953357,752928.0001726057,753672.9996306783
703956.0000809376,715044.9999561282,716406.999872339,716744.0002326219,721757.0003776129,726698.9999600978,728354.9994782436,731925.0001480434,733816.0000376048,752646.9997953357,753672.9996306783
703956.0000809376,715044.9999561282,716744.0002326219,721757.0003776129,726698.9999600978,728354.9994782436,731629.9998937305,731925.0001480434,733816.0000376048,737423.9997739441,753672.9996306783
703956.0000809376,715044.9999561282,717160.9994769604,721757.0003776129,726698.9999600978,727938.0002339052,731629.9998937305,731925.0001480434,733816.0000376048,737423.9997739441,753672.9996306783
698764.0001342555,715044.9999561282,717160.9994769604,721757.0003776129,726698.9999600978,727938.0002339052,731629.9998937305,733816.0000376048,737117.0000947255,737423.9997739441,753672.9996306783
698764.0001342555,710884.99991016,717160.9994769604,721757.0003776129,726698.9999600978,727938.0002339052,731629.9998937305,737117.0000947255,737423.9997739441,737976.0000835729,753672.9996306783
709524.0001414545,710884.99991016,715938.9999528988,717160.9994769604,721757.0003776129,727938.0002339052,731629.9998937305,737117.0000947255,737423.9997739441,737976.0000835729,753672.9996306783
708440.0003431751,709524.0001414545,715938.9999528988,717160.9994769604,724201.9999445977,727938.0002339052,731629.9998937305,737117.0000947255,737423.9997739441,737976.0000835729,753672.9996306783
708440.0003431751,709524.0001414545,715938.9999528988,717160.9994769604,723407.9996819338,724201.9999445977,727938.0002339052,737117.0000947255,737976.0000835729,745645.9999857408,753672.9996306783
708440.0003431751,709524.0001414545,715938.9999528988,719269.9997325166,723407.9996819338,724201.9999445977,725828.999978349,737117.0000947255,737976.0000835729,745645.9999857408,753672.9996306783
708440.0003431751,709524.0001414545,715410.9999450329,719269.9997325166,723407.9996819338,724201.9999445977,725828.999978349,737645.0001025915,737976.0000835729,745645.9999857408,753672.9996306783
708440.0003431751,709524.0001414545,715410.9999450329,719269.9997325166,719700.9999555402,724201.9999445977,725828.999978349,737645.0001025915,737976.0000835729,749352.9997121344,753672.9996306783
708440.0003431751,709524.0001414545,715410.9999450329,717700.9999411157,719269.9997325166,725828.999978349,726201.9999590222,737645.0001025915,737976.0000835729,749352.9997121344,753672.9996306783
708440.0003431751,709524.0001414545,716587.9998968252,717700.9999411157,719269.9997325166,725828.999978349,726201.9999590222,736468.0001507992,737976.0000835729,749352.9997121344,753672.9996306783
700437.9998975063,709524.0001414545,716587.9998968252,717700.9999411157,719269.9997325166,725828.999978349,734204.000404691,736468.0001507992,737976.0000835729,749352.9997121344,753672.9996306783
702304.9998904619,709524.0001414545,716587.9998968252,717700.9999411157,719269.9997325166,725828.999978349,732337.0004117354,736468.0001507992,737976.0000835729,749352.9997121344,753672.9996306783
702304.9998904619,709524.0001414545,717700.9999411157,719269.9997325166,720925.0000660142,725828.999978349,732130.9999816101,732337.0004117354,737976.0000835729,749352.9997121344,753672.9996306783
708444.9999253819,709524.0001414545,714785.0000310943,717700.9999411157,719269.9997325166,725828.999978349,732130.9999816101,732337.0004117354,737976.0000835729,749352.9997121344,753672.9996306783
708444.9999253819,713287.0003315425,714785.0000310943,715506.9995424286,717700.9999411157,725828.999978349,732130.9999816101,732337.0004117354,737976.0000835729,749352.9997121344,753672.9996306783
699632.9998556509,713287.0003315425,714785.0000310943,715506.9995424286,717700.9999411157,725828.999978349,732130.9999816101,737976.0000835729,741149.0004814663,749352.9997121344,753672.9996306783
699632.9998556509,704804.0003621904,714785.0000310943,717700.9999411157,723989.9995117807,725828.999978349,732130.9999816101,737976.0000835729,741149.0004814663,749352.9997121344,753672.9996306783
699632.9998556509,704804.0003621904,717700.9999411157,721562.0001969587,723989.9995117807,725828.999978349,731198.9999177086,732130.9999816101,741149.0004814663,749352.9997121344,753672.9996306783
699632.9998556509,704804.0003621904,717700.9999411157,723039.0001513679,723989.9995117807,725828.999978349,729721.9999632994,732130.9999816101,741149.0004814663,749352.9997121344,753672.9996306783
699632.9998556509,704804.0003621904,717700.9999411157,720581.000016852,723989.9995117807,725828.999978349,729721.9999632994,734589.0001161259,741149.0004814663,749352.9997121344,753672.9996306783
699632.9998556509,704804.0003621904,713102.0001801344,717700.9999411157,723989.9995117807,725828.999978349,734589.0001161259,737200.999800017,741149.0004814663,749352.9997121344,753672.9996306783
704804.0003621904,713102.0001801344,717700.9999411157,723968.9996681451,723989.9995117807,725828.999978349,729336.9998181842,734589.0001161259,737200.999800017,741149.0004814663,749352.9997121344
704804.0003621904,713102.0001801344,717700.9999411157,723913.0001251221,723989.9995117807,725828.999978349,729336.9998181842,734589.0001161259,737200.999800017,741205.0000244892,749352.9997121344
704804.0003621904,713102.0001801344,717675.9997574628,723913.0001251221,723989.9995117807,725828.999978349,729336.9998181842,734589.0001161259,737200.999800017,741205.0000244892,749377.9998957873
707382.9996477079,713102.0001801344,717675.9997574628,721411.0002262632,723913.0001251221,725828.999978349,729336.9998181842,734589.0001161259,737200.999800017,741205.0000244892,749377.9998957873
707382.9996477079,713102.0001801344,717675.9997574628,721411.0002262632,725828.999978349,725902.0007168024,729336.9998181842,734589.0001161259,737200.999800017,739215.999432809,749377.9998957873
707382.9996477079,713102.0001801344,713692.0000084346,717675.9997574628,721411.0002262632,725828.999978349,725902.0007168024,729336.9998181842,739215.999432809,749377.9998957873,758097.9999077083
707382.9996477079,713102.0001801344,713692.0000084346,717675.9997574628,721411.0002262632,722178.0005547536,725828.999978349,729336.9998181842,742939.9995948578,749377.9998957873,758097.9999077083
707382.9996477079,713102.0001801344,713692.0000084346,721411.0002262632,722178.0005547536,724542.9999571929,725828.999978349,729336.9998181842,742510.9996960572,742939.9995948578,758097.9999077083
707382.9996477079,713102.0001801344,721411.0002262632,722178.0005547536,724542.9999571929,725788.9999851439,725828.999978349,729336.9998181842,742510.9996960572,742939.9995948578,746000.999930999
707382.9996477079,713102.0001801344,721411.0002262632,722618.9996359993,724542.9999571929,725788.9999851439,725828.999978349,728896.0007369384,742510.9996960572,742939.9995948578,746000.999930999
707382.9996477079,714580.9997148253,721140.0001013085,721411.0002262632,724542.9999571929,725788.9999851439,725828.999978349,728896.0007369384,742510.9996960572,742939.9995948578,746000.999930999
707382.9996477079,713196.9999333324,714580.9997148253,721140.0001013085,721411.0002262632,724542.9999571929,725788.9999851439,725828.999978349,742510.9996960572,742939.9995948578,761700.000734605
707382.9996477079,713196.9999333324,713205.0004644486,721140.0001013085,721411.0002262632,724542.9999571929,725788.9999851439,725828.999978349,742510.9996960572,742939.9995948578,763075.9999849817
707382.9996477079,713196.9999333324,716484.000185938,721140.0001013085,721411.0002262632,724542.9999571929,725788.9999851439,725828.999978349,739660.9998733684,742510.9996960572,763075.9999849817
707382.9996477079,711940.0000147749,713196.9999333324,716484.000185938,721411.0002262632,725788.9999851439,725828.999978349,733743.0000437265,739660.9998733684,742510.9996960572,763075.9999849817
707382.9996477079,707847.99999769,711940.0000147749,716484.000185938,721411.0002262632,725788.9999851439,731177.9999139914,733743.0000437265,739660.9998733684,742510.9996960572,763075.9999849817
707382.9996477079,707847.99999769,716484.000185938,718696.0000791283,721411.0002262632,725788.9999851439,726986.9999793731,731177.9999139914,739660.9998733684,742510.9996960572,763075.9999849817
707382.9996477079,707847.99999769,716484.000185938,721411.0002262632,723738.9996535258,725788.9999851439,726986.9999793731,731177.9999139914,737468.0001216597,739660.9998733684,763075.9999849817
707382.9996477079,708573.0000819502,716484.000185938,721411.0002262632,723738.9996535258,725788.9999851439,726986.9999793731,730452.9998297312,737468.0001216597,739660.9998733684,763075.9999849817
707382.9996477079,708573.0000819502,713848.0003278045,721411.0002262632,723738.9996535258,725788.9999851439,726986.9999793731,730452.9998297312,737468.0001216597,742296.9997315019,763075.9999849817
707382.9996477079,713848.0003278045,717956.9999698702,721068.9999418112,721411.0002262632,723738.9996535258,725788.9999851439,726986.9999793731,737468.0001216597,742296.9997315019,763075.9999849817
713848.0003278045,714157.0000150074,714636.9998589637,717956.9999698702,721068.9999418112,723738.9996535258,725788.9999851439,726986.9999793731,737468.0001216597,742296.9997315019,763075.9999849817
714157.0000150074,714636.9998589637,715367.9994395672,717956.9999698702,721068.9999418112,723738.9996535258,725788.9999851439,726986.9999793731,737468.0001216597,740777.0006197392,763075.9999849817
701777.9999565709,714636.9998589637,715367.9994395672,717956.9999698702,723738.9996535258,725788.9999851439,726986.9999793731,733448.0000002477,737468.0001216597,740777.0006197392,763075.9999849817
701777.9999565709,714636.9998589637,715367.9994395672,717660.0001284161,723738.9996535258,725788.9999851439,726986.9999793731,733744.9998417017,737468.0001216597,740777.0006197392,763075.9999849817
701777.9999565709,714636.9998589637,715367.9994395672,715711.9999128919,717660.0001284161,723738.9996535258,726986.9999793731,737468.0001216597,740777.0006197392,743821.9999139537,763075.9999849817
701777.9999565709,714636.9998589637,715367.9994395672,717660.0001284161,723651.9999042314,723738.9996535258,726986.9999793731,735881.9999226142,737468.0001216597,740777.0006197392,763075.9999849817
701777.9999565709,714546.0001304671,714636.9998589637,715367.9994395672,717660.0001284161,723651.9999042314,726986.9999793731,735881.9999226142,740777.0006197392,746660.9996447184,763075.9999849817
692008.9999778208,714546.0001304671,714636.9998589637,715367.9994395672,723651.9999042314,726986.9999793731,727429.0001071662,735881.9999226142,740777.0006197392,746660.9996447184,763075.9999849817
692008.9999778208,714546.0001304671,714636.9998589637,720156.9993958814,723651.9999042314,726986.9999793731,727429.0001071662,735881.9999226142,740777.0006197392,746660.9996447184,758287.0000286675
692008.9999778208,714546.0001304671,718999.0002591724,720156.9993958814,723066.9997069575,723651.9999042314,726986.9999793731,735881.9999226142,740777.0006197392,746660.9996447184,758287.0000286675
692008.9999778208,714546.0001304671,718999.0002591724,723066.9997069575,723651.9999042314,726986.9999793731,728249.9994683091,735881.9999226142,740777.0006197392,746660.9996447184,750193.9999562398
692008.9999778208,714546.0001304671,718999.0002591724,723066.9997069575,723651.9999042314,726986.9999793731,733637.0000517797,735390.0000362686,735881.9999226142,746660.9996447184,750193.9999562398
692008.9999778208,714546.0001304671,718999.0002591724,723066.9997069575,723651.9999042314,726986.9999793731,728495.0000357352,733637.0000517797,735881.9999226142,746660.9996447184,757088.9999567732
692008.9999778208,714546.0001304671,718999.0002591724,723066.9997069575,723651.9999042314,725896.9995893694,726986.9999793731,733637.0000517797,735881.9999226142,746660.9996447184,759687.000403139
701782.0001226536,713878.9997593986,714546.0001304671,718999.0002591724,723066.9997069575,725896.9995893694,726986.9999793731,733637.0000517797,735881.9999226142,746660.9996447184,759687.000403139
701782.0001226536,713878.9997593986,714546.0001304671,718999.0002591724,723066.9997069575,726029.000159577,726986.9999793731,733637.0000517797,735881.9999226142,746660.9996447184,759554.9998329314
701782.0001226536,713878.9997593986,714546.0001304671,716014.9998467489,718999.0002591724,723066.9997069575,726029.000159577,733637.0000517797,735881.9999226142,757632.9997773425,759554.9998329314
701782.0001226536,713878.9997593986,716014.9998467489,718999.0002591724,723066.9997069575,724435.9999503165,725992.0001027648,726029.000159577,733637.0000517797,757632.9997773425,759554.9998329314
701782.0001226536,713878.9997593986,716014.9998467489,718999.0002591724,723066.9997069575,724435.9999503165,726029.000159577,733637.0000517797,739641.9998427365,743983.0000373708,759554.9998329314
701782.0001226536,713878.9997593986,714152.0000371583,716014.9998467489,718999.0002591724,723066.9997069575,724435.9999503165,739641.9998427365,743983.0000373708,745514.0001741984,759554.9998329314
701782.0001226536,713324.9999144066,713878.9997593986,714152.0000371583,716014.9998467489,718999.0002591724,723066.9997069575,739641.9998427365,743983.0000373708,756625.0002101085,759554.9998329314
701782.0001226536,713324.9999144066,713878.9997593986,714152.0000371583,716014.9998467489,718999.0002591724,723066.9997069575,737514.9999844603,746109.999895647,756625.0002101085,759554.9998329314
701782.0001226536,713324.9999144066,713878.9997593986,716014.9998467489,718999.0002591724,721691.0002936871,723066.9997069575,737514.9999844603,746109.999895647,749085.9999535796,759554.9998329314
701782.0001226536,713324.9999144066,713878.9997593986,716014.9998467489,718999.0002591724,721691.0002936871,723066.9997069575,729430.999930896,749085.9999535796,754193.9999492115,759554.9998329314
701782.0001226536,712911.9998871114,713878.9997593986,716014.9998467489,718999.0002591724,721691.0002936871,723066.9997069575,729430.999930896,749085.9999535796,754606.9999765067,759554.9998329314
701782.0001226536,712911.9998871114,713878.9997593986,714179.0000195345,716014.9998467489,718999.0002591724,723066.9997069575,729430.999930896,749085.9999535796,759554.9998329314,762119.0002506593
694739.0002633026,712911.9998871114,714179.0000195345,716014.9998467489,718999.0002591724,720921.9996187496,723066.9997069575,729430.999930896,749085.9999535796,759554.9998329314,762119.0002506593
704709.999799745,712911.9998871114,713096.000170515,714179.0000195345,716014.9998467489,718999.0002591724,720921.9996187496,729430.999930896,749085.9999535796,759554.9998329314,762119.0002506593
704709.999799745,708460.0000142603,712911.9998871114,714179.0000195345,716014.9998467489,718999.0002591724,725557.9997750043,729430.999930896,749085.9999535796,759554.9998329314,762119.0002506593
704709.999799745,710657.0000962405,712911.9998871114,714179.0000195345,716014.9998467489,718999.0002591724,723360.9996930242,729430.999930896,749085.9999535796,759554.9998329314,762119.0002506593
704709.999799745,710657.0000962405,713599.0003268977,714179.0000195345,716014.9998467489,718999.0002591724,723360.9996930242,729430.999930896,749085.9999535796,759554.9998329314,761431.999810873
704709.999799745,713066.9997848601,713599.0003268977,714179.0000195345,716014.9998467489,718999.0002591724,720951.0000044047,729430.999930896,749085.9999535796,759554.9998329314,761431.999810873
704709.999799745,709376.9999399923,713599.0003268977,714179.0000195345,716014.9998467489,718999.0002591724,724640.9998492724,729430.999930896,749085.9999535796,759554.9998329314,761431.999810873
704709.999799745,709376.9999399923,714179.0000195345,716014.9998467489,716150.9999424731,718999.0002591724,724640.9998492724,729430.999930896,749085.9999535796,758880.0001952975,759554.9998329314
704709.999799745,709376.9999399923,716014.9998467489,716150.9999424731,718999.0002591724,720103.9999755685,723505.999974862,724640.9998492724,749085.9999535796,758880.0001952975,759554.9998329314
704919.999860596,709376.9999399923,716014.9998467489,716150.9999424731,718999.0002591724,720103.9999755685,723505.999974862,724430.9997884214,749085.9999535796,758880.0001952975,759554.9998329314
704919.999860596,706431.9999332781,709376.9999399923,716014.9998467489,716150.9999424731,718999.0002591724,724430.9997884214,737178.0000171524,749085.9999535796,758880.0001952975,759554.9998329314
704919.999860596,706431.9999332781,709376.9999399923,716014.9998467489,718999.0002591724,724430.9997884214,728661.9994199111,737178.0000171524,747044.0003554935,749085.9999535796,758880.0001952975
704919.999860596,706431.9999332781,709376.9999399923,716014.9998467489,718999.0002591724,724430.9997884214,737036.9998075553,737178.0000171524,738668.9999678492,749085.9999535796,758880.0001952975
706431.9999332781,709376.9999399923,713547.9998050542,715802.9998439634,716014.9998467489,718999.0002591724,737036.9998075553,737178.0000171524,738668.9999678492,749085.9999535796,758880.0001952975
706768.9998416875,709376.9999399923,713547.9998050542,715677.9999383395,715802.9998439634,718999.0002591724,737036.9998075553,737178.0000171524,738668.9999678492,749085.9999535796,758880.0001952975
706768.9998416875,709376.9999399923,713547.9998050542,715677.9999383395,715802.9998439634,716987.000096492,718999.0002591724,737178.0000171524,749085.9999535796,758718.9996789126,758880.0001952975
706768.9998416875,709376.9999399923,713547.9998050542,715677.9999383395,715802.9998439634,718999.0002591724,736092.9997622522,737178.0000171524,739613.0000131524,749085.9999535796,758880.0001952975
706768.9998416875,709376.9999399923,713547.9998050542,714960.0000839201,715677.9999383395,719842.0000192157,736092.9997622522,737178.0000171524,739613.0000131524,749085.9999535796,758880.0001952975
706768.9998416875,709376.9999399923,713547.9998050542,714960.0000839201,715677.9999383395,716687.0000097001,719842.0000192157,739613.0000131524,749085.9999535796,756583.9997697045,758880.0001952975
708409.0001627624,709376.9999399923,713547.9998050542,714037.9996172646,714960.0000839201,716687.0000097001,719842.0000192157,739613.0000131524,749085.9999535796,756583.9997697045,758880.0001952975
704648.0002007374,709376.9999399923,713547.9998050542,714960.0000839201,716687.0000097001,717798.9995792896,719842.0000192157,739613.0000131524,749085.9999535796,756583.9997697045,758880.0001952975
698803.0000059025,709376.9999399923,713547.9998050542,714960.0000839201,717798.9995792896,719842.0000192157,722532.000204535,739613.0000131524,749085.9999535796,756583.9997697045,758880.0001952975
698803.0000059025,709376.9999399923,713547.9998050542,714960.0000839201,717798.9995792896,719842.0000192157,721841.9996954231,739613.0000131524,749085.9999535796,757274.0002788164,758880.0001952975
698803.0000059025,709376.9999399923,713547.9998050542,714960.0000839201,717798.9995792896,719842.0000192157,724795.9997590367,739613.0000131524,749085.9999535796,754320.0002152028,758880.0001952975
698803.0000059025,709376.9999399923,713547.9998050542,714960.0000839201,717798.9995792896,719044.9997658741,719842.0000192157,739613.0000131524,749085.9999535796,758880.0001952975,760071.0002083654
698803.0000059025,703500.0003749118,709376.9999399923,713547.9998050542,717798.9995792896,719044.9997658741,731301.999728224,739613.0000131524,749085.9999535796,758880.0001952975,760071.0002083654
697338.999980344,698803.0000059025,713547.9998050542,715538.0003345602,717798.9995792896,719044.9997658741,731301.999728224,739613.0000131524,749085.9999535796,758880.0001952975,760071.0002083654
697338.999980344,698803.0000059025,713547.9998050542,717798.9995792896,718809.0000153235,719044.9997658741,728031.0000474607,739613.0000131524,749085.9999535796,758880.0001952975,760071.0002083654
697338.999980344,698803.0000059025,702078.9997749417,717798.9995792896,719044.9997658741,728031.0000474607,730278.000045436,739613.0000131524,749085.9999535796,758880.0001952975,760071.0002083654
697338.999980344,702078.9997749417,717798.9995792896,719044.9997658741,722071.000036735,728031.0000474607,730278.000045436,736803.0001775329,739613.0000131524,749085.9999535796,758880.0001952975
697338.999980344,714259.9996819793,715850.0001404231,717798.9995792896,719044.9997658741,722071.000036735,730278.000045436,736803.0001775329,739613.0000131524,749085.9999535796,758880.0001952975
697338.999980344,714259.9996819793,715850.0001404231,717798.9995792896,719044.9997658741,722071.000036735,730278.000045436,735102.0002449459,739613.0000131524,749085.9999535796,760581.0001278846
697338.999980344,714259.9996819793,715850.0001404231,717798.9995792896,717980.9997683447,722071.000036735,730278.000045436,735102.0002449459,739613.0000131524,749085.9999535796,761645.000125414
697338.999980344,714259.9996819793,715850.0001404231,717798.9995792896,717980.9997683447,730278.000045436,733576.0001247224,735102.0002449459,739613.0000131524,749085.9999535796,750140.0000374266
697338.999980344,711386.000190376,717798.9995792896,717980.9997683447,718723.9996320264,730278.000045436,733576.0001247224,735102.0002449459,739613.0000131524,749085.9999535796,750140.0000374266
697338.999980344,711386.000190376,717798.9995792896,718723.9996320264,719387.9999295289,730278.000045436,733576.0001247224,733695.0000837616,739613.0000131524,749085.9999535796,750140.0000374266
697338.999980344,698301.9996468741,717798.9995792896,719387.9999295289,730278.000045436,731808.0001755282,733576.0001247224,733695.0000837616,739613.0000131524,749085.9999535796,750140.0000374266
697338.999980344,698301.9996468741,715563.0000909627,717798.9995792896,730278.000045436,731808.0001755282,733576.0001247224,733695.0000837616,739613.0000131524,749085.9999535796,753964.9998759928
691832.0002219353,698301.9996468741,715563.0000909627,717798.9995792896,731808.0001755282,733576.0001247224,733695.0000837616,735784.9998038447,739613.0000131524,749085.9999535796,753964.9998759928
691832.0002219353,698301.9996468741,715563.0000909627,717798.9995792896,725359.9999823505,731808.0001755282,733576.0001247224,735784.9998038447,739613.0000131524,749085.9999535796,762299.9999774039
691832.0002219353,698301.9996468741,714573.0001705078,717798.9995792896,726349.9999028054,731808.0001755282,733576.0001247224,735784.9998038447,739613.0000131524,749085.9999535796,762299.9999774039
691832.0002219353,698301.9996468741,702909.000044107,717798.9995792896,731808.0001755282,733576.0001247224,735784.9998038447,738014.0000292063,739613.0000131524,749085.9999535796,762299.9999774039
691832.0002219353,698301.9996468741,713901.0000769157,717798.9995792896,722584.0000919136,731808.0001755282,735784.9998038447,738014.0000292063,739613.0000131524,749085.9999535796,762299.9999774039
691832.0002219353,698301.9996468741,714190.9999069716,717508.9997492337,722584.0000919136,731808.0001755282,735784.9998038447,738014.0000292063,739613.0000131524,749085.9999535796,762299.9999774039
691832.0002219353,707429.0000052173,714190.9999069716,717508.9997492337,722584.0000919136,722680.9998171851,735784.9998038447,738014.0000292063,739613.0000131524,749085.9999535796,762299.9999774039
691832.0002219353,707429.0000052173,717096.9999734092,717508.9997492337,719678.0000254759,722680.9998171851,735784.9998038447,738014.0000292063,739613.0000131524,749085.9999535796,762299.9999774039
691832.0002219353,707429.0000052173,717508.9997492337,719678.0000254759,722680.9998171851,724910.0001945978,730200.9998080177,735784.9998038447,739613.0000131524,749085.9999535796,762299.9999774039
691832.0002219353,713517.0002626034,717508.9997492337,719678.0000254759,722680.9998171851,724910.0001945978,729696.9995464587,730200.9998080177,739613.0000131524,749085.9999535796,762299.9999774039
691832.0002219353,713517.0002626034,717508.9997492337,719678.0000254759,722680.9998171851,724910.0001945978,729696.9995464587,730200.9998080177,736059.0000385835,752639.9999281485,762299.9999774039
706097.0000508138,713517.0002626034,715431.9997175803,717508.9997492337,719678.0000254759,722680.9998171851,724910.0001945978,730200.9998080177,736059.0000385835,752639.9999281485,762299.9999774039
704893.0000439652,713517.0002626034,715431.9997175803,717508.9997492337,720882.0000323245,722680.9998171851,724910.0001945978,730200.9998080177,736059.0000385835,752639.9999281485,762299.9999774039
704893.0000439652,713517.0002626034,715431.9997175803,717508.9997492337,720882.0000323245,722680.9998171851,724910.0001945978,733727.0000876804,736059.0000385835,752639.9999281485,758773.9996977412
703986.0001246572,704893.0000439652,713517.0002626034,715431.9997175803,717508.9997492337,722680.9998171851,733727.0000876804,736059.0000385835,741806.000102265,752639.9999281485,758773.9996977412
704893.0000439652,713517.0002626034,715431.9997175803,717508.9997492337,720418.0001184195,722680.9998171851,725374.0001085027,733727.0000876804,736059.0000385835,752639.9999281485,758773.9996977412
704893.0000439652,712831.9997252029,713517.0002626034,715431.9997175803,720418.0001184195,722680.9998171851,730051.0001325335,733727.0000876804,736059.0000385835,752639.9999281485,758773.9996977412
703518.9998325309,704893.0000439652,712831.9997252029,720418.0001184195,722680.9998171851,725430.0001476528,730051.0001325335,733727.0000876804,736059.0000385835,752639.9999281485,758773.9996977412
703518.9998325309,704893.0000439652,712831.9997252029,722073.0001240227,722680.9998171851,725430.0001476528,730051.0001325335,733727.0000876804,734404.0000329803,752639.9999281485,758773.9996977412
703518.9998325309,704893.0000439652,714660.9997284634,720244.0001207623,722680.9998171851,725430.0001476528,730051.0001325335,733727.0000876804,734404.0000329803,752639.9999281485,758773.9996977412
703518.9998325309,704893.0000439652,716088.9996597982,718816.0001894274,722680.9998171851,725430.0001476528,730051.0001325335,733727.0000876804,734404.0000329803,752639.9999281485,758773.9996977412
703518.9998325309,704893.0000439652,709064.0000591055,716088.9996597982,718816.0001894274,730051.0001325335,733727.0000876804,734404.0000329803,739046.9999057325,752639.9999281485,758773.9996977412
703518.9998325309,704893.0000439652,709064.0000591055,716088.9996597982,726559.9999251305,730051.0001325335,733727.0000876804,734404.0000329803,739046.9999057325,744896.0001924454,758773.9996977412
703518.9998325309,704893.0000439652,709064.0000591055,716088.9996597982,716603.9998743419,730051.0001325335,733727.0000876804,734404.0000329803,739046.9999057325,754852.000243234,758773.9996977412
703518.9998325309,704893.0000439652,709064.0000591055,716603.9998743419,717372.999772812,730051.0001325335,733727.0000876804,734404.0000329803,739046.9999057325,753568.0001302202,758773.9996977412
703518.9998325309,704893.0000439652,709064.0000591055,716603.9998743419,717372.999772812,732975.9998184475,733727.0000876804,734404.0000329803,739046.9999057325,753568.0001302202,755849.0000118272
703518.9998325309,704893.0000439652,709064.0000591055,713391.9997100318,716603.9998743419,717372.999772812,734404.0000329803,739046.9999057325,753311.0001960961,753568.0001302202,755849.0000118272
703518.9998325309,704893.0000439652,709064.0000591055,713391.9997100318,715276.9998116351,717372.999772812,735731.0000956871,739046.9999057325,753311.0001960961,753568.0001302202,755849.0000118272
703518.9998325309,704893.0000439652,709064.0000591055,713391.9997100318,717372.999772812,730528.9997747769,735731.0000956871,738316.0001670785,739046.9999057325,753311.0001960961,755849.0000118272
703518.9998325309,703994.9996817515,709064.0000591055,714290.0000722456,717372.999772812,730528.9997747769,735731.0000956871,738316.0001670785,739046.9999057325,753311.0001960961,755849.0000118272
703518.9998325309,703994.9996817515,709064.0000591055,714290.0000722456,717372.999772812,717600.9998061471,735731.0000956871,739046.9999057325,751244.0001357083,753311.0001960961,755849.0000118272
703518.9998325309,709064.0000591055,714290.0000722456,717372.999772812,717600.9998061471,726935.0000226656,730370.999855182,735731.0000956871,739046.9999057325,751244.0001357083,755849.0000118272
699402.9997513024,709064.0000591055,717372.999772812,717600.9998061471,718406.000153474,726935.0000226656,730370.999855182,735731.0000956871,739046.9999057325,751244.0001357083,755849.0000118272
699402.9997513024,709064.0000591055,716880.9997733773,717600.9998061471,718406.000153474,726935.0000226656,730370.999855182,735731.0000956871,739046.9999057325,751244.0001357083,756341.0000112619
699402.9997513024,709064.0000591055,717600.9998061471,718406.000153474,726935.0000226656,730370.999855182,730560.0001173518,735731.0000956871,737564.9997917338,739046.9999057325,756341.0000112619
699402.9997513024,709064.0000591055,718406.000153474,723108.9996978254,726935.0000226656,730223.0002040088,730370.999855182,730560.0001173518,737564.9997917338,739046.9999057325,756341.0000112619
699402.9997513024,718406.000153474,719863.0001159852,723108.9996978254,726935.0000226656,728247.9998488527,730223.0002040088,730370.999855182,730560.0001173518,737564.9997917338,756341.0000112619
699402.9997513024,718406.000153474,719863.0001159852,723108.9996978254,725346.0000053521,728247.9998488527,730223.0002040088,730560.0001173518,731959.9998724954,737564.9997917338,756341.0000112619
699402.9997513024,719863.0001159852,723045.9999602379,723108.9996978254,725346.0000053521,727320.0000657316,728247.9998488527,730223.0002040088,730560.0001173518,737564.9997917338,756341.0000112619
713558.9999090683,714091.9996910868,719863.0001159852,723045.9999602379,723108.9996978254,725346.0000053521,727320.0000657316,730223.0002040088,730560.0001173518,737564.9997917338,756341.0000112619
713558.9999090683,714091.9996910868,717680.0000958383,719863.0001159852,723108.9996978254,727320.0000657316,730223.0002040088,730560.0001173518,730711.9998697516,737564.9997917338,756341.0000112619
714091.9996910868,714989.9998998231,717680.0000958383,719863.0001159852,723108.9996978254,725889.0000749768,730223.0002040088,730560.0001173518,730711.9998697516,737564.9997917338,756341.0000112619
714091.9996910868,714989.9998998231,715270.000057032,717680.0000958383,719863.0001159852,725889.0000749768,730560.0001173518,730711.9998697516,737564.9997917338,738061.9998448022,756341.0000112619
714091.9996910868,715270.000057032,717680.0000958383,719863.0001159852,725889.0000749768,730438.9998205225,730560.0001173518,730711.9998697516,737564.9997917338,738061.9998448022,740892.0000905625
704699.0002677671,715270.000057032,717680.0000958383,719863.0001159852,730438.9998205225,730560.0001173518,730711.9998697516,735281.9994982965,737564.9997917338,738061.9998448022,740892.0000905625
704699.0002677671,715270.000057032,719863.0001159852,727302.0001837178,730438.9998205225,730560.0001173518,730711.9998697516,731270.000002683,735281.9994982965,737564.9997917338,738061.9998448022
704699.0002677671,719863.0001159852,725822.0002982083,727302.0001837178,727509.9996036257,730438.9998205225,730560.0001173518,730711.9998697516,731270.000002683,735281.9994982965,737564.9997917338
704699.0002677671,719863.0001159852,723484.0001626151,727302.0001837178,729847.999739219,730438.9998205225,730560.0001173518,730711.9998697516,731270.000002683,735281.9994982965,737564.9997917338
704699.0002677671,714148.9999660264,719863.0001159852,727302.0001837178,730438.9998205225,730560.0001173518,730711.9998697516,731270.000002683,735281.9994982965,737564.9997917338,739182.9999358077
710485.9997651489,714148.9999660264,719863.0001159852,727302.0001837178,729495.0000009148,730438.9998205225,730560.0001173518,730711.9998697516,731270.000002683,737564.9997917338,739182.9999358077
710485.9997651489,712866.9998410987,714148.9999660264,727302.0001837178,730438.9998205225,730560.0001173518,730711.9998697516,731270.000002683,736491.0002758013,737564.9997917338,739182.9999358077
710485.9997651489,712866.9998410987,714148.9999660264,716839.00018269,727302.0001837178,730438.9998205225,730711.9998697516,731270.000002683,736491.0002758013,737564.9997917338,752903.9998704694
710485.9997651489,713762.0001340933,714148.9999660264,716839.00018269,727302.0001837178,730438.9998205225,730711.9998697516,731270.000002683,735595.9999828066,737564.9997917338,752903.9998704694
710485.9997651489,713762.0001340933,714148.9999660264,716572.9998213877,716839.00018269,730711.9998697516,731270.000002683,735595.9999828066,737564.9997917338,741168.0001828526,752903.9998704694
710485.9997651489,713762.0001340933,714148.9999660264,716839.00018269,722745.9999232747,730711.9998697516,731270.000002683,734995.0000809656,735595.9999828066,737564.9997917338,752903.9998704694
710485.9997651489,713762.0001340933,714148.9999660264,719563.9999255972,722745.9999232747,730711.9998697516,731270.000002683,734995.0000809656,735595.9999828066,737564.9997917338,750179.0001275622
710485.9997651489,713762.0001340933,714148.9999660264,714595.0000945452,719563.9999255972,722745.9999232747,730711.9998697516,735595.9999828066,737564.9997917338,750179.0001275622,751669.9999891034
710485.9997651489,713762.0001340933,714148.9999660264,717748.0000388693,719563.9999255972,722745.9999232747,730711.9998697516,735595.9999828066,737564.9997917338,748517.0000447793,750179.0001275622
710485.9997651489,713762.0001340933,714148.9999660264,717748.0000388693,721124.0001259164,722745.9999232747,730711.9998697516,735595.9999828066,737564.9997917338,748517.0000447793,748618.999927243
710485.9997651489,710810.0005848304,714148.9999660264,717748.0000388693,721124.0001259164,722745.9999232747,730711.9998697516,737564.9997917338,738547.9995320695,748517.0000447793,748618.999927243
710485.9997651489,710810.0005848304,714148.9999660264,717748.0000388693,721124.0001259164,722745.9999232747,730711.9998697516,738179.0000184827,738547.9995320695,748004.9997004941,748517.0000447793
710485.9997651489,710810.0005848304,712090.9999259285,714148.9999660264,721124.0001259164,728403.0000362155,730711.9998697516,738179.0000184827,738547.9995320695,748004.9997004941,748517.0000447793
710485.9997651489,710810.0005848304,712090.9999259285,715733.0003689817,719539.9997229611,728403.0000362155,730711.9998697516,738179.0000184827,738547.9995320695,748004.9997004941,748517.0000447793
710485.9997651489,710810.0005848304,712090.9999259285,715733.0003689817,719539.9997229611,722561.0000067728,728403.0000362155,738547.9995320695,746329.9998814615,748004.9997004941,748517.0000447793
710485.9997651489,712090.9999259285,715733.0003689817,717886.9998198797,719539.9997229611,722561.0000067728,728403.0000362155,731471.0002970203,746329.9998814615,748004.9997004941,748517.0000447793
710485.9997651489,712090.9999259285,715733.0003689817,717886.9998198797,722561.0000067728,722890.9996460294,728403.0000362155,731471.0002970203,742978.9999583932,748004.9997004941,748517.0000447793
710485.9997651489,714538.0000568517,715733.0003689817,717886.9998198797,722561.0000067728,722890.9996460294,728403.0000362155,731471.0002970203,742978.9999583932,746069.9999138562,748004.9997004941
710485.9997651489,714536.9999340412,714538.0000568517,715733.0003689817,717886.9998198797,722890.9996460294,728403.0000362155,731471.0002970203,746069.9999138562,748004.9997004941,751003.0000311248
710485.9997651489,713005.000068227,714538.0000568517,715733.0003689817,717886.9998198797,722890.9996460294,728403.0000362155,731471.0002970203,746069.9999138562,748004.9997004941,752534.999896939
710485.9997651489,714538.0000568517,715733.0003689817,717886.9998198797,722890.9996460294,723619.99997573,728403.0000362155,731471.0002970203,737389.9997929911,746069.9999138562,752534.999896939
714538.0000568517,715733.0003689817,715995.9999981343,717886.9998198797,722890.9996460294,723619.99997573,725961.0000640348,728403.0000362155,737389.9997929911,746069.9999138562,752534.999896939
715733.0003689817,715995.9999981343,717886.9998198797,718063.0000781663,722890.9996460294,723619.99997573,724878.0000149009,725961.0000640348,737389.9997929911,746069.9999138562,752534.999896939
710288.9999450289,715733.0003689817,717886.9998198797,718063.0000781663,722890.9996460294,723619.99997573,725961.0000640348,730585.0000680063,737389.9997929911,746069.9999138562,752534.999896939
710288.9999450289,715775.9999737433,717886.9998198797,718063.0000781663,722848.0000412678,723619.99997573,725961.0000640348,730585.0000680063,737389.9997929911,746069.9999138562,752534.999896939
710288.9999450289,715775.9999737433,717886.9998198797,718063.0000781663,721291.0000099755,722848.0000412678,725961.0000640348,730585.0000680063,739718.9997587455,746069.9999138562,752534.999896939
710288.9999450289,715775.9999737433,717886.9998198797,718063.0000781663,721291.0000099755,722848.0000412678,725961.0000640348,735257.9999813909,739718.9997587455,741397.0000004716,752534.999896939
710288.9999450289,717886.9998198797,718063.0000781663,721291.0000099755,722848.0000412678,725961.0000640348,729102.9998663679,735257.9999813909,739208.0000043145,739718.9997587455,741397.0000004716
710288.9999450289,717886.9998198797,721291.0000099755,722724.0000093352,722848.0000412678,725961.0000640348,729102.9998663679,730597.0000502219,739208.0000043145,739718.9997587455,741397.0000004716
710288.9999450289,717886.9998198797,721291.0000099755,722724.0000093352,722848.0000412678,725961.0000640348,729102.9998663679,730272.0001755645,739208.0000043145,739718.9997587455,741721.999875129
711270.0000775162,716905.9996873924,721291.0000099755,722724.0000093352,722848.0000412678,725961.0000640348,729102.9998663679,730272.0001755645,739208.0000043145,739718.9997587455,741721.999875129
711270.0000775162,716905.9996873924,721291.0000099755,722848.0000412678,723217.9998856775,725961.0000640348,729102.9998663679,730272.0001755645,739208.0000043145,739718.9997587455,741227.9999987867
711270.0000775162,716905.9996873924,721291.0000099755,721817.9999560786,722848.0000412678,723217.9998856775,725961.0000640348,729102.9998663679,730272.0001755645,739718.9997587455,758618.0000470226
711270.0000775162,716905.9996873924,721291.0000099755,722848.0000412678,723217.9998856775,725961.0000640348,727145.0000274049,729102.9998663679,730272.0001755645,739718.9997587455,753290.9999756963
711270.0000775162,712918.9999916219,716905.9996873924,721291.0000099755,722848.0000412678,725961.0000640348,727145.0000274049,729102.9998663679,739718.9997587455,740571.0000696201,753290.9999756963
711270.0000775162,712918.9999916219,716905.9996873924,718866.0000612716,721291.0000099755,725961.0000640348,727145.0000274049,733084.9998463641,739718.9997587455,740571.0000696201,753290.9999756963
711270.0000775162,712918.9999916219,716905.9996873924,717160.0000436603,721291.0000099755,725961.0000640348,727145.0000274049,734790.9998639754,739718.9997587455,740571.0000696201,753290.9999756963
711270.0000775162,712918.9999916219,715406.0000771629,716905.9996873924,721291.0000099755,725961.0000640348,727145.0000274049,734790.9998639754,739718.9997587455,740571.0000696201,755044.9999421937
711270.0000775162,712918.9999916219,714776.000031784,715406.0000771629,716905.9996873924,725961.0000640348,727145.0000274049,734790.9998639754,740571.0000696201,746233.9997369371,755044.9999421937
711270.0000775162,712918.9999916219,714613.9999697031,715406.0000771629,716905.9996873924,725961.0000640348,727307.0000894857,734790.9998639754,740571.0000696201,746233.9997369371,755044.9999421937
711270.0000775162,712918.9999916219,712968.0000734456,715406.0000771629,716905.9996873924,725961.0000640348,727307.0000894857,734790.9998639754,740571.0000696201,746233.9997369371,756690.9998384513
711270.0000775162,712968.0000734456,715406.0000771629,716905.9996873924,725961.0000640348,726653.0000703443,726836.9999908977,727307.0000894857,734790.9998639754,746233.9997369371,756690.9998384513
711270.0000775162,715406.0000771629,716905.9996873924,719821.9999836839,725961.0000640348,726653.0000703443,726836.9999908977,727307.0000894857,734790.9998639754,746233.9997369371,749836.999928213
711270.0000775162,715406.0000771629,716905.9996873924,719821.9999836839,722458.0001198812,725961.0000640348,726836.9999908977,731502.0000399487,734790.9998639754,746233.9997369371,749836.999928213
711270.0000775162,715406.0000771629,716905.9996873924,717777.0000524332,719821.9999836839,725961.0000640348,726836.9999908977,731502.0000399487,734790.9998639754,749836.999928213,750914.9998043851
705463.0001144434,715406.0000771629,716905.9996873924,717777.0000524332,719821.9999836839,725961.0000640348,726836.9999908977,734790.9998639754,737309.0000030216,749836.999928213,750914.9998043851
709686.0000742512,715406.0000771629,716905.9996873924,717777.0000524332,719821.9999836839,725961.0000640348,726836.9999908977,733086.0000432137,734790.9998639754,749836.999928213,750914.9998043851
709686.0000742512,715406.0000771629,716905.9996873924,718421.0000327236,719821.9999836839,725961.0000640348,726836.9999908977,733086.0000432137,734790.9998639754,749836.999928213,750270.9998240948
709686.0000742512,716905.9996873924,718421.0000327236,719821.9999836839,720619.9999018175,725961.0000640348,726836.9999908977,729577.0000393209,733086.0000432137,749836.999928213,750270.9998240948
709686.0000742512,716905.9996873924,718421.0000327236,719821.9999836839,720619.9999018175,720795.0000714579,725961.0000640348,729577.0000393209,739127.9999626535,749836.999928213,750270.9998240948
709686.0000742512,716905.9996873924,718421.0000327236,719821.9999836839,720795.0000714579,722144.0001199128,725961.0000640348,728052.9998212256,739127.9999626535,749836.999928213,750270.9998240948
709686.0000742512,716905.9996873924,716913.9995635524,718421.0000327236,719821.9999836839,720795.0000714579,725961.0000640348,733283.000377586,739127.9999626535,749836.999928213,750270.9998240948
709686.0000742512,715962.9998668619,716905.9996873924,718421.0000327236,720772.9996803745,720795.0000714579,725961.0000640348,733283.000377586,739127.9999626535,749836.999928213,750270.9998240948
709686.0000742512,715962.9998668619,716905.9996873924,718421.0000327236,720772.9996803745,725961.0000640348,729437.9999084997,730485.0001256118,733283.000377586,749836.999928213,750270.9998240948
709344.0001488554,709686.0000742512,715962.9998668619,718421.0000327236,720772.9996803745,729437.9999084997,730485.0001256118,733283.000377586,733522.9996025718,749836.999928213,750270.9998240948
709344.0001488554,709686.0000742512,715962.9998668619,718421.0000327236,726871.999426039,729437.9999084997,730485.0001256118,733283.000377586,733522.9996025718,743738.0001825484,750270.9998240948
709344.0001488554,709686.0000742512,714151.9998110894,715962.9998668619,726871.999426039,729437.9999084997,730485.0001256118,733283.000377586,733522.9996025718,743738.0001825484,754540.0000457291
709344.0001488554,714151.9998110894,715962.9998668619,719474.0002308676,723734.9994459554,726871.999426039,729437.9999084997,730485.0001256118,733283.000377586,743738.0001825484,754540.0000457291
709344.0001488554,714151.9998110894,715065.9999781993,719474.0002308676,723734.9994459554,726871.999426039,729437.9999084997,730485.0001256118,734180.0002662486,743738.0001825484,754540.0000457291
709344.0001488554,714151.9998110894,714360.0000516181,715065.9999781993,719474.0002308676,723734.9994459554,726871.999426039,734180.0002662486,743738.0001825484,745562.9999824935,754540.0000457291
698530.9997886809,714151.9998110894,714360.0000516181,715065.9999781993,723734.9994459554,726871.999426039,730287.0005910421,734180.0002662486,743738.0001825484,745562.9999824935,754540.0000457291
698530.9997886809,714151.9998110894,714360.0000516181,715065.9999781993,723734.9994459554,730287.0005910421,731185.9994640294,734180.0002662486,743738.0001825484,745562.9999824935,750226.0000077387
698530.9997886809,714151.9998110894,714360.0000516181,715065.9999781993,721296.9998043083,723734.9994459554,730287.0005910421,734180.0002662486,745562.9999824935,750226.0000077387,753626.9998422696
698530.9997886809,714151.9998110894,715065.9999781993,720367.0000578235,721296.9998043083,723734.9994459554,730287.0005910421,734180.0002662486,739555.9999762881,750226.0000077387,753626.9998422696
711614.0000917736,714151.9998110894,715065.9999781993,717204.0002879495,720367.0000578235,721296.9998043083,723734.9994459554,734180.0002662486,739555.9999762881,750226.0000077387,753626.9998422696
711614.0000917736,714151.9998110894,715065.9999781993,717204.0002879495,720367.0000578235,721296.9998043083,723734.9994459554,734180.0002662486,739555.9999762881,741578.9998381662,762274.0000118421
711614.0000917736,714151.9998110894,715065.9999781993,717204.0002879495,720367.0000578235,723734.9994459554,726779.9996689914,734180.0002662486,736095.9999734829,739555.9999762881,762274.0000118421
711614.0000917736,714151.9998110894,715065.9999781993,717204.0002879495,720367.0000578235,723734.9994459554,729629.9999142196,731330.0000210204,736095.9999734829,739555.9999762881,762274.0000118421
709485.0001640653,711614.0000917736,714151.9998110894,715065.9999781993,720367.0000578235,729629.9999142196,731330.0000210204,731453.9995698396,736095.9999734829,739555.9999762881,762274.0000118421
709485.0001640653,711614.0000917736,714151.9998110894,715065.9999781993,720367.0000578235,729862.9998984556,731097.0000367844,731453.9995698396,736095.9999734829,739555.9999762881,762274.0000118421
709485.0001640653,711614.0000917736,715065.9999781993,716987.9998057677,720367.0000578235,729862.9998984556,731097.0000367844,731453.9995698396,736095.9999734829,736719.9999816098,762274.0000118421
709485.0001640653,711614.0000917736,713782.0000668099,716987.9998057677,720367.0000578235,729862.9998984556,731453.9995698396,732380.9999481738,736095.9999734829,736719.9999816098,762274.0000118421
694319.9997096651,713782.0000668099,716987.9998057677,720367.0000578235,726779.0005461738,729862.9998984556,731453.9995698396,732380.9999481738,736095.9999734829,736719.9999816098,762274.0000118421
694319.9997096651,713782.0000668099,719660.0000794675,720367.0000578235,726779.0005461738,729862.9998984556,731453.9995698396,732380.9999481738,736095.9999734829,736719.9999816098,759601.9997381422
694319.9997096651,713782.0000668099,719660.0000794675,720367.0000578235,726674.9998773404,726779.0005461738,731453.9995698396,732380.9999481738,736719.9999816098,739283.9999945981,759601.9997381422
694319.9997096651,713782.0000668099,715175.9999049022,720367.0000578235,726674.9998773404,726779.0005461738,731453.9995698396,732380.9999481738,739283.9999945981,741204.0001561751,759601.9997381422
694319.9997096651,713782.0000668099,715175.9999049022,720367.0000578235,720429.9996330101,726674.9998773404,732380.9999481738,737803.0004830032,739283.9999945981,741204.0001561751,759601.9997381422
694319.9997096651,715175.9999049022,719234.9999125937,720367.0000578235,720429.9996330101,726674.9998773404,726928.0001023901,737803.0004830032,739283.9999945981,741204.0001561751,759601.9997381422
694319.9997096651,715175.9999049022,715644.0000938069,719234.9999125937,720367.0000578235,720429.9996330101,726674.9998773404,737803.0004830032,739283.9999945981,752488.0001647583,759601.9997381422
695029.9995469616,715175.9999049022,715644.0000938069,719234.9999125937,719719.9997957136,720367.0000578235,726674.9998773404,737803.0004830032,739283.9999945981,752488.0001647583,759601.9997381422
695029.9995469616,708427.9999077243,715175.9999049022,715644.0000938069,719234.9999125937,719719.9997957136,737803.0004830032,738614.0000274396,739283.9999945981,752488.0001647583,759601.9997381422
695029.9995469616,708427.9999077243,715175.9999049022,715644.0000938069,719234.9999125937,728552.000419509,728970.9998592078,738614.0000274396,739283.9999945981,752488.0001647583,759601.9997381422
708427.9999077243,711041.9998154436,712958.9995907258,715175.9999049022,715644.0000938069,719234.9999125937,728552.000419509,738614.0000274396,739283.9999945981,752488.0001647583,759601.9997381422
708427.9999077243,711041.9998154436,712958.9995907258,715644.0000938069,719234.9999125937,720921.0000653948,728552.000419509,732868.999866947,739283.9999945981,752488.0001647583,759601.9997381422
708427.9999077243,711041.9998154436,712958.9995907258,715381.0001347682,715644.0000938069,719234.9999125937,728552.000419509,738408.9997975735,739283.9999945981,752488.0001647583,759601.9997381422
711041.9998154436,712958.9995907258,715381.0001347682,715644.0000938069,719234.9999125937,721611.9999036947,726099.9999986277,728552.000419509,738408.9997975735,752488.0001647583,759601.9997381422
711041.9998154436,712958.9995907258,713489.9999829099,715381.0001347682,719234.9999125937,721611.9999036947,728254.0001095247,728552.000419509,738408.9997975735,752488.0001647583,759601.9997381422
712192.0001148109,712958.9995907258,713489.9999829099,714230.999835401,719234.9999125937,721611.9999036947,728254.0001095247,728552.000419509,738408.9997975735,752488.0001647583,759601.9997381422
705604.0002118327,712958.9995907258,714230.999835401,719234.9999125937,720077.9998858881,721611.9999036947,728254.0001095247,728552.000419509,738408.9997975735,752488.0001647583,759601.9997381422
705604.0002118327,712958.9995907258,714230.999835401,719234.9999125937,720077.9998858881,721611.9999036947,728552.000419509,731760.0001008774,738408.9997975735,748982.0001734056,759601.9997381422
712958.9995907258,714230.999835401,719234.9999125937,720077.9998858881,721611.9999036947,722132.0001267545,728552.000419509,731760.0001008774,732454.0002584838,738408.9997975735,759601.9997381422
712958.9995907258,714230.999835401,720077.9998858881,721274.9999598215,721611.9999036947,722132.0001267545,728552.000419509,729720.0000536497,732454.0002584838,738408.9997975735,759601.9997381422
712958.9995907258,714230.999835401,716620.9999658146,721274.9999598215,722132.0001267545,725068.9998237682,728552.000419509,729720.0000536497,732454.0002584838,738408.9997975735,759601.9997381422
708198.000171562,714230.999835401,716620.9999658146,721274.9999598215,722132.0001267545,725068.9998237682,729720.0000536497,732454.0002584838,733312.9998386728,738408.9997975735,759601.9997381422
708198.000171562,714230.999835401,716620.9999658146,722132.0001267545,722504.0002905958,725068.9998237682,728490.9997228753,732454.0002584838,733312.9998386728,738408.9997975735,759601.9997381422
714230.999835401,716038.000223565,716620.9999658146,722132.0001267545,722504.0002905958,725068.9998237682,725472.9997866697,728490.9997228753,732454.0002584838,738408.9997975735,759601.9997381422
714230.999835401,714585.0000516135,716038.000223565,722132.0001267545,722504.0002905958,725068.9998237682,725472.9997866697,728490.9997228753,734490.0001726849,738408.9997975735,759601.9997381422
714230.999835401,716038.000223565,719505.0000823112,722132.0001267545,722504.0002905958,725068.9998237682,725472.9997866697,728490.9997228753,729570.0001419871,738408.9997975735,759601.9997381422
714230.999835401,716038.000223565,717988.0002187312,719505.0000823112,722132.0001267545,725068.9998237682,725472.9997866697,729570.0001419871,733006.9997947399,738408.9997975735,759601.9997381422
714230.999835401,714738.0002890538,716038.000223565,717988.0002187312,722132.0001267545,725068.9998237682,725472.9997866697,733006.9997947399,734336.9999352446,738408.9997975735,759601.9997381422
714230.999835401,714738.0002890538,716038.000223565,717988.0002187312,718293.9998666428,722132.0001267545,725472.9997866697,733006.9997947399,738408.9997975735,741111.99989237,759601.9997381422
700348.000509753,714230.999835401,716038.000223565,717988.0002187312,722132.0001267545,725472.9997866697,732683.9996459435,733006.9997947399,738408.9997975735,741111.99989237,759601.9997381422
712875.0004254319,714230.999835401,716038.000223565,717988.0002187312,722132.0001267545,725472.9997866697,728584.9999766911,732683.9996459435,733006.9997947399,738408.9997975735,759601.9997381422
712875.0004254319,714230.999835401,716038.000223565,717988.0002187312,722293.0000359853,725472.9997866697,728584.9999766911,732683.9996459435,733006.9997947399,738408.9997975735,759440.9998289115
712875.0004254319,714230.999835401,716038.000223565,719738.0002246002,720543.0000301163,725472.9997866697,728584.9999766911,732683.9996459435,733006.9997947399,738408.9997975735,759440.9998289115
712875.0004254319,716038.000223565,718738.9997785579,719738.0002246002,720543.0000301163,720964.9998435128,728584.9999766911,732683.9996459435,733006.9997947399,738408.9997975735,759440.9998289115
708973.9999245534,716038.000223565,718738.9997785579,719738.0002246002,720543.0000301163,720964.9998435128,732486.0004775695,732683.9996459435,733006.9997947399,738408.9997975735,759440.9998289115
708973.9999245534,716038.000223565,718738.9997785579,719669.9998375108,719738.0002246002,720543.0000301163,732683.9996459435,733006.9997947399,733781.0004835716,738408.9997975735,759440.9998289115
708973.9999245534,716038.000223565,717495.9998762897,718738.9997785579,719669.9998375108,720543.0000301163,732683.9996459435,733781.0004835716,735249.0001430503,738408.9997975735,759440.9998289115
708973.9999245534,716038.000223565,717495.9998762897,718738.9997785579,719669.9998375108,720543.0000301163,727178.0002114994,732683.9996459435,735249.0001430503,745012.0000696457,759440.9998289115
708973.9999245534,716038.000223565,718738.9997785579,719669.9998375108,720543.0000301163,723938.9999864887,727178.0002114994,728806.0000328514,732683.9996459435,745012.0000696457,759440.9998289115
708973.9999245534,715306.9997326258,716038.000223565,718738.9997785579,719669.9998375108,723938.9999864887,727178.0002114994,728806.0000328514,737919.999943434,745012.0000696457,759440.9998289115
708973.9999245534,715306.9997326258,716038.000223565,717400.999792441,718738.9997785579,723938.9999864887,727178.0002114994,728806.0000328514,737919.999943434,747281.0001147154,759440.9998289115
708973.9999245534,716038.000223565,717400.999792441,718738.9997785579,723938.9999864887,726065.999944463,727160.9997315968,727178.0002114994,728806.0000328514,747281.0001147154,759440.9998289115
713379.9998274425,716038.000223565,717400.999792441,718738.9997785579,722754.9998287079,723938.9999864887,726065.999944463,727178.0002114994,728806.0000328514,747281.0001147154,759440.9998289115
713379.9998274425,716038.000223565,717400.999792441,718738.9997785579,722754.9998287079,723938.9999864887,727178.0002114994,728806.0000328514,731843.9997104289,747281.0001147154,753663.0000629456
713379.9998274425,716009.9998545472,716038.000223565,717400.999792441,718738.9997785579,723938.9999864887,728806.0000328514,731843.9997104289,733923.0001856601,747281.0001147154,753663.0000629456
715055.9998850687,716009.9998545472,716038.000223565,717400.999792441,718738.9997785579,723938.9999864887,728806.0000328514,731843.9997104289,732247.0001280338,747281.0001147154,753663.0000629456
712827.9998871682,716038.000223565,717400.999792441,718237.9998524478,718738.9997785579,723938.9999864887,728806.0000328514,731843.9997104289,732247.0001280338,747281.0001147154,753663.0000629456
711904.9999532102,712827.9998871682,718237.9998524478,718738.9997785579,721534.0000627958,723938.9999864887,728806.0000328514,731843.9997104289,732247.0001280338,747281.0001147154,753663.0000629456
709108.0000377928,711904.9999532102,712827.9998871682,718738.9997785579,723938.9999864887,728806.0000328514,730663.9998774508,731843.9997104289,732247.0001280338,747281.0001147154,753663.0000629456
709108.0000377928,711904.9999532102,718738.9997785579,723938.9999864887,726947.999934375,728806.0000328514,730663.9998774508,731843.9997104289,732247.0001280338,739543.0000157388,747281.0001147154
711904.9999532102,718738.9997785579,723938.9999864887,726755.9998832067,726947.999934375,728806.0000328514,729633.0002693016,730663.9998774508,731843.9997104289,732247.0001280338,739543.0000157388
718604.0002345928,718738.9997785579,722933.999987919,723938.9999864887,726755.9998832067,726947.999934375,728806.0000328514,730663.9998774508,731843.9997104289,732247.0001280338,739543.0000157388
718738.9997785579,719927.0005428802,722933.999987919,723938.9999864887,725432.9995749193,726947.999934375,728806.0000328514,730663.9998774508,731843.9997104289,732247.0001280338,739543.0000157388
718125.00004593,718738.9997785579,722933.999987919,723938.9999864887,726947.999934375,727235.0000718695,728806.0000328514,730663.9998774508,731843.9997104289,732247.0001280338,739543.0000157388
718125.00004593,718738.9997785579,722826.9997234134,722933.999987919,723938.9999864887,727235.0000718695,728806.0000328514,730663.9998774508,731843.9997104289,732247.0001280338,743664.0002267004
703124.9998588724,722826.9997234134,722933.999987919,723938.9999864887,727235.0000718695,728806.0000328514,730663.9998774508,731843.9997104289,732247.0001280338,733738.9999656156,743664.0002267004
703124.9998588724,715150.9998782706,722933.999987919,723938.9999864887,727235.0000718695,728806.0000328514,730663.9998774508,731843.9997104289,733738.9999656156,739922.9999731765,743664.0002267004
703124.9998588724,713566.0000034292,715150.9998782706,723938.9999864887,728806.0000328514,730663.9998774508,731843.9997104289,733738.9999656156,736603.0000563592,739922.9999731765,743664.0002267004
703124.9998588724,713566.0000034292,715150.9998782706,720962.9997066525,730663.9998774508,731782.0003126875,731843.9997104289,733738.9999656156,736603.0000563592,739922.9999731765,743664.0002267004
703124.9998588724,713566.0000034292,715150.9998782706,721234.0000753085,730663.9998774508,731510.9999440315,731843.9997104289,733738.9999656156,736603.0000563592,739922.9999731765,743664.0002267004
703124.9998588724,713566.0000034292,713785.9999259971,721234.0000753085,730663.9998774508,731510.9999440315,731843.9997104289,733738.9999656156,736603.0000563592,741287.99992545,743664.0002267004
703124.9998588724,713566.0000034292,713785.9999259971,714896.999983344,730663.9998774508,731843.9997104289,733738.9999656156,736603.0000563592,737848.000035996,741287.99992545,743664.0002267004
703124.9998588724,713566.0000034292,713785.9999259971,714896.999983344,716163.0003097316,730663.9998774508,731843.9997104289,737848.000035996,741287.99992545,743664.0002267004,754178.9997122432
703124.9998588724,713566.0000034292,713785.9999259971,714896.999983344,716163.0003097316,727351.0000413887,731843.9997104289,737848.000035996,741287.99992545,746977.0000627625,754178.9997122432
703124.9998588724,713566.0000034292,714896.999983344,716163.0003097316,718516.0000048073,722620.9999625785,731843.9997104289,737848.000035996,741287.99992545,746977.0000627625,754178.9997122432
703124.9998588724,713566.0000034292,716163.0003097316,716372.9997834924,718516.0000048073,722620.9999625785,731843.9997104289,736372.0002358477,741287.99992545,746977.0000627625,754178.9997122432
703124.9998588724,713566.0000034292,716372.9997834924,718516.0000048073,722620.9999625785,725940.9996993127,731843.9997104289,736372.0002358477,741287.99992545,744401.0003226621,746977.0000627625
703124.9998588724,713566.0000034292,718516.0000048073,722253.9998886887,722620.9999625785,725940.9996993127,731843.9997104289,735406.9998202537,736372.0002358477,744401.0003226621,746977.0000627625
698936.0000045686,703124.9998588724,722253.9998886887,722620.9999625785,725940.9996993127,731843.9997104289,733146.0000036679,735406.9998202537,736372.0002358477,744401.0003226621,746977.0000627625
698936.0000045686,713740.9999775593,722253.9998886887,722620.9999625785,725940.9996993127,731843.9997104289,733146.0000036679,733785.0002039752,735406.9998202537,736372.0002358477,746977.0000627625
698936.0000045686,713740.9999775593,722253.9998886887,722568.9999647865,722620.9999625785,731843.9997104289,733146.0000036679,735406.9998202537,736372.0002358477,737156.9999385015,746977.0000627625
698936.0000045686,713740.9999775593,722253.9998886887,722620.9999625785,728159.0003609591,731566.9995423289,731843.9997104289,733146.0000036679,735406.9998202537,736372.0002358477,746977.0000627625
698936.0000045686,713740.9999775593,714706.9998348212,722620.9999625785,728159.0003609591,731566.9995423289,731843.9997104289,735406.9998202537,736372.0002358477,740693.0000575354,746977.0000627625
698936.0000045686,713740.9999775593,722620.9999625785,724304.9999552628,728159.0003609591,731094.9999370938,731566.9995423289,731843.9997104289,735406.9998202537,736372.0002358477,746977.0000627625
713740.9999775593,718517.0001358084,722620.9999625785,724304.9999552628,727395.9999315228,728159.0003609591,731094.9999370938,731566.9995423289,731843.9997104289,735406.9998202537,736372.0002358477
713740.9999775593,718517.0001358084,721481.0002591148,722620.9999625785,724304.9999552628,727395.9999315228,728159.0003609591,731094.9999370938,731566.9995423289,731843.9997104289,750297.9997969866
713740.9999775593,713757.000038008,718517.0001358084,721481.0002591148,722620.9999625785,724304.9999552628,727395.9999315228,731094.9999370938,731843.9997104289,745968.99986528,750297.9997969866
713740.9999775593,713757.000038008,720625.0000634816,721481.0002591148,722620.9999625785,724304.9999552628,725288.0000038495,731094.9999370938,731843.9997104289,745968.99986528,750297.9997969866
713740.9999775593,713757.000038008,720625.0000634816,721481.0002591148,722620.9999625785,723125.9999384007,724304.9999552628,731094.9999370938,731843.9997104289,748130.9999307288,750297.9997969866
712920.9999404491,713740.9999775593,713757.000038008,720625.0000634816,721481.0002591148,722620.9999625785,723125.9999384007,731094.9999370938,731843.9997104289,750297.9997969866,759514.9999455425
712920.9999404491,713740.9999775593,713757.000038008,720625.0000634816,722620.9999625785,723125.9999384007,724674.0005019859,731094.9999370938,731843.9997104289,747104.9995541155,759514.9999455425
713740.9999775593,713757.000038008,714253.999881599,720625.0000634816,722620.9999625785,723125.9999384007,724674.0005019859,729761.999995944,731843.9997104289,747104.9995541155,759514.9999455425
705563.999845191,713740.9999775593,713757.000038008,722620.9999625785,723125.9999384007,724674.0005019859,729315.0000998896,729761.999995944,731843.9997104289,747104.9995541155,759514.9999455425
705563.999845191,713740.9999775593,717149.9995860464,719733.0003903622,722620.9999625785,724674.0005019859,729315.0000998896,729761.999995944,731843.9997104289,747104.9995541155,759514.9999455425
705563.999845191,713740.9999775593,714563.0000779147,717149.9995860464,719733.0003903622,724674.0005019859,729315.0000998896,731843.9997104289,737819.9998806079,747104.9995541155,759514.9999455425
705563.999845191,713740.9999775593,714563.0000779147,716369.000127802,717149.9995860464,719733.0003903622,729315.0000998896,731843.9997104289,737819.9998806079,755409.9999282993,759514.9999455425
705563.999845191,713740.9999775593,714563.0000779147,714757.9999935734,717149.9995860464,719733.0003903622,729315.0000998896,731843.9997104289,739431.0000148366,755409.9999282993,759514.9999455425
696637.0000560436,705563.999845191,713740.9999775593,717149.9995860464,719733.0003903622,729315.0000998896,731843.9997104289,732684.0000154445,739431.0000148366,755409.9999282993,759514.9999455425
694226.9999791235,705563.999845191,713740.9999775593,717149.9995860464,719733.0003903622,729315.0000998896,731843.9997104289,732684.0000154445,741841.0000917567,755409.9999282993,759514.9999455425
705563.999845191,713740.9999775593,713951.9999144061,717149.9995860464,719733.0003903622,722116.0001564741,729315.0000998896,731843.9997104289,732684.0000154445,755409.9999282993,759514.9999455425
705563.999845191,707418.9998113092,713740.9999775593,713951.9999144061,722116.0001564741,729315.0000998896,729464.0001650995,731843.9997104289,732684.0000154445,755409.9999282993,759514.9999455425
707418.9998113092,713740.9999775593,713951.9999144061,718155.999905546,722116.0001564741,729315.0000998896,729464.0001650995,731843.9997104289,732684.0000154445,746922.9998851876,755409.9999282993
707418.9998113092,713740.9999775593,718155.999905546,719078.00025047,722116.0001564741,727557.9996793806,729315.0000998896,729464.0001650995,731843.9997104289,746922.9998851876,755409.9999282993
695535.0000906775,718155.999905546,719078.00025047,722116.0001564741,725624.999698191,727557.9996793806,729315.0000998896,729464.0001650995,731843.9997104289,746922.9998851876,755409.9999282993
695535.0000906775,718155.999905546,720413.000250378,722116.0001564741,725624.999698191,727557.9996793806,727980.0000999816,729464.0001650995,731843.9997104289,746922.9998851876,755409.9999282993
695535.0000906775,713712.0000528067,718155.999905546,722116.0001564741,725624.999698191,727980.0000999816,729464.0001650995,731843.9997104289,734258.9998769518,746922.9998851876,755409.9999282993
703655.0003203648,713712.0000528067,718155.999905546,722116.0001564741,725624.999698191,727980.0000999816,729464.0001650995,731843.9997104289,734258.9998769518,738802.9996555003,755409.9999282993
703655.0003203648,713712.0000528067,714560.9999463795,722116.0001564741,725624.999698191,729464.0001650995,731575.0000591481,731843.9997104289,734258.9998769518,738802.9996555003,755409.9999282993
703655.0003203648,713360.9996128983,713712.0000528067,714560.9999463795,722116.0001564741,731575.0000591481,731843.9997104289,734258.9998769518,738802.9996555003,741728.0002503921,755409.9999282993
703655.0003203648,713360.9996128983,713712.0000528067,714560.9999463795,715152.9999319245,722116.0001564741,734258.9998769518,738802.9996555003,741728.0002503921,748265.9998376524,755409.9999282993
703655.0003203648,713360.9996128983,713712.0000528067,715152.9999319245,722116.0001564741,723478.9997176763,729884.9998842033,734258.9998769518,741728.0002503921,748265.9998376524,755409.9999282993
693874.0005182868,713712.0000528067,715152.9999319245,722116.0001564741,723141.9994149762,723478.9997176763,729884.9998842033,734258.9998769518,741728.0002503921,748265.9998376524,755409.9999282993
693874.0005182868,714835.0000932525,715152.9999319245,722116.0001564741,723141.9994149762,723478.9997176763,729884.9998842033,733135.9998365059,741728.0002503921,748265.9998376524,755409.9999282993
693874.0005182868,714835.0000932525,715998.999640215,722116.0001564741,722633.0000093859,723141.9994149762,729884.9998842033,733135.9998365059,741728.0002503921,748265.9998376524,755409.9999282993
693874.0005182868,713305.9998865646,714835.0000932525,715998.999640215,722116.0001564741,723141.9994149762,733135.9998365059,739212.0000070246,741728.0002503921,748265.9998376524,755409.9999282993
693874.0005182868,712189.0000805235,715951.9998992935,715998.999640215,722116.0001564741,723141.9994149762,733135.9998365059,739212.0000070246,741728.0002503921,748265.9998376524,755409.9999282993
693874.0005182868,712189.0000805235,714991.9998935302,715998.999640215,722116.0001564741,723141.9994149762,733135.9998365059,739212.0000070246,741728.0002503921,749225.9998434158,755409.9999282993
693874.0005182868,712189.0000805235,715998.999640215,718983.999894319,722116.0001564741,723141.9994149762,733135.9998365059,735220.0000062358,741728.0002503921,749225.9998434158,755409.9999282993
692273.0000313972,712189.0000805235,715998.999640215,718983.999894319,722116.0001564741,724742.9999018658,733135.9998365059,735220.0000062358,741728.0002503921,749225.9998434158,755409.9999282993
692273.0000313972,698401.9998942873,712189.0000805235,722116.0001564741,724742.9999018658,733135.9998365059,735220.0000062358,736580.9996402466,741728.0002503921,749225.9998434158,755409.9999282993
692273.0000313972,698401.9998942873,712189.0000805235,714994.0001137764,722116.0001564741,733135.9998365059,735220.0000062358,736580.9996402466,749225.9998434158,751477.0000384816,755409.9999282993
692273.0000313972,712189.0000805235,712931.9997595263,714994.0001137764,722050.9997750076,722116.0001564741,733135.9998365059,735220.0000062358,749225.9998434158,751477.0000384816,755409.9999282993
692273.0000313972,712189.0000805235,712931.9997595263,714994.0001137764,721843.9997396006,722050.9997750076,722116.0001564741,733135.9998365059,751477.0000384816,755409.9999282993,762602.0001100509
692273.0000313972,712189.0000805235,712931.9997595263,714994.0001137764,721843.9997396006,722116.0001564741,730530.9998946798,733135.9998365059,751477.0000384816,754121.9999903787,755409.9999282993
692273.0000313972,712189.0000805235,712931.9997595263,714994.0001137764,722116.0001564741,730530.9998946798,732361.9997906183,733135.9998365059,743603.999939361,751477.0000384816,755409.9999282993
692273.0000313972,712931.9997595263,713926.999959987,714994.0001137764,722116.0001564741,728793.0000152162,732361.9997906183,733135.9998365059,743603.999939361,751477.0000384816,755409.9999282993
692273.0000313972,712931.9997595263,713926.999959987,714994.0001137764,722116.0001564741,728321.9999194959,732361.9997906183,733135.9998365059,744075.0000350813,751477.0000384816,755409.9999282993
692273.0000313972,702659.9999870206,713926.999959987,714994.0001137764,722116.0001564741,732361.9997906183,733135.9998365059,738593.9996920016,744075.0000350813,751477.0000384816,755409.9999282993
692273.0000313972,702659.9999870206,713926.999959987,722116.0001564741,731727.0000257134,732361.9997906183,733135.9998365059,734744.0001265446,738593.9996920016,744075.0000350813,755409.9999282993
702659.9999870206,710588.0000085316,713926.999959987,720278.9997148672,722116.0001564741,731727.0000257134,732361.9997906183,733135.9998365059,734744.0001265446,744075.0000350813,755409.9999282993
702659.9999870206,710588.0000085316,713926.999959987,720278.9997148672,722116.0001564741,731708.9999868199,732361.9997906183,733135.9998365059,734762.000165438,744075.0000350813,755409.9999282993
702659.9999870206,706728.0000768278,713926.999959987,720278.9997148672,722116.0001564741,732361.9997906183,733135.9998365059,734762.000165438,735568.9999185237,744075.0000350813,755409.9999282993
706728.0000768278,713926.999959987,715481.9999789468,720278.9997148672,722116.0001564741,731253.0000431552,732361.9997906183,733135.9998365059,734762.000165438,735568.9999185237,755409.9999282993
706728.0000768278,713926.999959987,715481.9999789468,722116.0001564741,725762.0000768756,729278.9998034297,731253.0000431552,732361.9997906183,733135.9998365059,735568.9999185237,755409.9999282993
706728.0000768278,713926.999959987,715481.9999789468,717031.999985311,725762.0000768756,729278.9998034297,731253.0000431552,732361.9997906183,735568.9999185237,738220.000007669,755409.9999282993
706728.0000768278,713926.999959987,717031.999985311,718899.9999567964,725762.0000768756,728943.9998127687,729278.9998034297,731253.0000431552,735568.9999185237,738220.000007669,755409.9999282993
700418.9997762323,713926.999959987,717031.999985311,718899.9999567964,725762.0000768756,728943.9998127687,729278.9998034297,731253.0000431552,738220.000007669,741878.0002191192,755409.9999282993
700418.9997762323,713926.999959987,716002.0000022873,717031.999985311,718899.9999567964,728943.9998127687,731253.0000431552,738220.000007669,739038.9998780179,741878.0002191192,755409.9999282993
700418.9997762323,707074.9999488457,716002.0000022873,718899.9999567964,723883.9999964521,728943.9998127687,731253.0000431552,738220.000007669,739038.9998780179,741878.0002191192,755409.9999282993
707074.9999488457,716002.0000022873,717088.9998532587,718899.9999567964,723883.9999964521,725208.0001420928,728943.9998127687,731253.0000431552,738220.000007669,739038.9998780179,755409.9999282993
707074.9999488457,716002.0000022873,717088.9998532587,718125.9998194146,723883.9999964521,725208.0001420928,729717.9999501505,731253.0000431552,738220.000007669,739038.9998780179,755409.9999282993
691873.9999035229,707074.9999488457,718125.9998194146,723883.9999964521,725208.0001420928,729717.9999501505,731253.0000431552,738220.000007669,739038.9998780179,741216.9999520232,755409.9999282993
691873.9999035229,717896.9998358272,718125.9998194146,720431.0001561737,723883.9999964521,725208.0001420928,729717.9999501505,738220.000007669,739038.9998780179,741216.9999520232,755409.9999282993
691873.9999035229,718125.9998194146,719742.0001071236,720431.0001561737,723883.9999964521,725208.0001420928,729717.9999501505,736374.9997363725,739038.9998780179,741216.9999520232,755409.9999282993
709706.0000373546,718125.9998194146,719742.0001071236,720431.0001561737,723384.9998181914,723883.9999964521,725208.0001420928,729717.9999501505,736374.9997363725,739038.9998780179,755409.9999282993
709706.0000373546,718125.9998194146,719742.0001071236,720431.0001561737,723384.9998181914,725208.0001420928,727946.99949185,729717.9999501505,736374.9997363725,739038.9998780179,751347.0004329014
711237.9996331853,718125.9998194146,719742.0001071236,720431.0001561737,723384.9998181914,723676.0005462621,727946.99949185,729717.9999501505,736374.9997363725,739038.9998780179,751347.0004329014
711237.9996331853,717497.0002142667,718125.9998194146,722676.0000490306,723384.9998181914,723676.0005462621,727946.99949185,729717.9999501505,736374.9997363725,739038.9998780179,751347.0004329014
709141.00004817,711237.9996331853,718125.9998194146,723384.9998181914,723676.0005462621,727946.99949185,729717.9999501505,731032.0002151274,736374.9997363725,739038.9998780179,751347.0004329014
709141.00004817,711237.9996331853,713848.0004881928,718125.9998194146,727946.99949185,729717.9999501505,731032.0002151274,733212.9998762608,736374.9997363725,739038.9998780179,751347.0004329014
711237.9996331853,713848.0004881928,718125.9998194146,722662.9998427244,725517.0000834635,727946.99949185,729717.9999501505,731032.0002151274,733212.9998762608,736374.9997363725,751347.0004329014
711237.9996331853,713848.0004881928,718125.9998194146,723211.9997352476,725517.0000834635,727946.99949185,729717.9999501505,731032.0002151274,733212.9998762608,735825.9998438493,751347.0004329014
711237.9996331853,713848.0004881928,718125.9998194146,719402.0000640326,723211.9997352476,727946.99949185,731032.0002151274,733212.9998762608,735825.9998438493,735832.9999695814,751347.0004329014
711448.9999577441,713637.000163634,718125.9998194146,719402.0000640326,723211.9997352476,727946.99949185,731032.0002151274,733212.9998762608,735825.9998438493,735832.9999695814,751347.0004329014
711448.9999577441,713637.000163634,716323.0006284737,718125.9998194146,719402.0000640326,723211.9997352476,731032.0002151274,733212.9998762608,735825.9998438493,735832.9999695814,762970.9992962778
711448.9999577441,713637.000163634,718125.9998194146,719402.0000640326,723211.9997352476,729575.0002049641,731032.0002151274,733212.9998762608,735825.9998438493,735832.9999695814,749718.9997197874
704856.9999251496,711448.9999577441,713637.000163634,718125.9998194146,729575.0002049641,731032.0002151274,733212.9998762608,735825.9998438493,735832.9999695814,737756.9998741306,749718.9997197874
711448.9999577441,713637.000163634,714327.0002115577,718125.9998194146,720104.999918556,731032.0002151274,733212.9998762608,735825.9998438493,735832.9999695814,737756.9998741306,749718.9997197874
711448.9999577441,713637.000163634,714327.0002115577,718125.9998194146,724445.9999945718,731032.0002151274,731491.9998935655,733212.9998762608,735825.9998438493,737756.9998741306,749718.9997197874
711448.9999577441,713637.000163634,714469.0002029785,718125.9998194146,724445.9999945718,731032.0002151274,731349.9999021448,733212.9998762608,735825.9998438493,737756.9998741306,749718.9997197874
711448.9999577441,713637.000163634,715926.9998650138,718125.9998194146,724445.9999945718,729892.0002401095,731032.0002151274,733212.9998762608,735825.9998438493,737756.9998741306,749718.9997197874
711448.9999577441,713637.000163634,713662.9999173821,718125.9998194146,724445.9999945718,729892.0002401095,733212.9998762608,733296.000162759,735825.9998438493,737756.9998741306,749718.9997197874
711448.9999577441,713637.000163634,713662.9999173821,718698.9997054281,723873.0001085582,729892.0002401095,733212.9998762608,733296.000162759,735825.9998438493,737756.9998741306,749718.9997197874
711448.9999577441,713637.000163634,713662.9999173821,718698.9997054281,723873.0001085582,727725.0000412302,729892.0002401095,733212.9998762608,737756.9998741306,741396.9999653781,749718.9997197874
711448.9999577441,713637.000163634,713662.9999173821,718698.9997054281,720041.0001158332,723873.0001085582,727725.0000412302,733212.9998762608,737756.9998741306,741396.9999653781,759569.9998440637
711448.9999577441,713637.000163634,713662.9999173821,718698.9997054281,723873.0001085582,726196.0000038584,727725.0000412302,733212.9998762608,737756.9998741306,741396.9999653781,753414.9999560385
711448.9999577441,713637.000163634,713662.9999173821,718698.9997054281,723873.0001085582,726196.0000038584,726818.9997842212,733212.9998762608,737756.9998741306,742303.0002223873,753414.9999560385
711448.9999577441,713637.000163634,714146.9997759131,718698.9997054281,723873.0001085582,726196.0000038584,726334.9999256902,733212.9998762608,737756.9998741306,742303.0002223873,753414.9999560385
702588.0001457507,711448.9999577441,713637.000163634,714146.9997759131,726196.0000038584,726334.9999256902,733212.9998762608,737756.9998741306,739983.9996682357,742303.0002223873,753414.9999560385
702588.0001457507,711448.9999577441,713637.000163634,714146.9997759131,725731.9999816681,726798.9999478805,733212.9998762608,737756.9998741306,739983.9996682357,742303.0002223873,753414.9999560385
702588.0001457507,711448.9999577441,713637.000163634,724302.0002669417,725731.9999816681,726798.9999478805,732147.9997313586,733212.9998762608,737756.9998741306,739983.9996682357,753414.9999560385
702588.0001457507,711448.9999577441,713637.000163634,714092.0003159725,726798.9999478805,732147.9997313586,733212.9998762608,735941.9999326373,737756.9998741306,739983.9996682357,753414.9999560385
702588.0001457507,711448.9999577441,713637.000163634,714092.0003159725,726798.9999478805,728706.0001540486,732147.9997313586,733212.9998762608,737756.9998741306,739983.9996682357,760650.9997346273
702588.0001457507,711448.9999577441,713637.000163634,716478.9998191462,726798.9999478805,728706.0001540486,729761.0002281849,733212.9998762608,737756.9998741306,739983.9996682357,760650.9997346273
702588.0001457507,711448.9999577441,713637.000163634,716231.0001484301,726798.9999478805,728706.0001540486,730008.999898901,733212.9998762608,737756.9998741306,739983.9996682357,760650.9997346273
702588.0001457507,711448.9999577441,713637.000163634,714098.0000779654,726798.9999478805,728706.0001540486,732141.9999693658,733212.9998762608,737756.9998741306,739983.9996682357,760650.9997346273
702588.0001457507,706087.0000756932,714098.0000779654,718999.0000456849,726798.9999478805,728706.0001540486,732141.9999693658,733212.9998762608,737756.9998741306,739983.9996682357,760650.9997346273
702588.0001457507,706087.0000756932,714098.0000779654,715398.9999145592,718999.0000456849,728706.0001540486,732141.9999693658,737756.9998741306,739983.9996682357,744612.9999095821,760650.9997346273
702588.0001457507,706087.0000756932,715398.9999145592,716147.0000309646,718999.0000456849,728706.0001540486,730093.0000163666,737756.9998741306,739983.9996682357,744612.9999095821,760650.9997346273
702588.0001457507,706087.0000756932,715398.9999145592,716147.0000309646,718999.0000456849,725950.9997228292,730093.0000163666,737756.9998741306,739983.9996682357,744612.9999095821,763406.0001658467
706087.0000756932,714529.000032674,715398.9999145592,716147.0000309646,718152.0001294432,718999.0000456849,725950.9997228292,737756.9998741306,739983.9996682357,744612.9999095821,763406.0001658467
696792.9998874728,706087.0000756932,716147.0000309646,718152.0001294432,718999.0000456849,725950.9997228292,733135.0000597604,737756.9998741306,739983.9996682357,744612.9999095821,763406.0001658467
696792.9998874728,706087.0000756932,714055.0000688869,716147.0000309646,718999.0000456849,725950.9997228292,737232.0001203167,737756.9998741306,739983.9996682357,744612.9999095821,763406.0001658467
697258.9997712232,706087.0000756932,714055.0000688869,716147.0000309646,718999.0000456849,725484.9998390789,737232.0001203167,737756.9998741306,739983.9996682357,744612.9999095821,763406.0001658467
697258.9997712232,706087.0000756932,714538.0000658977,716147.0000309646,718516.0000486741,725484.9998390789,737232.0001203167,737756.9998741306,739983.9996682357,744612.9999095821,763406.0001658467
697258.9997712232,706462.0000527161,714163.0000888748,716147.0000309646,718516.0000486741,725484.9998390789,737232.0001203167,737756.9998741306,739983.9996682357,744612.9999095821,763406.0001658467
697258.9997712232,706462.0000527161,716147.0000309646,718516.0000486741,721760.0000496688,725484.9998390789,730159.9999133366,737232.0001203167,739983.9996682357,744612.9999095821,763406.0001658467
697258.9997712232,706462.0000527161,716147.0000309646,718537.9999509013,721760.0000496688,725484.9998390789,730138.0000111094,737232.0001203167,739983.9996682357,744612.9999095821,763406.0001658467
697258.9997712232,706462.0000527161,715033.9995972221,716147.0000309646,718537.9999509013,721760.0000496688,725484.9998390789,730138.0000111094,744612.9999095821,762182.0001913303,763406.0001658467
697258.9997712232,706462.0000527161,715033.9995972221,716147.0000309646,718537.9999509013,721760.0000496688,725484.9998390789,733397.9998064972,744612.9999095821,758922.0003959425,763406.0001658467
697258.9997712232,706462.0000527161,715033.9995972221,716147.0000309646,718537.9999509013,721760.0000496688,725484.9998390789,733205.0001974417,744612.9999095821,758922.0003959425,763598.9997749022
697258.9997712232,706462.0000527161,715033.9995972221,716147.0000309646,718537.9999509013,719534.9998469726,725484.9998390789,733205.0001974417,746838.0001122783,758922.0003959425,763598.9997749022
697258.9997712232,706462.0000527161,712885.9999197961,715033.9995972221,716147.0000309646,718537.9999509013,719534.9998469726,745804.0001167244,746838.0001122783,758922.0003959425,763598.9997749022
696841.9996735492,706462.0000527161,712885.9999197961,715033.9995972221,716147.0000309646,718537.9999509013,719951.9999446466,745804.0001167244,746838.0001122783,758922.0003959425,763598.9997749022
696841.9996735492,706462.0000527161,712885.9999197961,715033.9995972221,718537.9999509013,719951.9999446466,723396.9997179261,745804.0001167244,746838.0001122783,756349.0000879408,758922.0003959425
696841.9996735492,706462.0000527161,712885.9999197961,716305.0001923005,718537.9999509013,719951.9999446466,723396.9997179261,745804.0001167244,746838.0001122783,756349.0000879408,757650.999800864
696841.9996735492,706462.0000527161,712885.9999197961,718537.9999509013,719951.9999446466,723396.9997179261,734752.00026996,739203.9997232045,745804.0001167244,746838.0001122783,756349.0000879408
696841.9996735492,706462.0000527161,712885.9999197961,718537.9999509013,718945.0003684631,719951.9999446466,723396.9997179261,745804.0001167244,746838.0001122783,755010.9996247013,756349.0000879408
696841.9996735492,706462.0000527161,718537.9999509013,718945.0003684631,719951.9999446466,720624.0001579195,723396.9997179261,738065.999878601,746838.0001122783,755010.9996247013,756349.0000879408
696841.9996735492,714711.0005103756,718537.9999509013,718945.0003684631,719951.9999446466,720624.0001579195,723396.9997179261,738065.999878601,738588.9996546188,755010.9996247013,756349.0000879408
696841.9996735492,716423.000068281,718537.9999509013,718945.0003684631,719951.9999446466,720624.0001579195,723396.9997179261,736877.0000967134,738065.999878601,755010.9996247013,756349.0000879408
691664.9996960731,716423.000068281,718537.9999509013,718945.0003684631,720624.0001579195,723396.9997179261,725128.9999221227,736877.0000967134,738065.999878601,755010.9996247013,756349.0000879408
691664.9996960731,718537.9999509013,718945.0003684631,720624.0001579195,720641.0008460664,723396.9997179261,725128.9999221227,732658.999318928,738065.999878601,755010.9996247013,756349.0000879408
691664.9996960731,718537.9999509013,720624.0001579195,720641.0008460664,723396.9997179261,725128.9999221227,726302.9997845792,732658.999318928,738065.999878601,747653.0002085853,756349.0000879408
691664.9996960731,711190.9999868573,720624.0001579195,723396.9997179261,725128.9999221227,726302.9997845792,727988.0008101104,732658.999318928,738065.999878601,747653.0002085853,756349.0000879408
691664.9996960731,711190.9999868573,713481.999840324,720624.0001579195,726302.9997845792,727988.0008101104,732658.999318928,735043.9997997248,738065.999878601,747653.0002085853,756349.0000879408
691664.9996960731,698525.9996073897,720624.0001579195,726147.0002197917,726302.9997845792,727988.0008101104,732658.999318928,735043.9997997248,738065.999878601,747653.0002085853,756349.0000879408
691664.9996960731,698525.9996073897,717416.99980793,726147.0002197917,726302.9997845792,727988.0008101104,732658.999318928,738065.999878601,738251.0001497143,747653.0002085853,756349.0000879408
691664.9996960731,713076.9998055374,717416.99980793,726147.0002197917,726302.9997845792,727988.0008101104,732658.999318928,733102.0000104376,738065.999878601,738251.0001497143,756349.0000879408
691664.9996960731,713076.9998055374,717416.99980793,726147.0002197917,726937.0000587148,727988.0008101104,732467.999736302,732658.999318928,738065.999878601,738251.0001497143,756349.0000879408
691664.9996960731,711448.000065379,717416.99980793,726937.0000587148,727775.9999599501,727988.0008101104,732467.999736302,732658.999318928,738065.999878601,738251.0001497143,756349.0000879408
691664.9996960731,717416.99980793,718098.0000742063,720287.0000498875,727775.9999599501,727988.0008101104,732467.999736302,732658.999318928,738065.999878601,738251.0001497143,756349.0000879408
691664.9996960731,716938.9999792281,717416.99980793,720287.0000498875,727775.9999599501,727988.0008101104,732467.999736302,732658.999318928,738065.999878601,738251.0001497143,757508.000182919
691664.9996960731,716273.0000456044,716938.9999792281,717416.99980793,720287.0000498875,727775.9999599501,732467.999736302,738065.999878601,738251.0001497143,744374.0000834339,757508.000182919
691664.9996960731,716273.0000456044,716938.9999792281,717416.99980793,723165.9999810242,727775.9999599501,729588.9998051652,738065.999878601,738251.0001497143,744374.0000834339,757508.000182919
691664.9996960731,716273.0000456044,717416.99980793,721901.0000036123,722813.999935566,723165.9999810242,729588.9998051652,738065.999878601,738251.0001497143,744374.0000834339,757508.000182919
691664.9996960731,716273.0000456044,717416.99980793,721901.0000036123,722813.999935566,724760.0000189864,727994.999767203,738065.999878601,738251.0001497143,744374.0000834339,757508.000182919
691664.9996960731,712819.0000347904,716273.0000456044,717416.99980793,722813.999935566,727994.999767203,733841.9999878083,738065.999878601,738251.0001497143,744374.0000834339,757508.000182919
691664.9996960731,712819.0000347904,716273.0000456044,717416.99980793,727994.999767203,731269.0000723428,733841.9999878083,738065.999878601,738251.0001497143,744374.0000834339,749053.0000461421
693079.9998727986,712819.0000347904,714857.9998688791,717416.99980793,727994.999767203,731269.0000723428,733841.9999878083,738065.999878601,738251.0001497143,744374.0000834339,749053.0000461421
693079.9998727986,712819.0000347904,714192.9999085317,714857.9998688791,717416.99980793,731269.0000723428,738065.999878601,738251.0001497143,744374.0000834339,747643.9998464796,749053.0000461421
693079.9998727986,714192.9999085317,714677.0001418525,714857.9998688791,717416.99980793,731269.0000723428,738065.999878601,738251.0001497143,744374.0000834339,747194.99993908,747643.9998464796
693079.9998727986,714192.9999085317,714677.0001418525,714857.9998688791,715696.9997638855,731269.0000723428,738065.999878601,739971.0001937588,744374.0000834339,747194.99993908,747643.9998464796
693079.9998727986,714677.0001418525,714857.9998688791,715696.9997638855,719182.9999576482,731269.0000723428,738065.999878601,739971.0001937588,742204.9998899634,744374.0000834339,747643.9998464796
693079.9998727986,714677.0001418525,715696.9997638855,719182.9999576482,725918.9997468395,731269.0000723428,733313.0002054735,738065.999878601,739971.0001937588,742204.9998899634,747643.9998464796
693079.9998727986,711697.0000527756,714677.0001418525,719182.9999576482,725918.9997468395,733313.0002054735,735268.9997834527,738065.999878601,739971.0001937588,742204.9998899634,747643.9998464796
693079.9998727986,711697.0000527756,714677.0001418525,716458.9999634625,719182.9999576482,735268.9997834527,738065.999878601,739971.0001937588,742204.9998899634,742772.9999888506,747643.9998464796
693079.9998727986,714677.0001418525,715847.0000529286,716458.9999634625,719182.9999576482,735268.9997834527,735821.0001936058,738065.999878601,742204.9998899634,742772.9999888506,747643.9998464796
693079.9998727986,712104.9997968914,714677.0001418525,716458.9999634625,722925.0002136854,735268.9997834527,735821.0001936058,738065.999878601,742204.9998899634,742772.9999888506,747643.9998464796
695465.0001304528,712104.9997968914,714073.9997058082,714677.0001418525,722925.0002136854,735268.9997834527,735821.0001936058,738065.999878601,742204.9998899634,742772.9999888506,747643.9998464796
695465.0001304528,712104.9997968914,714073.9997058082,714677.0001418525,716329.0001330755,722925.0002136854,738065.999878601,742204.9998899634,742772.9999888506,747643.9998464796,754760.999843983
695465.0001304528,712104.9997968914,714677.0001418525,716329.0001330755,721337.9995019449,722925.0002136854,735509.0001927139,738065.999878601,742204.9998899634,747643.9998464796,754760.999843983
695465.0001304528,714053.999969752,714677.0001418525,716329.0001330755,721337.9995019449,722925.0002136854,735509.0001927139,738065.999878601,740255.9997171027,747643.9998464796,754760.999843983
695465.0001304528,710515.9999398381,716329.0001330755,718215.0001717665,721337.9995019449,722925.0002136854,735509.0001927139,738065.999878601,740255.9997171027,747643.9998464796,754760.999843983
695465.0001304528,710515.9999398381,718215.0001717665,721337.9995019449,721962.0004160701,722925.0002136854,732432.9995956065,735509.0001927139,740255.9997171027,747643.9998464796,754760.999843983
695465.0001304528,710515.9999398381,713919.9999277939,718215.0001717665,721337.9995019449,722925.0002136854,735509.0001927139,740255.9997171027,740475.0000838827,747643.9998464796,754760.999843983
695465.0001304528,713919.9999277939,718215.0001717665,721337.9995019449,722925.0002136854,723337.9997170484,727433.9999398924,735509.0001927139,740475.0000838827,747643.9998464796,754760.999843983
695465.0001304528,713919.9999277939,718215.0001717665,718265.9996201295,721337.9995019449,723337.9997170484,727433.9999398924,735509.0001927139,740475.0000838827,747643.9998464796,759420.000437539
695465.0001304528,713919.9999277939,718215.0001717665,718265.9996201295,721498.9998492235,723337.9997170484,727433.9999398924,735347.9998454353,740475.0000838827,747643.9998464796,759420.000437539
695465.0001304528,713919.9999277939,714962.9994242248,718215.0001717665,721498.9998492235,726640.999912953,727433.9999398924,735347.9998454353,740475.0000838827,747643.9998464796,759420.000437539
695465.0001304528,714962.9994242248,718215.0001717665,721498.9998492235,721727.999594889,726640.999912953,727433.9999398924,732667.0004167876,735347.9998454353,747643.9998464796,759420.000437539
695465.0001304528,714962.9994242248,718215.0001717665,721498.9998492235,721727.999594889,725653.0003091443,727433.9999398924,732667.0004167876,735347.9998454353,747643.9998464796,760408.0000413477
694356.9999771003,695465.0001304528,721498.9998492235,721727.999594889,725653.0003091443,727433.9999398924,732667.0004167876,735347.9998454353,738820.999618891,747643.9998464796,760408.0000413477
694356.9999771003,695465.0001304528,713200.9994769045,721498.9998492235,725653.0003091443,727433.9999398924,735347.9998454353,738820.999618891,741194.000534772,747643.9998464796,760408.0000413477
694356.9999771003,695465.0001304528,713200.9994769045,715663.0002205296,721498.9998492235,725653.0003091443,735347.9998454353,738820.999618891,741194.000534772,759414.9995658424,760408.0000413477
694356.9999771003,695465.0001304528,713200.9994769045,715663.0002205296,721498.9998492235,735347.9998454353,738820.999618891,740773.9999305445,741194.000534772,745287.0004199476,759414.9995658424
694356.9999771003,695465.0001304528,713200.9994769045,715663.0002205296,721498.9998492235,726222.0000046709,735347.9998454353,738820.999618891,745287.0004199476,755746.0004606456,759414.9995658424
694356.9999771003,695465.0001304528,713200.9994769045,715663.0002205296,722030.9998388035,726222.0000046709,734815.9998558552,738820.999618891,745287.0004199476,755746.0004606456,759414.9995658424
694356.9999771003,695465.0001304528,713200.9994769045,715663.0002205296,722030.9998388035,724639.0000986835,734815.9998558552,738820.999618891,746870.000325935,755746.0004606456,759414.9995658424
694285.0000022484,695465.0001304528,713200.9994769045,715663.0002205296,722102.9998136554,724639.0000986835,734815.9998558552,738820.999618891,746870.000325935,755746.0004606456,759414.9995658424
694285.0000022484,695465.0001304528,715663.0002205296,717063.9999584118,722102.9998136554,724639.0000986835,734815.9998558552,738820.999618891,746870.000325935,751882.9999791384,759414.9995658424
694285.0000022484,695465.0001304528,714255.999935952,717063.9999584118,722102.9998136554,724639.0000986835,734815.9998558552,738820.999618891,746870.000325935,751882.9999791384,760821.99985042
694285.0000022484,695465.0001304528,714255.999935952,717063.9999584118,722102.9998136554,724639.0000986835,734815.9998558552,741436.0000009575,744254.9999438685,751882.9999791384,760821.99985042
694285.0000022484,695465.0001304528,714255.999935952,722102.9998136554,724639.0000986835,734348.000193438,734598.9997441121,734815.9998558552,741436.0000009575,744254.9999438685,760821.99985042
694285.0000022484,695465.0001304528,714255.999935952,718210.000019699,722102.9998136554,734348.000193438,734598.9997441121,734815.9998558552,744254.9999438685,747865.0000799419,760821.99985042
694285.0000022484,695465.0001304528,714255.999935952,718210.000019699,721028.9999843691,722102.9998136554,734598.9997441121,734815.9998558552,744254.9999438685,760821.99985042,761184.0002890108
694285.0000022484,695465.0001304528,714255.999935952,721028.9999843691,722102.9998136554,730219.9999552604,732245.000008307,734598.9997441121,734815.9998558552,760821.99985042,761184.0002890108
694285.0000022484,695465.0001304528,714255.999935952,722009.9999866163,722102.9998136554,729238.9999530133,732245.000008307,734598.9997441121,734815.9998558552,760821.99985042,761184.0002890108
694285.0000022484,695465.0001304528,714255.999935952,722009.9999866163,723558.9991442836,729238.9999530133,732245.000008307,733360.000525227,734598.9997441121,760821.99985042,761184.0002890108
695465.0001304528,701161.000641342,714255.999935952,722009.9999866163,723558.9991442836,726483.9998861335,729238.9999530133,732245.000008307,734598.9997441121,760821.99985042,761184.0002890108
695465.0001304528,707810.0001484908,714255.999935952,716909.9996371348,722009.9999866163,726483.9998861335,729238.9999530133,732245.000008307,734598.9997441121,760821.99985042,761184.0002890108
695465.0001304528,707810.0001484908,714255.999935952,716909.9996371348,722921.9997254919,726483.9998861335,729238.9999530133,732245.000008307,733687.0000052366,760821.99985042,761184.0002890108
695465.0001304528,707810.0001484908,714255.999935952,716647.9998493867,716909.9996371348,726483.9998861335,729238.9999530133,732245.000008307,739960.9998813417,760821.99985042,761184.0002890108
695465.0001304528,707810.0001484908,714255.999935952,716909.9996371348,721203.9993992649,726483.9998861335,729238.9999530133,732245.000008307,739960.9998813417,756628.0007391328,760821.99985042
695465.0001304528,707810.0001484908,716909.9996371348,718311.9998000076,721203.9993992649,726483.9998861335,729238.9999530133,732245.000008307,739960.9998813417,756628.0007391328,756765.9999863645
699915.9998611658,707810.0001484908,716909.9996371348,718311.9998000076,721203.9993992649,722033.0001554205,729238.9999530133,732245.000008307,739960.9998813417,756628.0007391328,756765.9999863645
695254.0003167883,699915.9998611658,718311.9998000076,721203.9993992649,722033.0001554205,729238.9999530133,729465.9994688373,732245.000008307,739960.9998813417,756628.0007391328,756765.9999863645
695254.0003167883,696380.9999263146,718311.9998000076,721203.9993992649,725568.0000902717,729238.9999530133,729465.9994688373,732245.000008307,739960.9998813417,756628.0007391328,756765.9999863645
695254.0003167883,696380.9999263146,714255.0001020518,721203.9993992649,725568.0000902717,729238.9999530133,729465.9994688373,732245.000008307,739960.9998813417,756628.0007391328,760822.9996843203
695254.0003167883,696380.9999263146,719084.9998658745,721203.9993992649,725568.0000902717,729238.9999530133,729465.9994688373,732245.000008307,735131.0001175189,756628.0007391328,760822.9996843203
695254.0003167883,696380.9999263146,718338.999880579,721203.9993992649,725568.0000902717,729465.9994688373,729984.9999383088,732245.000008307,735131.0001175189,756628.0007391328,760822.9996843203
695254.0003167883,696380.9999263146,712864.9999459028,721203.9993992649,725568.0000902717,729465.9994688373,729984.9999383088,735131.0001175189,737718.9999429832,756628.0007391328,760822.9996843203
695254.0003167883,707350.9996606931,712864.9999459028,714598.0003558932,721203.9993992649,729465.9994688373,729984.9999383088,735131.0001175189,737718.9999429832,756628.0007391328,760822.9996843203
695254.0003167883,707350.9996606931,710441.9997077106,712864.9999459028,721203.9993992649,729984.9999383088,733622.0001170199,735131.0001175189,737718.9999429832,756628.0007391328,760822.9996843203
707350.9996606931,708700.0002496655,710441.9997077106,712864.9999459028,720176.0001841427,721203.9993992649,729984.9999383088,735131.0001175189,737718.9999429832,756628.0007391328,760822.9996843203
700774.0001125125,710441.9997077106,712864.9999459028,715276.9997978461,720176.0001841427,721203.9993992649,729984.9999383088,735131.0001175189,737718.9999429832,756628.0007391328,760822.9996843203
700774.0001125125,710441.9997077106,712864.9999459028,715276.9997978461,720176.0001841427,721203.9993992649,729984.9999383088,734819.9999460784,737718.9999429832,756628.0007391328,761133.9998557608
693175.000129951,700774.0001125125,712864.9999459028,715276.9997978461,721203.9993992649,729984.9999383088,734819.9999460784,737442.9997619023,737718.9999429832,756628.0007391328,761133.9998557608
693175.000129951,700774.0001125125,712864.9999459028,715276.9997978461,716523.9999798673,729984.9999383088,734819.9999460784,737442.9997619023,737718.9999429832,761133.9998557608,761308.0001585304
693175.000129951,700774.0001125125,712864.9999459028,715276.9997978461,716523.9999798673,730893.9999286241,734819.9999460784,736809.9999526679,737442.9997619023,761133.9998557608,761308.0001585304
693175.000129951,700774.0001125125,703577.9999285892,715276.9997978461,716523.9999798673,734819.9999460784,736809.9999526679,737442.9997619023,740180.9999459378,761133.9998557608,761308.0001585304
693175.000129951,700774.0001125125,712107.0002151922,715276.9997978461,716523.9999798673,728280.9996660649,734819.9999460784,737442.9997619023,740180.9999459378,761133.9998557608,761308.0001585304
693175.000129951,701749.000015406,712107.0002151922,714301.9998949525,716523.9999798673,728280.9996660649,734819.9999460784,737442.9997619023,740180.9999459378,761133.9998557608,761308.0001585304
693175.000129951,701749.000015406,712107.0002151922,714301.9998949525,716523.9999798673,728280.9996660649,737012.9999881354,737442.9997619023,740180.9999459378,758940.9998137038,761308.0001585304
693175.000129951,712107.0002151922,714301.9998949525,714396.9998766049,716523.9999798673,724794.9999007034,728280.9996660649,737012.9999881354,740180.9999459378,758940.9998137038,761308.0001585304
693175.000129951,713480.0001411543,714301.9998949525,714396.9998766049,716523.9999798673,724794.9999007034,726907.9997401028,737012.9999881354,740180.9999459378,758940.9998137038,761308.0001585304
693175.000129951,710463.9997707171,714301.9998949525,714396.9998766049,716523.9999798673,724794.9999007034,729924.00011054,737012.9999881354,740180.9999459378,758940.9998137038,761308.0001585304
693175.000129951,710463.9997707171,714396.9998766049,716327.0000796923,716523.9999798673,722769.9997159636,729924.00011054,737012.9999881354,740180.9999459378,758940.9998137038,761308.0001585304
693175.000129951,710463.9997707171,713227.9997857915,716523.9999798673,717496.0001705057,722769.9997159636,729924.00011054,737012.9999881354,740180.9999459378,758940.9998137038,761308.0001585304
693175.000129951,710463.9997707171,713227.9997857915,714164.9998177707,716523.9999798673,717496.0001705057,722769.9997159636,737012.9999881354,755940.000238707,758940.9998137038,761308.0001585304
693175.000129951,710463.9997707171,713227.9997857915,714164.9998177707,716523.9999798673,717496.0001705057,722769.9997159636,733877.9997953139,755940.000238707,761308.0001585304,762076.0000065253
693175.000129951,713227.9997857915,714164.9998177707,714905.9997568756,716523.9999798673,717496.0001705057,722769.9997159636,733877.9997953139,755940.000238707,757634.0000203669,761308.0001585304
693175.000129951,713227.9997857915,714164.9998177707,714905.9997568756,717496.0001705057,722769.9997159636,733877.9997953139,735716.0001015784,742116.0000368191,755940.000238707,757634.0000203669
693175.000129951,711670.999473634,714164.9998177707,714905.9997568756,717496.0001705057,724327.0000281212,733877.9997953139,735716.0001015784,742116.0000368191,755940.000238707,757634.0000203669
693175.000129951,711670.999473634,714905.9997568756,717496.0001705057,717706.0000722344,720785.9997736574,733877.9997953139,735716.0001015784,742116.0000368191,755940.000238707,757634.0000203669
693175.000129951,711670.999473634,714079.9998688198,717496.0001705057,717706.0000722344,720785.9997736574,733877.9997953139,735716.0001015784,742116.0000368191,755940.000238707,758459.9999084226
693175.000129951,711670.999473634,714079.9998688198,717496.0001705057,717706.0000722344,723577.0002963495,733877.9997953139,735716.0001015784,742116.0000368191,753148.999716015,758459.9999084226
693175.000129951,711670.999473634,714079.9998688198,717452.0004124981,717496.0001705057,717706.0000722344,723577.0002963495,733877.9997953139,753148.999716015,758459.9999084226,760379.9997258994
693175.000129951,711670.999473634,714079.9998688198,715732.0004101947,717496.0001705057,717706.0000722344,723577.0002963495,733877.9997953139,753148.999716015,760179.999910726,760379.9997258994
693175.000129951,711670.999473634,714079.9998688198,717496.0001705057,717706.0000722344,723577.0002963495,723813.0001052702,733877.9997953139,752299.000030824,753148.999716015,760179.999910726
693175.000129951,711670.999473634,717496.0001705057,717706.0000722344,721577.0000021311,723577.0002963495,723813.0001052702,733877.9997953139,752299.000030824,752682.9997774147,753148.999716015
693175.000129951,711670.999473634,717496.0001705057,717706.0000722344,718331.0001025337,721577.0000021311,723577.0002963495,733877.9997953139,752682.9997774147,753148.999716015,757781.0000335604
693175.000129951,711670.999473634,717496.0001705057,718331.0001025337,720440.00028243,720843.000086154,721577.0000021311,733877.9997953139,752682.9997774147,753148.999716015,757781.0000335604
695845.0000132034,711670.999473634,714826.0002872534,718331.0001025337,720440.00028243,720843.000086154,721577.0000021311,733877.9997953139,752682.9997774147,753148.999716015,757781.0000335604
695845.0000132034,711670.999473634,714826.0002872534,716938.0001371844,720440.00028243,720843.000086154,721577.0000021311,733877.9997953139,752682.9997774147,753148.999716015,759173.9999989098
695845.0000132034,711670.999473634,714801.0003865238,714826.0002872534,720440.00028243,720843.000086154,721577.0000021311,733877.9997953139,752682.9997774147,753148.999716015,761310.9997495704
696951.000125513,711670.999473634,713720.0001749438,714801.0003865238,720440.00028243,720843.000086154,721577.0000021311,733877.9997953139,752682.9997774147,753148.999716015,761310.9997495704
696951.000125513,711670.999473634,713720.0001749438,714801.0003865238,720843.000086154,721577.0000021311,727674.9999340842,733877.9997953139,745448.0001257604,753148.999716015,761310.9997495704
696951.000125513,705110.9998321857,714801.0003865238,720279.9998163921,720843.000086154,721577.0000021311,727674.9999340842,733877.9997953139,745448.0001257604,753148.999716015,761310.9997495704
696951.000125513,705110.9998321857,714801.0003865238,720279.9998163921,720843.000086154,721577.0000021311,731840.9998571677,733877.9997953139,741282.000202677,753148.999716015,761310.9997495704
695116.0000821012,705110.9998321857,714801.0003865238,720843.000086154,721577.0000021311,722114.9998598038,731840.9998571677,733877.9997953139,741282.000202677,753148.999716015,761310.9997495704
695116.0000821012,705110.9998321857,720699.0003099578,720843.000086154,721577.0000021311,722114.9998598038,731840.9998571677,733877.9997953139,741282.000202677,753148.999716015,755412.9998261363
695116.0000821012,708762.9995780992,718463.0001138903,720699.0003099578,720843.000086154,721577.0000021311,731840.9998571677,733877.9997953139,741282.000202677,753148.999716015,755412.9998261363
695116.0000821012,708762.9995780992,718463.0001138903,720843.000086154,721577.0000021311,731840.9998571677,733346.9999990347,733877.9997953139,741282.000202677,742765.0001370595,753148.999716015
697877.0002099518,708762.9995780992,715701.9999860397,720843.000086154,721577.0000021311,731840.9998571677,733346.9999990347,733877.9997953139,741282.000202677,742765.0001370595,753148.999716015
697877.0002099518,708762.9995780992,715701.9999860397,715923.9999884395,720843.000086154,731840.9998571677,733346.9999990347,739530.9998090055,741282.000202677,742765.0001370595,753148.999716015
697877.0002099518,708762.9995780992,713017.9999381073,715701.9999860397,715923.9999884395,731840.9998571677,733346.9999990347,739530.9998090055,742765.0001370595,749107.0003507236,753148.999716015
697877.0002099518,708762.9995780992,713017.9999381073,715701.9999860397,715923.9999884395,731840.9998571677,732904.0000115187,733346.9999990347,739530.9998090055,749107.0003507236,763009.9998415557
697877.0002099518,708762.9995780992,715701.9999860397,715923.9999884395,728860.9999059605,731840.9998571677,732904.0000115187,733264.0003828704,733346.9999990347,739530.9998090055,763009.9998415557
697877.0002099518,708762.9995780992,713196.9999860107,715701.9999860397,728860.9999059605,731840.9998571677,732904.0000115187,733346.9999990347,735991.0003852992,739530.9998090055,763009.9998415557
697877.0002099518,708762.9995780992,714141.9999996646,715701.9999860397,728860.9999059605,730895.9998435138,732904.0000115187,733346.9999990347,735991.0003852992,739530.9998090055,763009.9998415557
696418.9998111216,697877.0002099518,714141.9999996646,715701.9999860397,730895.9998435138,732904.0000115187,733346.9999990347,735991.0003852992,739530.9998090055,741204.9996729381,763009.9998415557
696418.9998111216,697877.0002099518,714141.9999996646,715701.9999860397,722864.0002070962,732904.0000115187,733346.9999990347,739530.9998090055,741204.9996729381,744023.0000217168,763009.9998415557
696418.9998111216,697877.0002099518,714141.9999996646,714208.9997778155,722864.0002070962,732904.0000115187,733346.9999990347,739530.9998090055,742697.9998811623,744023.0000217168,763009.9998415557
697877.0002099518,714141.9999996646,714208.9997778155,716014.9998330753,722864.0002070962,723101.9998592086,732904.0000115187,733346.9999990347,739530.9998090055,744023.0000217168,763009.9998415557
697877.0002099518,714208.9997778155,716014.9998330753,717982.9996302809,719023.00057648,723101.9998592086,732904.0000115187,733346.9999990347,739530.9998090055,744023.0000217168,763009.9998415557
697877.0002099518,699765.0000470192,714208.9997778155,716014.9998330753,723101.9998592086,732904.0000115187,733346.9999990347,737241.0001597416,739530.9998090055,744023.0000217168,763009.9998415557
697877.0002099518,699765.0000470192,714208.9997778155,716014.9998330753,731519.9998244854,732904.0000115187,733346.9999990347,737241.0001597416,739530.9998090055,744023.0000217168,754591.9998762789
697877.0002099518,705610.0000549195,714208.9997778155,716014.9998330753,725674.9998165851,732904.0000115187,733346.9999990347,737241.0001597416,739530.9998090055,744023.0000217168,754591.9998762789
692692.0000108113,705610.0000549195,714208.9997778155,721200.0000322158,725674.9998165851,732904.0000115187,733346.9999990347,737241.0001597416,739530.9998090055,744023.0000217168,754591.9998762789
692692.0000108113,705610.0000549195,714208.9997778155,714984.9995167394,721200.0000322158,725674.9998165851,737241.0001597416,739530.9998090055,744023.0000217168,751266.000493814,754591.9998762789
692692.0000108113,705610.0000549195,714208.9997778155,719140.0000293561,721200.0000322158,725674.9998165851,737241.0001597416,739530.9998090055,744023.0000217168,747110.9999811973,754591.9998762789
692692.0000108113,713581.9998676775,714208.9997778155,719140.0000293561,721200.0000322158,725674.9998165851,731558.9999962476,737241.0001597416,744023.0000217168,747110.9999811973,754591.9998762789
692692.0000108113,709774.9998385872,713581.9998676775,719140.0000293561,725633.9999714441,725674.9998165851,731558.9999962476,737241.0001597416,744023.0000217168,747110.9999811973,754591.9998762789
692692.0000108113,709522.9998661798,713581.9998676775,719140.0000293561,725674.9998165851,725885.9999438516,731558.9999962476,737241.0001597416,744023.0000217168,747110.9999811973,754591.9998762789
692692.0000108113,713581.9998676775,715688.0001215858,719140.0000293561,719720.9996884456,725674.9998165851,731558.9999962476,737241.0001597416,744023.0000217168,747110.9999811973,754591.9998762789
692692.0000108113,713581.9998676775,713960.999777305,715688.0001215858,719140.0000293561,731434.9997277256,731558.9999962476,737241.0001597416,744023.0000217168,747110.9999811973,754591.9998762789
692200.9998614152,692692.0000108113,713581.9998676775,719140.0000293561,731434.9997277256,731558.9999962476,737241.0001597416,737448.0000374756,744023.0000217168,747110.9999811973,754591.9998762789
692692.0000108113,705760.0000985141,713581.9998676775,719140.0000293561,723888.9998003767,731434.9997277256,731558.9999962476,737241.0001597416,744023.0000217168,747110.9999811973,754591.9998762789
692692.0000108113,705760.0000985141,716878.0001694653,719140.0000293561,723888.9998003767,731434.9997277256,731558.9999962476,733944.9998579537,744023.0000217168,747110.9999811973,754591.9998762789
692692.0000108113,716878.0001694653,718303.0000778327,718891.999748407,719140.0000293561,723888.9998003767,731558.9999962476,733944.9998579537,744023.0000217168,747110.9999811973,754591.9998762789
694551.0003178446,716443.9997707994,716878.0001694653,718891.999748407,719140.0000293561,723888.9998003767,731558.9999962476,733944.9998579537,744023.0000217168,747110.9999811973,754591.9998762789
694551.0003178446,716443.9997707994,718891.999748407,719140.0000293561,721975.9999968288,723888.9998003767,726461.0001688839,733944.9998579537,744023.0000217168,747110.9999811973,754591.9998762789
694551.0003178446,716443.9997707994,716956.0001250928,718891.999748407,719140.0000293561,721975.9999968288,723888.9998003767,733944.9998579537,747110.9999811973,753528.000065508,754591.9998762789
694551.0003178446,716443.9997707994,716956.0001250928,718891.999748407,719140.0000293561,722377.9999193577,723888.9998003767,733944.9998579537,747110.9999811973,753126.000142979,754591.9998762789
694551.0003178446,716443.9997707994,718891.999748407,719140.0000293561,719446.0000733291,722377.9999193577,723888.9998003767,733944.9998579537,747110.9999811973,750636.0001947427,754591.9998762789
694551.0003178446,716443.9997707994,718891.999748407,719140.0000293561,719446.0000733291,721606.9996925455,723888.9998003767,734716.000084766,747110.9999811973,750636.0001947427,754591.9998762789
694551.0003178446,716443.9997707994,719140.0000293561,719446.0000733291,721606.9996925455,723888.9998003767,730723.9997451364,734716.000084766,738804.0001980134,747110.9999811973,754591.9998762789
694551.0003178446,714671.9999537892,716443.9997707994,719140.0000293561,719446.0000733291,723888.9998003767,730723.9997451364,738804.0001980134,741650.9998235223,747110.9999811973,754591.9998762789
694551.0003178446,713175.0000917746,714671.9999537892,716443.9997707994,719140.0000293561,723888.9998003767,730723.9997451364,741650.9998235223,745075.0001795678,747110.9999811973,754591.9998762789
694551.0003178446,713175.0000917746,715736.9996409143,716443.9997707994,719140.0000293561,723888.9998003767,730723.9997451364,740586.0001363972,745075.0001795678,747110.9999811973,754591.9998762789
694551.0003178446,713175.0000917746,715736.9996409143,717227.9997574707,719140.0000293561,723888.9998003767,729939.9997584651,740586.0001363972,745075.0001795678,747110.9999811973,754591.9998762789
694551.0003178446,715736.9996409143,716686.0001285337,717227.9997574707,719140.0000293561,723888.9998003767,729939.9997584651,737075.0000996381,745075.0001795678,747110.9999811973,754591.9998762789
694551.0003178446,714863.999868493,715736.9996409143,716686.0001285337,717227.9997574707,719140.0000293561,729939.9997584651,745075.0001795678,746100.0000315219,747110.9999811973,754591.9998762789
694551.0003178446,699181.0001588076,714863.999868493,717227.9997574707,719140.0000293561,729939.9997584651,733241.9996106403,745075.0001795678,746100.0000315219,747110.9999811973,754591.9998762789
694551.0003178446,699181.0001588076,717227.9997574707,719140.0000293561,729359.999934998,729939.9997584651,731603.9999650168,733241.9996106403,745075.0001795678,747110.9999811973,754591.9998762789
694551.0003178446,706857.9997844768,717227.9997574707,719140.0000293561,725564.9999849712,729359.999934998,729939.9997584651,731603.9999650168,745075.0001795678,747110.9999811973,754591.9998762789
694551.0003178446,706857.9997844768,714663.9999903908,717227.9997574707,719140.0000293561,725564.9999849712,729939.9997584651,745075.0001795678,746299.999909624,747110.9999811973,754591.9998762789
694551.0003178446,706857.9997844768,714663.9999903908,715325.9999038136,719140.0000293561,725564.9999849712,731841.9996121222,745075.0001795678,746299.999909624,747110.9999811973,754591.9998762789
694551.0003178446,706857.9997844768,714663.9999903908,715325.9999038136,719032.9999932034,725564.9999849712,731841.9996121222,745075.0001795678,746299.999909624,747110.9999811973,754698.9999124316
694551.0003178446,706857.9997844768,715325.9999038136,719032.9999932034,720680.0000132062,725564.9999849712,731841.9996121222,740283.9998868087,745075.0001795678,747110.9999811973,754698.9999124316
700641.9999098163,706857.9997844768,714589.0004212344,715325.9999038136,719032.9999932034,725564.9999849712,731841.9996121222,740283.9998868087,745075.0001795678,747110.9999811973,754698.9999124316
700641.9999098163,706857.9997844768,712838.0000359074,714589.0004212344,715325.9999038136,719032.9999932034,731841.9996121222,745075.0001795678,747110.9999811973,753010.9998358726,754698.9999124316
700641.9999098163,706857.9997844768,712838.0000359074,713190.0004458053,716724.9998792427,719032.9999932034,731841.9996121222,745075.0001795678,747110.9999811973,753010.9998358726,754698.9999124316
700641.9999098163,706857.9997844768,712838.0000359074,713190.0004458053,716006.9999367866,716724.9998792427,731841.9996121222,745075.0001795678,750137.0000376141,753010.9998358726,754698.9999124316
700641.9999098163,706857.9997844768,712838.0000359074,713190.0004458053,716006.9999367866,721227.9999362351,727338.99955513,745075.0001795678,750137.0000376141,753010.9998358726,754698.9999124316
700641.9999098163,706857.9997844768,712838.0000359074,713190.0004458053,714279.9998156507,721227.9999362351,727338.99955513,745075.0001795678,751864.0001587501,753010.9998358726,754698.9999124316
700641.9999098163,706857.9997844768,712838.0000359074,713190.0004458053,713975.9998426866,721227.9999362351,727338.99955513,745075.0001795678,751864.0001587501,753010.9998358726,755002.9998853958
700641.9999098163,706857.9997844768,712838.0000359074,713975.9998426866,718237.9997859547,721227.9999362351,722291.0002149806,745075.0001795678,751864.0001587501,753010.9998358726,755002.9998853958
700641.9999098163,706857.9997844768,712838.0000359074,718237.9997859547,721227.9999362351,722291.0002149806,725922.9998843136,733128.0001379409,751864.0001587501,753010.9998358726,755002.9998853958
700641.9999098163,706857.9997844768,712838.0000359074,714972.0001411869,718237.9997859547,721227.9999362351,722291.0002149806,744078.9998810675,751864.0001587501,753010.9998358726,755002.9998853958
700641.9999098163,706857.9997844768,712838.0000359074,714972.0001411869,718237.9997859547,721455.0000473789,722064.0001038368,744078.9998810675,751864.0001587501,753010.9998358726,755002.9998853958
706857.9997844768,707694.0000253683,712838.0000359074,714972.0001411869,715011.9999882848,718237.9997859547,721455.0000473789,744078.9998810675,751864.0001587501,753010.9998358726,755002.9998853958
706857.9997844768,707694.0000253683,710895.9998051876,712838.0000359074,715011.9999882848,721455.0000473789,722314.000121954,744078.9998810675,751864.0001587501,753010.9998358726,755002.9998853958
696274.0000808069,706857.9997844768,712838.0000359074,715011.9999882848,721455.0000473789,722314.000121954,722315.9997497489,744078.9998810675,751864.0001587501,753010.9998358726,755002.9998853958
696274.0000808069,706857.9997844768,712838.0000359074,715011.9999882848,721455.0000473789,722315.9997497489,723491.9998700273,744078.9998810675,751864.0001587501,753010.9998358726,753825.0001373225
696274.0000808069,706857.9997844768,712838.0000359074,714980.9998844849,721455.0000473789,722346.9998535487,723491.9998700273,744078.9998810675,751864.0001587501,753010.9998358726,753825.0001373225
692973.0001762195,706857.9997844768,714980.9998844849,716138.9999404948,721455.0000473789,722346.9998535487,723491.9998700273,744078.9998810675,751864.0001587501,753010.9998358726,753825.0001373225
692973.0001762195,706857.9997844768,712981.999748369,716138.9999404948,722346.9998535487,723454.0001834949,723491.9998700273,744078.9998810675,751864.0001587501,753010.9998358726,753825.0001373225
692973.0001762195,706254.9994730849,706857.9997844768,716138.9999404948,723454.0001834949,723491.9998700273,729074.0001288328,744078.9998810675,751864.0001587501,753010.9998358726,753825.0001373225
692973.0001762195,706254.9994730849,706857.9997844768,716138.9999404948,721160.9998400128,723454.0001834949,729074.0001288328,744078.9998810675,751864.0001587501,753010.9998358726,756156.000167337
692973.0001762195,703456.9995598281,706254.9994730849,719540.0001651435,721160.9998400128,723454.0001834949,729074.0001288328,744078.9998810675,751864.0001587501,753010.9998358726,756156.000167337
692973.0001762195,703456.9995598281,706254.9994730849,721160.9998400128,723454.0001834949,729074.0001288328,734351.9998924582,738199.0001085579,744078.9998810675,751864.0001587501,756156.000167337
692973.0001762195,703456.9995598281,706254.9994730849,717798.000001725,721160.9998400128,734351.9998924582,734730.0003106026,738199.0001085579,744078.9998810675,751864.0001587501,756156.000167337
692973.0001762195,703456.9995598281,706254.9994730849,716158.9998377289,717798.000001725,734351.9998924582,734730.0003106026,743201.0001108417,744078.9998810675,751864.0001587501,756156.000167337
692973.0001762195,706254.9994730849,710414.9998528112,716158.9998377289,717798.000001725,734351.9998924582,734730.0003106026,736242.9998178586,744078.9998810675,751864.0001587501,756156.000167337
692973.0001762195,706254.9994730849,710490.9997707703,716158.9998377289,717798.000001725,734275.999974499,734730.0003106026,736242.9998178586,744078.9998810675,751864.0001587501,756156.000167337
692973.0001762195,706254.9994730849,711739.9997863253,714909.999822174,717798.000001725,734275.999974499,734730.0003106026,736242.9998178586,744078.9998810675,751864.0001587501,756156.000167337
692973.0001762195,706254.9994730849,711739.9997863253,714018.9999063186,714909.999822174,734275.999974499,736242.9998178586,738509.0004060089,744078.9998810675,751864.0001587501,756156.000167337
692973.0001762195,706254.9994730849,714018.9999063186,714909.999822174,728190.0000431832,734275.999974499,736242.9998178586,738509.0004060089,739705.9999104791,744078.9998810675,751864.0001587501
692973.0001762195,706254.9994730849,714018.9999063186,717871.0000940799,725228.9997712774,734275.999974499,736242.9998178586,738509.0004060089,739705.9999104791,744078.9998810675,751864.0001587501
692973.0001762195,706254.9994730849,714018.9999063186,714650.9998654085,728448.9999999488,734275.999974499,736242.9998178586,738509.0004060089,739705.9999104791,744078.9998810675,751864.0001587501
692973.0001762195,706254.9994730849,714018.9999063186,714650.9998654085,716385.999788308,734275.999974499,736242.9998178586,738509.0004060089,744078.9998810675,751769.0001221198,751864.0001587501
692973.0001762195,706254.9994730849,714018.9999063186,714650.9998654085,716385.999788308,734275.999974499,735956.9998573313,736242.9998178586,738509.0004060089,751864.0001587501,759891.0001458561
692973.0001762195,706254.9994730849,714018.9999063186,714650.9998654085,724411.9998941593,726249.9998686478,735956.9998573313,736242.9998178586,738509.0004060089,751864.0001587501,759891.0001458561
692973.0001762195,706254.9994730849,714018.9999063186,714650.9998654085,726249.9998686478,727941.0000787972,735956.9998573313,736242.9998178586,738509.0004060089,751864.0001587501,756361.9999612181
692973.0001762195,706254.9994730849,714018.9999063186,714587.999898141,714650.9998654085,727941.0000787972,735956.9998573313,738509.0004060089,747904.9997883656,751864.0001587501,756361.9999612181
692973.0001762195,706254.9994730849,714587.999898141,714650.9998654085,722905.0000253998,727941.0000787972,729623.0002869277,735956.9998573313,747904.9997883656,751864.0001587501,756361.9999612181
692973.0001762195,706254.9994730849,714587.999898141,714650.9998654085,718258.9998793417,722905.0000253998,729623.0002869277,745639.0000567868,747904.9997883656,751864.0001587501,756361.9999612181
692973.0001762195,706254.9994730849,714587.999898141,718258.9998793417,722905.0000253998,728335.999616741,729623.0002869277,738179.0004074177,745639.0000567868,747904.9997883656,756361.9999612181
692973.0001762195,706254.9994730849,714587.999898141,718119.0000244445,722905.0000253998,728335.999616741,729623.0002869277,738179.0004074177,745778.999911684,747904.9997883656,756361.9999612181
692973.0001762195,706254.9994730849,712887.0000352946,718119.0000244445,722905.0000253998,728335.999616741,729623.0002869277,738179.0004074177,745778.999911684,747904.9997883656,758062.9998240646
692973.0001762195,712887.0000352946,713896.9994627329,718119.0000244445,721981.0002972797,722905.0000253998,728335.999616741,738179.0004074177,745778.999911684,747904.9997883656,758062.9998240646
692973.0001762195,712887.0000352946,713239.000278171,713896.9994627329,718119.0000244445,728335.999616741,731647.0000445085,738179.0004074177,745778.999911684,747904.9997883656,758062.9998240646
692973.0001762195,712887.0000352946,713239.000278171,713896.9994627329,715189.0003789532,728335.999616741,731647.0000445085,741109.000052909,745778.999911684,747904.9997883656,758062.9998240646
692973.0001762195,712887.0000352946,713239.000278171,713896.9994627329,715099.9999887634,728335.999616741,731647.0000445085,741198.0004430988,745778.999911684,747904.9997883656,758062.9998240646
692973.0001762195,712887.0000352946,713239.000278171,713896.9994627329,718204.0000836243,725231.9995218801,731647.0000445085,741198.0004430988,745778.999911684,747904.9997883656,758062.9998240646
691411.0002859203,712887.0000352946,713896.9994627329,714801.0001684702,718204.0000836243,725231.9995218801,731647.0000445085,741198.0004430988,745778.999911684,747904.9997883656,758062.9998240646
691411.0002859203,712887.0000352946,713896.9994627329,714371.9998842841,718204.0000836243,725231.9995218801,731647.0000445085,741198.0004430988,746208.0001958701,747904.9997883656,758062.9998240646
691411.0002859203,712887.0000352946,714371.9998842841,717928.9996863939,718204.0000836243,725231.9995218801,727614.9998208475,741198.0004430988,746208.0001958701,747904.9997883656,758062.9998240646
691411.0002859203,712887.0000352946,714371.9998842841,718204.0000836243,720079.0001294487,725231.9995218801,725464.9993777927,741198.0004430988,746208.0001958701,747904.9997883656,758062.9998240646
691411.0002859203,712887.0000352946,714371.9998842841,718475.0000482127,720079.0001294487,724960.9995572916,725464.9993777927,741198.0004430988,746208.0001958701,747904.9997883656,758062.9998240646
703841.9997164152,712887.0000352946,713033.9999472979,714371.9998842841,718475.0000482127,720079.0001294487,724960.9995572916,741198.0004430988,746208.0001958701,747904.9997883656,758062.9998240646
703841.9997164152,713033.9999472979,714371.9998842841,714981.9998853297,718475.0000482127,720079.0001294487,724960.9995572916,741198.0004430988,746208.0001958701,747904.9997883656,755967.9999740294
713033.9999472979,714371.9998842841,714981.9998853297,718475.0000482127,720079.0001294487,723945.0001107255,724960.9995572916,726104.9998015597,741198.0004430988,747904.9997883656,755967.9999740294
707320.0001471039,713033.9999472979,714371.9998842841,714981.9998853297,720079.0001294487,723945.0001107255,726104.9998015597,736115.9994584004,741198.0004430988,747904.9997883656,755967.9999740294
707320.0001471039,713033.9999472979,714371.9998842841,714981.9998853297,720079.0001294487,720633.9998127585,723945.0001107255,726104.9998015597,747904.9997883656,755967.9999740294,756680.0000887407
700323.000027792,707320.0001471039,714371.9998842841,714981.9998853297,720633.9998127585,723945.0001107255,726104.9998015597,732790.0000489546,747904.9997883656,755967.9999740294,756680.0000887407
700323.000027792,702557.999925649,714981.9998853297,719134.000105739,720633.9998127585,723945.0001107255,726104.9998015597,732790.0000489546,747904.9997883656,755967.9999740294,756680.0000887407
696900.0001556718,702557.999925649,714981.9998853297,719134.000105739,720633.9998127585,723945.0001107255,726104.9998015597,736212.9999210747,747904.9997883656,755967.9999740294,756680.0000887407
696900.0001556718,702557.999925649,714981.9998853297,719134.000105739,723945.0001107255,726104.9998015597,732069.0002205924,736212.9999210747,745244.9996809068,747904.9997883656,755967.9999740294
698996.9998925244,702557.999925649,714981.9998853297,719134.000105739,723945.0001107255,724008.0000647071,732069.0002205924,736212.9999210747,745244.9996809068,747904.9997883656,755967.9999740294
702557.999925649,702941.9999411562,714981.9998853297,719134.000105739,720063.0000160753,723945.0001107255,732069.0002205924,736212.9999210747,745244.9996809068,747904.9997883656,755967.9999740294
702557.999925649,702941.9999411562,714981.9998853297,720063.0000160753,723945.0001107255,729731.9999589905,732069.0002205924,736212.9999210747,745244.9996809068,745370.0001207779,747904.9997883656
702941.9999411562,711585.9999243552,714981.9998853297,720063.0000160753,720703.9999602843,723945.0001107255,732069.0002205924,736212.9999210747,745244.9996809068,745370.0001207779,747904.9997883656
702941.9999411562,711585.9999243552,714981.9998853297,715183.9999804809,720703.9999602843,728824.00014632,732069.0002205924,736212.9999210747,745244.9996809068,745370.0001207779,747904.9997883656
702941.9999411562,711585.9999243552,714981.9998853297,715183.9999804809,723059.0001741693,726468.999932435,732069.0002205924,736212.9999210747,745244.9996809068,745370.0001207779,747904.9997883656
702941.9999411562,711585.9999243552,714344.9998808709,714981.9998853297,715183.9999804809,732069.0002205924,735183.0002257334,736212.9999210747,745244.9996809068,745370.0001207779,747904.9997883656
702941.9999411562,711585.9999243552,714344.9998808709,714981.9998853297,715183.9999804809,730328.9998384116,732069.0002205924,736212.9999210747,745244.9996809068,745370.0001207779,752759.0001756874
702941.9999411562,711585.9999243552,714981.9998853297,715183.9999804809,725004.0000295545,730328.9998384116,732069.0002205924,736212.9999210747,742100.0000270038,745244.9996809068,745370.0001207779
699632.999812302,711585.9999243552,714981.9998853297,715183.9999804809,725004.0000295545,730328.9998384116,732069.0002205924,739522.000049929,742100.0000270038,745244.9996809068,745370.0001207779
699632.999812302,711585.9999243552,715183.9999804809,722122.999895685,725004.0000295545,730328.9998384116,732069.0002205924,734959.0000166486,739522.000049929,745244.9996809068,745370.0001207779
699632.999812302,711585.9999243552,715183.9999804809,719355.9999866387,725004.0000295545,732069.0002205924,733095.9997474579,734959.0000166486,739522.000049929,745244.9996809068,745370.0001207779
699632.999812302,715183.9999804809,718924.0000277483,719355.9999866387,725004.0000295545,732069.0002205924,733095.9997474579,734959.0000166486,738032.0000173849,739522.000049929,745244.9996809068
699632.999812302,715183.9999804809,718924.0000277483,725004.0000295545,725374.0000075359,728940.9999957513,732069.0002205924,733095.9997474579,738032.0000173849,739522.000049929,745244.9996809068
699632.999812302,715183.9999804809,718924.0000277483,725004.0000295545,727540.0000084264,728940.9999957513,730929.9997465675,732069.0002205924,738032.0000173849,739522.000049929,745244.9996809068
699632.999812302,713016.0000053314,715183.9999804809,725004.0000295545,727540.0000084264,728940.9999957513,730929.9997465675,732069.0002205924,739522.000049929,743940.0000398018,745244.9996809068
700352.999648355,713016.0000053314,714464.0001444279,725004.0000295545,727540.0000084264,728940.9999957513,730929.9997465675,732069.0002205924,739522.000049929,743940.0000398018,745244.9996809068
700352.999648355,713016.0000053314,714464.0001444279,725004.0000295545,728940.9999957513,730929.9997465675,732069.0002205924,733933.9999350606,737546.0001131676,739522.000049929,745244.9996809068
700352.999648355,713016.0000053314,714464.0001444279,720307.999972424,725004.0000295545,728940.9999957513,730929.9997465675,732069.0002205924,739522.000049929,745244.9996809068,751172.0000758042
700352.999648355,713016.0000053314,714464.0001444279,720307.999972424,720395.9997966266,725004.0000295545,732069.0002205924,739474.9999456923,739522.000049929,745244.9996809068,751172.0000758042
700352.999648355,713016.0000053314,714464.0001444279,720307.999972424,720395.9997966266,725861.0000485051,732069.0002205924,739474.9999456923,739522.000049929,745244.9996809068,750315.0000568534
700352.999648355,713016.0000053314,714177.9992846996,714464.0001444279,720307.999972424,720395.9997966266,725861.0000485051,739474.9999456923,739522.000049929,750315.0000568534,763136.0006167996
700352.999648355,713016.0000053314,714177.9992846996,714464.0001444279,720307.999972424,720395.9997966266,724529.0000065725,739474.9999456923,740854.0000918617,750315.0000568534,763136.0006167996
700352.999648355,713016.0000053314,714464.0001444279,719827.0000374634,720307.999972424,720395.9997966266,724529.0000065725,739474.9999456923,740854.0000918617,750315.0000568534,757486.9998640358
700352.999648355,714464.0001444279,719827.0000374634,720307.999972424,720395.9997966266,722143.9998906348,724529.0000065725,739474.9999456923,740854.0000918617,741187.0001715499,757486.9998640358
700352.999648355,713891.9997502589,714464.0001444279,720307.999972424,720395.9997966266,722143.9998906348,724529.0000065725,739474.9999456923,740854.0000918617,741187.0001715499,763422.0001512403
700352.999648355,713891.9997502589,714464.0001444279,720141.9997891259,720307.999972424,722143.9998906348,724529.0000065725,739728.999953193,740854.0000918617,741187.0001715499,763422.0001512403
700352.999648355,713891.9997502589,720141.9997891259,720307.999972424,722143.9998906348,724529.0000065725,726011.0000738413,729307.0001624483,739728.999953193,741187.0001715499,763422.0001512403
700352.999648355,707798.0000871023,713891.9997502589,720141.9997891259,724529.0000065725,726011.0000738413,729307.0001624483,734653.9997759565,739728.999953193,741187.0001715499,763422.0001512403
700352.999648355,707798.0000871023,713891.9997502589,714172.0000084502,720141.9997891259,726011.0000738413,729307.0001624483,734653.9997759565,741187.0001715499,750085.9999513153,763422.0001512403
700352.999648355,713891.9997502589,714172.0000084502,714924.0001067731,720141.9997891259,726011.0000738413,729307.0001624483,734653.9997759565,741187.0001715499,750085.9999513153,756296.0001315695
704520.9997017538,713891.9997502589,714172.0000084502,714924.0001067731,720141.9997891259,721843.0000204424,729307.0001624483,734653.9997759565,741187.0001715499,750085.9999513153,756296.0001315695
704520.9997017538,713891.9997502589,714172.0000084502,714924.0001067731,715075.0000048683,720141.9997891259,721843.0000204424,729307.0001624483,750085.9999513153,756296.0001315695,760765.9999426381
704520.9997017538,713891.9997502589,714924.0001067731,715075.0000048683,719319.9999853005,720141.9997891259,721843.0000204424,729307.0001624483,744937.9999744651,756296.0001315695,760765.9999426381
704520.9997017538,713891.9997502589,714924.0001067731,715075.0000048683,719319.9999853005,720141.9997891259,721918.0000093242,729307.0001624483,744862.9999855831,756296.0001315695,760765.9999426381
704520.9997017538,706287.9997510363,713891.9997502589,714924.0001067731,715075.0000048683,721918.0000093242,729307.0001624483,733174.00002339,744862.9999855831,756296.0001315695,760765.9999426381
704520.9997017538,706287.9997510363,713891.9997502589,714924.0001067731,718971.0000495889,721918.0000093242,729307.0001624483,733174.00002339,744862.9999855831,756296.0001315695,756869.9998979175
704520.9997017538,706287.9997510363,713891.9997502589,714924.0001067731,717819.9999550098,721918.0000093242,729307.0001624483,733174.00002339,744862.9999855831,756296.0001315695,758020.9999924966
704520.9997017538,706287.9997510363,713891.9997502589,714924.0001067731,717819.9999550098,729307.0001624483,732278.9999925928,733174.00002339,734502.0000023145,756296.0001315695,758020.9999924966
706287.9997510363,713891.9997502589,714924.0001067731,716207.9996249574,717819.9999550098,722815.0000791108,729307.0001624483,732278.9999925928,733174.00002339,756296.0001315695,758020.9999924966
699357.9997988285,706287.9997510363,713891.9997502589,714924.0001067731,717819.9999550098,729307.0001624483,732278.9999925928,733174.00002339,739664.9999052398,756296.0001315695,758020.9999924966
699357.9997988285,706287.9997510363,713891.9997502589,714924.0001067731,726499.9999815273,729307.0001624483,732278.9999925928,733174.00002339,739664.9999052398,747616.0001050519,758020.9999924966
699357.9997988285,706287.9997510363,713891.9997502589,714924.0001067731,729307.0001624483,729885.9999960683,732278.9999925928,733174.00002339,739664.9999052398,747616.0001050519,754634.9999779556
699357.9997988285,706287.9997510363,713891.9997502589,714924.0001067731,725355.9999694023,729307.0001624483,732278.9999925928,733174.00002339,739664.9999052398,752146.0001317179,754634.9999779556
699357.9997988285,706287.9997510363,713891.9997502589,714924.0001067731,726660.0001671178,729307.0001624483,731869.9998256746,732278.9999925928,739664.9999052398,752146.0001317179,754634.9999779556
699357.9997988285,706287.9997510363,713277.9997920936,713891.9997502589,726660.0001671178,729307.0001624483,731869.9998256746,732278.9999925928,739664.9999052398,752146.0001317179,756281.000292635
699357.9997988285,706287.9997510363,713277.9997920936,713891.9997502589,722707.0001622505,726660.0001671178,729307.0001624483,732278.9999925928,739664.9999052398,756281.000292635,761308.999795142
699357.9997988285,706287.9997510363,713891.9997502589,714059.000295804,722707.0001622505,726660.0001671178,729307.0001624483,732278.9999925928,739664.9999052398,755499.9997889247,761308.999795142
699357.9997988285,706287.9997510363,713891.9997502589,714059.000295804,722707.0001622505,726660.0001671178,729307.0001624483,729758.9997841421,742185.0001136905,755499.9997889247,761308.999795142
699357.9997988285,712210.0000617605,713891.9997502589,714059.000295804,720737.9998563936,722707.0001622505,729307.0001624483,729758.9997841421,742185.0001136905,755499.9997889247,761308.999795142
699357.9997988285,712210.0000617605,713891.9997502589,714059.000295804,720737.9998563936,722707.0001622505,729307.0001624483,733056.0002405667,738887.9996572658,755499.9997889247,761308.999795142
699357.9997988285,712210.0000617605,713891.9997502589,714059.000295804,720737.9998563936,722707.0001622505,728747.9997645266,729307.0001624483,743196.0001333059,755499.9997889247,761308.999795142
699357.9997988285,712210.0000617605,713891.9997502589,714059.000295804,720737.9998563936,728747.9997645266,729307.0001624483,730075.9999561759,743196.0001333059,748130.9999949993,761308.999795142
699357.9997988285,713891.9997502589,714059.000295804,719293.9999096112,720737.9998563936,728747.9997645266,729307.0001624483,730075.9999561759,743196.0001333059,748130.9999949993,754224.9999472913
693711.0001782856,699357.9997988285,719293.9999096112,720737.9998563936,728747.9997645266,729307.0001624483,730075.9999561759,734239.9998677772,743196.0001333059,748130.9999949993,754224.9999472913
693711.0001782856,713337.0000025175,714768.9995608376,719293.9999096112,720737.9998563936,729307.0001624483,730075.9999561759,734239.9998677772,743196.0001333059,748130.9999949993,754224.9999472913
693711.0001782856,714768.9995608376,717677.9996701468,719293.9999096112,720737.9998563936,729307.0001624483,730075.9999561759,734239.9998677772,738855.0004656767,748130.9999949993,754224.9999472913
693711.0001782856,701514.9997747708,714768.9995608376,717677.9996701468,729307.0001624483,730075.9999561759,734239.9998677772,738516.9999912339,738855.0004656767,748130.9999949993,754224.9999472913
693711.0001782856,701514.9997747708,717677.9996701468,722580.0003944788,729307.0001624483,730075.9999561759,731043.9996320355,734239.9998677772,738516.9999912339,748130.9999949993,754224.9999472913
693711.0001782856,701514.9997747708,717677.9996701468,722580.0003944788,724356.000074705,729307.0001624483,731043.9996320355,738516.9999912339,739959.9997492481,748130.9999949993,754224.9999472913
693711.0001782856,701514.9997747708,715414.0000961059,717677.9996701468,722580.0003944788,729307.0001624483,731043.9996320355,738516.9999912339,748130.9999949993,748901.9997278473,754224.9999472913
693711.0001782856,701514.9997747708,712913.9999810671,717677.9996701468,722580.0003944788,729307.0001624483,731043.9996320355,738516.9999912339,748901.9997278473,750631.0001100381,754224.9999472913
693711.0001782856,701514.9997747708,703545.9999695388,712913.9999810671,729307.0001624483,731043.9996320355,736712.0000950869,738516.9999912339,748901.9997278473,750631.0001100381,754224.9999472913
693711.0001782856,701514.9997747708,703545.9999695388,714928.0000238989,729307.0001624483,731043.9996320355,736712.0000950869,738516.9999912339,748901.9997278473,750631.0001100381,752210.9999044596
693711.0001782856,701514.9997747708,714928.0000238989,719653.0001278075,720604.9999368181,729307.0001624483,731043.9996320355,738516.9999912339,748901.9997278473,750631.0001100381,752210.9999044596
693711.0001782856,701514.9997747708,715802.0000513962,719653.0001278075,719730.9999093208,729307.0001624483,731043.9996320355,738516.9999912339,748901.9997278473,750631.0001100381,752210.9999044596
693711.0001782856,701514.9997747708,719653.0001278075,719730.9999093208,725710.0000366576,729307.0001624483,731043.9996320355,738516.9999912339,742302.9999191982,748901.9997278473,750631.0001100381
693711.0001782856,701514.9997747708,719653.0001278075,721411.0000329539,725710.0000366576,729307.0001624483,731043.9996320355,736836.9998676009,742302.9999191982,748901.9997278473,750631.0001100381
693711.0001782856,701514.9997747708,721411.0000329539,722610.0002025397,725710.0000366576,728086.9995573033,729307.0001624483,736836.9998676009,742302.9999191982,748901.9997278473,750631.0001100381
693711.0001782856,701514.9997747708,713974.0000150594,722610.0002025397,725710.0000366576,728086.9995573033,729307.0001624483,742302.9999191982,744273.9998854954,748901.9997278473,750631.0001100381
701514.9997747708,713974.0000150594,716044.9999351936,722610.0002025397,725710.0000366576,726567.9999709394,728086.9995573033,729307.0001624483,742302.9999191982,744273.9998854954,750631.0001100381
701514.9997747708,713974.0000150594,716044.9999351936,719192.9998523276,725710.0000366576,726567.9999709394,729307.0001624483,731503.9999075154,742302.9999191982,744273.9998854954,750631.0001100381
701514.9997747708,713974.0000150594,716044.9999351936,719192.9998523276,720213.0000142355,725710.0000366576,726567.9999709394,729307.0001624483,742302.9999191982,750631.0001100381,755564.9997787753
701514.9997747708,708642.0000283902,713974.0000150594,716044.9999351936,719192.9998523276,725710.0000366576,726567.9999709394,740878.0001482936,742302.9999191982,750631.0001100381,755564.9997787753
701514.9997747708,708642.0000283902,713974.0000150594,715710.9999458569,716044.9999351936,725710.0000366576,726567.9999709394,742302.9999191982,744360.0000547643,750631.0001100381,755564.9997787753
701514.9997747708,713974.0000150594,715710.9999458569,716044.9999351936,725710.0000366576,726567.9999709394,730544.9998811771,733661.9999259884,742302.9999191982,744360.0000547643,750631.0001100381
701514.9997747708,713974.0000150594,715444.9999863352,715710.9999458569,716044.9999351936,726567.9999709394,730544.9998811771,742302.9999191982,743926.9999763108,744360.0000547643,750631.0001100381
701514.9997747708,713709.9999990605,715444.9999863352,715710.9999458569,716044.9999351936,726567.9999709394,730544.9998811771,742566.9999351971,743926.9999763108,744360.0000547643,750631.0001100381
713619.9999407103,713709.9999990605,715444.9999863352,715710.9999458569,716044.9999351936,726567.9999709394,730461.9997692576,730544.9998811771,743926.9999763108,744360.0000547643,750631.0001100381
691213.9999166263,713709.9999990605,715444.9999863352,715710.9999458569,726567.9999709394,730461.9997692576,730544.9998811771,738450.9999592776,743926.9999763108,744360.0000547643,750631.0001100381
701541.9998852318,713709.9999990605,715444.9999863352,715710.9999458569,720216.9999125715,726567.9999709394,730461.9997692576,738450.9999592776,743926.9999763108,744360.0000547643,750631.0001100381
698742.9998119937,715444.9999863352,715710.9999458569,716509.0000722987,720216.9999125715,726567.9999709394,730461.9997692576,738450.9999592776,743926.9999763108,744360.0000547643,750631.0001100381
698742.9998119937,710811.999748403,715710.9999458569,716509.0000722987,724850.0001505036,726567.9999709394,730461.9997692576,738450.9999592776,743926.9999763108,744360.0000547643,750631.0001100381
698742.9998119937,710811.999748403,715710.9999458569,717921.0002033637,724850.0001505036,726567.9999709394,729049.9996381926,738450.9999592776,743926.9999763108,744360.0000547643,750631.0001100381
698742.9998119937,710811.999748403,715710.9999458569,717921.0002033637,724850.0001505036,726567.9999709394,729049.9996381926,732026.0001313479,738450.9999592776,744360.0000547643,762531.9999550009
710811.999748403,715710.9999458569,716714.9999222566,717921.0002033637,724850.0001505036,726567.9999709394,729049.9996381926,732026.0001313479,738450.9999592776,744360.0000547643,744559.999844738
710811.999748403,712509.0000840444,715710.9999458569,717921.0002033637,724850.0001505036,726567.9999709394,729049.9996381926,736231.99996956,738450.9999592776,744360.0000547643,744559.999844738
710811.999748403,712509.0000840444,715359.0001182705,715710.9999458569,717921.0002033637,726567.9999709394,729049.9996381926,736231.99996956,738450.9999592776,744360.0000547643,754050.9998769711
710811.999748403,712509.0000840444,715359.0001182705,715710.9999458569,723418.9998157077,723552.0000258486,726567.9999709394,736231.99996956,738450.9999592776,744360.0000547643,754050.9998769711
710811.999748403,712509.0000840444,714049.0000541877,717021.0000099397,723418.9998157077,723552.0000258486,726567.9999709394,736231.99996956,738450.9999592776,744360.0000547643,754050.9998769711
710811.999748403,712509.0000840444,714049.0000541877,717021.0000099397,723418.9998157077,723552.0000258486,726567.9999709394,732736.0000199848,738450.9999592776,744360.0000547643,757546.9998265463
697177.9999804903,712509.0000840444,717021.0000099397,723418.9998157077,723552.0000258486,726567.9999709394,727682.9998221004,732736.0000199848,738450.9999592776,744360.0000547643,757546.9998265463
697177.9999804903,712509.0000840444,713668.0000536733,717021.0000099397,726567.9999709394,727682.9998221004,732736.0000199848,733302.999787883,738450.9999592776,744360.0000547643,757546.9998265463
712509.0000840444,713668.0000536733,713889.0000596573,716024.9999408178,717021.0000099397,726567.9999709394,727682.9998221004,733302.999787883,738450.9999592776,744360.0000547643,757546.9998265463
713668.0000536733,713889.0000596573,716024.9999408178,717021.0000099397,720871.0000618638,726567.9999709394,727682.9998221004,730088.9999814582,733302.999787883,744360.0000547643,757546.9998265463
713668.0000536733,713708.9998074053,713889.0000596573,716024.9999408178,717021.0000099397,727682.9998221004,730088.9999814582,733302.999787883,733730.0002253979,744360.0000547643,757546.9998265463
713668.0000536733,713708.9998074053,713889.0000596573,716024.9999408178,717021.0000099397,727682.9998221004,733302.999787883,733730.0002253979,734394.9999105893,744360.0000547643,753240.9998974152
702972.9998873684,713668.0000536733,713708.9998074053,713889.0000596573,716024.9999408178,733302.999787883,733730.0002253979,734394.9999105893,741730.9999446716,744360.0000547643,753240.9998974152
702972.9998873684,713368.0000516587,713708.9998074053,713889.0000596573,716024.9999408178,733602.9997898976,733730.0002253979,734394.9999105893,741730.9999446716,744360.0000547643,753240.9998974152
702972.9998873684,713708.9998074053,713889.0000596573,716024.9999408178,717417.0002284719,729553.9996130844,733730.0002253979,734394.9999105893,741730.9999446716,744360.0000547643,753240.9998974152
702972.9998873684,713380.0001112628,713708.9998074053,713889.0000596573,720062.000058027,729553.9996130844,733730.0002253979,734394.9999105893,741730.9999446716,744360.0000547643,753240.9998974152
699898.0000902286,702972.9998873684,713708.9998074053,713889.0000596573,729553.9996130844,733544.0000790611,733730.0002253979,734394.9999105893,741730.9999446716,744360.0000547643,753240.9998974152
702972.9998873684,711027.0001028905,713708.9998074053,713889.0000596573,722415.0000663992,729553.9996130844,733730.0002253979,734394.9999105893,741730.9999446716,744360.0000547643,753240.9998974152
702972.9998873684,713708.9998074053,713889.0000596573,718804.000062529,721776.9996534458,722415.0000663992,733730.0002253979,734394.9999105893,741730.9999446716,744360.0000547643,753240.9998974152
702972.9998873684,708343.000074184,713708.9998074053,713889.0000596573,721776.9996534458,732876.0000547442,733730.0002253979,734394.9999105893,741730.9999446716,744360.0000547643,753240.9998974152
702972.9998873684,708343.000074184,713708.9998074053,713889.0000596573,721776.9996534458,727369.9999762266,732876.0000547442,733730.0002253979,741730.9999446716,744360.0000547643,760265.9998317779
702972.9998873684,708343.000074184,713708.9998074053,720179.0003564205,721776.9996534458,727369.9999762266,732876.0000547442,733730.0002253979,735440.9996479084,744360.0000547643,760265.9998317779
700784.0000226124,708343.000074184,713708.9998074053,720179.0003564205,721776.9996534458,727369.9999762266,732876.0000547442,733730.0002253979,737629.9995126644,744360.0000547643,760265.9998317779
700784.0000226124,712725.9999907459,713708.9998074053,720179.0003564205,721776.9996534458,722987.0000596647,732876.0000547442,733730.0002253979,737629.9995126644,744360.0000547643,760265.9998317779
700784.0000226124,713708.9998074053,716022.9999847801,719690.0000656305,720179.0003564205,721776.9996534458,732876.0000547442,733730.0002253979,737629.9995126644,744360.0000547643,760265.9998317779
700784.0000226124,713708.9998074053,715954.999808435,716022.9999847801,719690.0000656305,721776.9996534458,732876.0000547442,733730.0002253979,741854.0000606499,744360.0000547643,760265.9998317779
700784.0000226124,713708.9998074053,715954.999808435,716022.9999847801,719690.0000656305,721776.9996534458,724642.9999991647,732876.0000547442,733730.0002253979,760265.9998317779,761571.0001162495
700784.0000226124,713708.9998074053,714962.9998099299,715954.999808435,716022.9999847801,719690.0000656305,724642.9999991647,733730.0002253979,739689.9998982601,760265.9998317779,761571.0001162495
701132.0000563178,713708.9998074053,714962.9998099299,715954.999808435,716022.9999847801,719690.0000656305,724294.9999654593,733730.0002253979,739689.9998982601,760265.9998317779,761571.0001162495
701132.0000563178,714962.9998099299,715954.999808435,716022.9999847801,716882.000079275,719690.0000656305,724294.9999654593,730556.9999535282,739689.9998982601,760265.9998317779,761571.0001162495
701132.0000563178,714962.9998099299,715954.999808435,716882.000079275,719690.0000656305,720102.9998300829,724294.9999654593,730556.9999535282,739689.9998982601,756185.9999864751,761571.0001162495
701132.0000563178,714962.9998099299,716882.000079275,719690.0000656305,720102.9998300829,723439.0001956713,724294.9999654593,730556.9999535282,739689.9998982601,754086.9997290132,756185.9999864751
701132.0000563178,714962.9998099299,716882.000079275,719690.0000656305,720102.9998300829,724294.9999654593,729546.9997269488,730556.9999535282,739689.9998982601,747979.0001977357,756185.9999864751
704115.000047607,714962.9998099299,716707.0000743413,716882.000079275,720102.9998300829,724294.9999654593,729546.9997269488,730556.9999535282,739689.9998982601,747979.0001977357,756185.9999864751
704115.000047607,714962.9998099299,716707.0000743413,720102.9998300829,722525.9997237495,724294.9999654593,724913.0003090538,729546.9997269488,739689.9998982601,747979.0001977357,756185.9999864751
704115.000047607,714962.9998099299,720102.9998300829,720232.0000104237,722525.9997237495,724294.9999654593,724913.0003090538,729546.9997269488,736164.9999621777,747979.0001977357,756185.9999864751
704115.000047607,714962.9998099299,717328.9996192866,720102.9998300829,720232.0000104237,722525.9997237495,724913.0003090538,736164.9999621777,736513.0000731215,747979.0001977357,756185.9999864751
704115.000047607,716343.0000314681,717328.9996192866,720102.9998300829,720232.0000104237,722525.9997237495,724913.0003090538,734784.9997406395,736513.0000731215,747979.0001977357,756185.9999864751
704115.000047607,716343.0000314681,717328.9996192866,720102.9998300829,722525.9997237495,724743.9998268222,724913.0003090538,734784.9997406395,736513.0000731215,747979.0001977357,751674.0001700765
701980.9998658658,716343.0000314681,717328.9996192866,720102.9998300829,722525.9997237495,724913.0003090538,726878.0000085634,734784.9997406395,736513.0000731215,747979.0001977357,751674.0001700765
701980.9998658658,716343.0000314681,717076.0006211989,717328.9996192866,720102.9998300829,726878.0000085634,730362.9994116044,734784.9997406395,736513.0000731215,747979.0001977357,751674.0001700765
701980.9998658658,714518.999887624,717076.0006211989,717328.9996192866,720102.9998300829,726878.0000085634,730362.9994116044,736513.0000731215,736608.9998844835,747979.0001977357,751674.0001700765
701980.9998658658,714518.999887624,715431.999763414,717076.0006211989,720102.9998300829,726878.0000085634,730362.9994116044,736513.0000731215,736608.9998844835,749876.0000536083,751674.0001700765
701980.9998658658,714518.999887624,717076.0006211989,720102.9998300829,723908.9997425487,726878.0000085634,730362.9994116044,736513.0000731215,736608.9998844835,741399.0000744737,751674.0001700765
701980.9998658658,717076.0006211989,720102.9998300829,722725.9996348822,723908.9997425487,726878.0000085634,728402.0001372254,730362.9994116044,736513.0000731215,741399.0000744737,751674.0001700765
701980.9998658658,717076.0006211989,720102.9998300829,722725.9996348822,723908.9997425487,726878.0000085634,728402.0001372254,730362.9994116044,732971.9999440688,744940.0002035263,751674.0001700765
701980.9998658658,714557.0001497196,717076.0006211989,720102.9998300829,722725.9996348822,726878.0000085634,728402.0001372254,730362.9994116044,732971.9999440688,751674.0001700765,754291.9997963554
708472.9998149466,713610.9998810021,714557.0001497196,717076.0006211989,722725.9996348822,726878.0000085634,728402.0001372254,730362.9994116044,732971.9999440688,751674.0001700765,754291.9997963554
708472.9998149466,713610.9998810021,714428.000073204,714557.0001497196,722725.9996348822,726878.0000085634,728402.0001372254,732971.9999440688,733010.9999595992,751674.0001700765,754291.9997963554
708472.9998149466,713610.9998810021,714428.000073204,715777.0004246796,722725.9996348822,726878.0000085634,728402.0001372254,731751.9996691089,733010.9999595992,751674.0001700765,754291.9997963554
708472.9998149466,714428.000073204,715777.0004246796,716841.0000235476,722725.9996348822,723647.999866018,728402.0001372254,731751.9996691089,733010.9999595992,751674.0001700765,754291.9997963554
708472.9998149466,714428.000073204,716841.0000235476,722725.9996348822,723647.999866018,725778.9997355868,728402.0001372254,731751.9996691089,733010.9999595992,744290.0004854482,751674.0001700765
708472.9998149466,714428.000073204,716841.0000235476,722725.9996348822,723647.999866018,725778.9997355868,728402.0001372254,728474.0000074425,731751.9996691089,744290.0004854482,756211.0001222332
708472.9998149466,714428.000073204,716841.0000235476,719348.9998611476,722725.9996348822,728402.0001372254,728474.0000074425,730077.9997404572,731751.9996691089,744290.0004854482,756211.0001222332
708472.9998149466,714428.000073204,716841.0000235476,717520.0001411431,722725.9996348822,728402.0001372254,728474.0000074425,730077.9997404572,731751.9996691089,744290.0004854482,758039.9998422377
691183.0001446824,714428.000073204,716841.0000235476,722725.9996348822,728402.0001372254,728474.0000074425,730077.9997404572,731751.9996691089,734809.9998114073,744290.0004854482,758039.9998422377
691183.0001446824,703819.0001321122,714428.000073204,722725.9996348822,728474.0000074425,730077.9997404572,731751.9996691089,734809.9998114073,741424.0000286608,744290.0004854482,758039.9998422377
703819.0001321122,708460.000135765,714428.000073204,717532.9998203247,722725.9996348822,728474.0000074425,730077.9997404572,731751.9996691089,741424.0000286608,744290.0004854482,758039.9998422377
703819.0001321122,714428.000073204,717532.9998203247,722189.9998797678,722725.9996348822,728474.0000074425,730077.9997404572,731751.9996691089,741424.0000286608,744290.0004854482,744310.0000982349
713620.0001784611,714428.000073204,717532.9998203247,722189.9998797678,722725.9996348822,728474.0000074425,730077.9997404572,731622.9999823119,731751.9996691089,744290.0004854482,744310.0000982349
714428.000073204,717532.9998203247,719093.0001129734,722189.9998797678,722725.9996348822,728474.0000074425,730077.9997404572,731622.9999823119,731751.9996691089,738837.0001637226,744290.0004854482
714428.000073204,715037.9998702682,721588.0000630298,722189.9998797678,722725.9996348822,728474.0000074425,730077.9997404572,731622.9999823119,731751.9996691089,738837.0001637226,744290.0004854482
714428.000073204,715037.9998702682,716373.9999119568,722725.9996348822,727404.0000308407,728474.0000074425,730077.9997404572,731622.9999823119,731751.9996691089,738837.0001637226,744290.0004854482
714428.000073204,715037.9998702682,716373.9999119568,717666.0001196114,722725.9996348822,727404.0000308407,728474.0000074425,730077.9997404572,731622.9999823119,738837.0001637226,758376.0000349457
714428.000073204,715037.9998702682,716373.9999119568,717666.0001196114,720862.9997885696,727404.0000308407,728474.0000074425,730077.9997404572,731622.9999823119,740700.0000100352,758376.0000349457
715037.9998702682,716373.9999119568,717666.0001196114,720862.9997885696,721415.999952808,721486.0001278386,727404.0000308407,730077.9997404572,731622.9999823119,740700.0000100352,758376.0000349457
715037.9998702682,716373.9999119568,717666.0001196114,720862.9997885696,721415.999952808,721486.0001278386,727404.0000308407,731622.9999823119,739210.0000369237,740700.0000100352,749243.999738479
715037.9998702682,716257.9998901468,716373.9999119568,720862.9997885696,721415.999952808,721486.0001278386,727404.0000308407,731622.9999823119,739210.0000369237,740700.0000100352,750651.9999679436
715037.9998702682,716373.9999119568,719595.0002849653,720862.9997885696,721415.999952808,721486.0001278386,727404.0000308407,731622.9999823119,739210.0000369237,740700.0000100352,747314.9995731252
713348.0000227133,715037.9998702682,716373.9999119568,719595.0002849653,720862.9997885696,727404.0000308407,729554.0000579333,731622.9999823119,739210.0000369237,740700.0000100352,747314.9995731252
715037.9998702682,716373.9999119568,718113.0002507708,719595.0002849653,720862.9997885696,724788.9998298758,727404.0000308407,731622.9999823119,739210.0000369237,740700.0000100352,747314.9995731252
693731.9999234847,718113.0002507708,719595.0002849653,720862.9997885696,724788.9998298758,727404.0000308407,731622.9999823119,737679.9998587403,739210.0000369237,740700.0000100352,747314.9995731252
693731.9999234847,714281.9999336936,718113.0002507708,719595.0002849653,720862.9997885696,724788.9998298758,731622.9999823119,739210.0000369237,740700.0000100352,747314.9995731252,750801.9999558874
693731.9999234847,712894.9999122879,718113.0002507708,719595.0002849653,720862.9997885696,724788.9998298758,731622.9999823119,739210.0000369237,742087.0000314409,747314.9995731252,750801.9999558874
693731.9999234847,706240.0002363556,712894.9999122879,719595.0002849653,720862.9997885696,731622.9999823119,736661.999844291,739210.0000369237,742087.0000314409,747314.9995731252,750801.9999558874
693731.9999234847,705331.9999254107,712894.9999122879,719595.0002849653,720862.9997885696,731622.9999823119,737570.0001552359,739210.0000369237,742087.0000314409,747314.9995731252,750801.9999558874
705331.9999254107,712894.9999122879,714530.0000296237,719595.0002849653,720862.9997885696,730003.9998497486,731622.9999823119,737570.0001552359,739210.0000369237,742087.0000314409,747314.9995731252
705331.9999254107,712894.9999122879,714530.0000296237,719595.0002849653,728433.9998865568,730003.9998497486,731622.9999823119,734515.9999334537,737570.0001552359,739210.0000369237,747314.9995731252
705331.9999254107,712894.9999122879,714530.0000296237,719595.0002849653,728433.9998865568,730003.9998497486,732128.9999993119,734515.9999334537,737570.0001552359,738704.0000199237,747314.9995731252
710391.0000315027,712894.9999122879,714530.0000296237,719595.0002849653,728433.9998865568,730003.9998497486,732128.9999993119,732511.000049144,734515.9999334537,738704.0000199237,747314.9995731252
710391.0000315027,712894.9999122879,714530.0000296237,719595.0002849653,721971.0000409365,728433.9998865568,732128.9999993119,732511.000049144,734515.9999334537,746736.9998287357,747314.9995731252
710391.0000315027,712894.9999122879,716610.9998512882,719595.0002849653,721971.0000409365,728433.9998865568,732128.9999993119,732511.000049144,734515.9999334537,744656.0000070713,747314.9995731252
710035.9999808285,710391.0000315027,712894.9999122879,719595.0002849653,728433.9998865568,728545.9999113962,732128.9999993119,732511.000049144,734515.9999334537,744656.0000070713,747314.9995731252
710035.9999808285,712894.9999122879,716424.0001091346,719595.0002849653,726477.9999715121,728433.9998865568,728545.9999113962,732128.9999993119,734515.9999334537,744656.0000070713,747314.9995731252
710035.9999808285,716424.0001091346,717868.9999528229,719595.0002849653,721503.9999309771,728433.9998865568,728545.9999113962,732128.9999993119,734515.9999334537,744656.0000070713,747314.9995731252
710035.9999808285,716424.0001091346,717868.9999528229,721503.9999309771,722902.0002478333,728433.9998865568,728545.9999113962,732128.9999993119,734515.9999334537,744007.9996102571,744656.0000070713
710035.9999808285,716342.9998372057,717868.9999528229,721585.000202906,722902.0002478333,728433.9998865568,728545.9999113962,732128.9999993119,734515.9999334537,744007.9996102571,744656.0000070713
710035.9999808285,715781.9999485757,716342.9998372057,717868.9999528229,721585.000202906,722902.0002478333,728433.9998865568,732128.9999993119,734515.9999334537,744007.9996102571,757419.9999698917
710035.9999808285,716342.9998372057,716867.9998548614,717868.9999528229,721585.000202906,722902.0002478333,728433.9998865568,732128.9999993119,734515.9999334537,744007.9996102571,756334.0000636061
710035.9999808285,712848.0000857803,716342.9998372057,717868.9999528229,721585.000202906,722902.0002478333,728433.9998865568,732128.9999993119,734515.9999334537,744007.9996102571,760353.9998326872
710035.9999808285,712848.0000857803,716220.0000300203,717868.9999528229,721708.0000100916,722902.0002478333,728433.9998865568,732128.9999993119,734515.9999334537,744007.9996102571,760353.9998326872
710035.9999808285,710592.0000821933,716220.0000300203,720124.9999564099,721708.0000100916,722902.0002478333,728433.9998865568,732128.9999993119,734515.9999334537,744007.9996102571,760353.9998326872
710592.0000821933,716220.0000300203,720124.9999564099,721365.9997796004,721708.0000100916,722902.0002478333,728433.9998865568,732128.9999993119,734515.9999334537,744007.9996102571,749024.0000339153
716220.0000300203,720124.9999564099,721365.9997796004,721708.0000100916,722902.0002478333,724901.0000856019,728433.9998865568,732128.9999993119,734515.9999334537,734715.0000305066,744007.9996102571
716220.0000300203,721365.9997796004,721708.0000100916,722902.0002478333,724263.9998622307,724901.0000856019,728433.9998865568,730576.0001246858,732128.9999993119,734515.9999334537,744007.9996102571
716097.0002821528,721365.9997796004,721830.9997579589,722902.0002478333,724263.9998622307,724901.0000856019,728433.9998865568,730576.0001246858,732128.9999993119,734515.9999334537,744007.9996102571
716097.0002821528,721365.9997796004,721756.9999633313,721830.9997579589,722902.0002478333,724901.0000856019,728433.9998865568,730576.0001246858,732128.9999993119,737022.9998323532,744007.9996102571
716097.0002821528,721365.9997796004,721830.9997579589,722902.0002478333,724688.9998891063,724901.0000856019,725501.9999607818,730576.0001246858,732128.9999993119,737022.9998323532,744007.9996102571
716097.0002821528,721365.9997796004,721830.9997579589,722902.0002478333,724197.9997805551,724901.0000856019,725993.0000693329,730576.0001246858,732128.9999993119,737022.9998323532,744007.9996102571
714165.000244531,716097.0002821528,721365.9997796004,721830.9997579589,724197.9997805551,724901.0000856019,725993.0000693329,730576.0001246858,737022.9998323532,740866.0000026142,744007.9996102571
714165.000244531,716097.0002821528,716119.9998530262,721830.9997579589,724197.9997805551,725993.0000693329,730147.0000121761,730576.0001246858,737022.9998323532,740866.0000026142,744007.9996102571
712853.0001740709,716097.0002821528,716119.9998530262,721830.9997579589,724197.9997805551,725993.0000693329,730147.0000121761,730576.0001246858,737022.9998323532,740866.0000026142,745319.9996807171
712853.0001740709,716097.0002821528,719049.9999518454,721830.9997579589,724197.9997805551,725993.0000693329,727216.999913357,730576.0001246858,737022.9998323532,740866.0000026142,745319.9996807171
712853.0001740709,715833.9999222371,716097.0002821528,721830.9997579589,724197.9997805551,725993.0000693329,727216.999913357,730576.0001246858,740238.9998619615,740866.0000026142,745319.9996807171
712853.0001740709,715833.9999222371,716097.0002821528,721830.9997579589,724197.9997805551,724299.999991404,727216.999913357,732269.0002026147,740238.9998619615,740866.0000026142,745319.9996807171
712853.0001740709,715833.9999222371,717020.0000467771,720907.9999933345,724197.9997805551,724299.999991404,727216.999913357,732269.0002026147,740238.9998619615,740866.0000026142,745319.9996807171
712853.0001740709,715833.9999222371,717020.0000467771,717281.0000742862,720907.9999933345,727216.999913357,731216.9996976729,732269.0002026147,740238.9998619615,740866.0000026142,745319.9996807171
715650.000042044,715833.9999222371,717020.0000467771,717281.0000742862,720907.9999933345,727216.999913357,731216.9996976729,732269.0002026147,740238.9998619615,740866.0000026142,742522.9998127441
715650.000042044,715833.9999222371,717020.0000467771,718341.0003027854,720907.9999933345,727216.999913357,730156.9994691737,732269.0002026147,740238.9998619615,740866.0000026142,742522.9998127441
698521.0004002531,715650.000042044,715833.9999222371,718341.0003027854,727216.999913357,730156.9994691737,732269.0002026147,739406.9996398585,740238.9998619615,740866.0000026142,742522.9998127441
715650.000042044,715833.9999222371,716528.0000708465,718341.0003027854,721399.9999692651,727216.999913357,730156.9994691737,732269.0002026147,740238.9998619615,740866.0000026142,742522.9998127441
714658.999950212,715650.000042044,715833.9999222371,718341.0003027854,723269.0000898996,727216.999913357,730156.9994691737,732269.0002026147,740238.9998619615,740866.0000026142,742522.9998127441
714658.999950212,715650.000042044,715833.9999222371,717040.000184229,718341.0003027854,723269.0000898996,730156.9994691737,740238.9998619615,740866.0000026142,742445.9999317427,742522.9998127441
714658.999950212,715650.000042044,715833.9999222371,717040.000184229,723269.0000898996,727575.0002894395,730156.9994691737,731004.9998753074,740866.0000026142,742445.9999317427,742522.9998127441
714658.999950212,715650.000042044,715833.9999222371,717466.9999907834,723269.0000898996,727575.0002894395,730156.9994691737,730578.000068753,740866.0000026142,742445.9999317427,742522.9998127441
714658.999950212,715650.000042044,717466.9999907834,721957.9998736642,723269.0000898996,724454.0001173259,727575.0002894395,730156.9994691737,740866.0000026142,742445.9999317427,742522.9998127441
713946.0001292323,714658.999950212,715650.000042044,721957.9998736642,723269.0000898996,724454.0001173259,727575.0002894395,730156.9994691737,740866.0000026142,742522.9998127441,745966.9997932938
713359.999810575,713946.0001292323,715650.000042044,721957.9998736642,724454.0001173259,724568.0002295366,727575.0002894395,730156.9994691737,740866.0000026142,742522.9998127441,745966.9997932938
705968.0001206553,713359.999810575,715650.000042044,721957.9998736642,724454.0001173259,727575.0002894395,730156.9994691737,732546.0002381136,740866.0000026142,742522.9998127441,745966.9997932938
705968.0001206553,713359.999810575,713895.0002849097,715650.000042044,721957.9998736642,724454.0001173259,730156.9994691737,732546.0002381136,740866.0000026142,742522.9998127441,759646.9997978235
705968.0001206553,713359.999810575,715650.000042044,717204.0003424701,721957.9998736642,724454.0001173259,730156.9994691737,732546.0002381136,740866.0000026142,742522.9998127441,756337.9997402631
708821.0000581983,713359.999810575,715650.000042044,717204.0003424701,721601.000179783,721957.9998736642,730156.9994691737,732546.0002381136,740866.0000026142,742522.9998127441,756337.9997402631
708821.0000581983,713359.999810575,715650.000042044,717204.0003424701,721446.9998683531,721957.9998736642,730156.9994691737,732546.0002381136,740866.0000026142,742522.9998127441,756492.000051693
708821.0000581983,713359.999810575,715086.999951795,715650.000042044,717204.0003424701,721957.9998736642,730156.9994691737,732546.0002381136,740866.0000026142,742522.9998127441,762851.9999682511
708821.0000581983,713359.999810575,715086.999951795,715650.000042044,717204.0003424701,726600.9999206383,730156.9994691737,732546.0002381136,740866.0000026142,742522.9998127441,758208.999921277
708821.0000581983,713359.999810575,715086.999951795,715650.000042044,722988.9998447637,724371.9999668802,726600.9999206383,732546.0002381136,740866.0000026142,742522.9998127441,758208.999921277
708821.0000581983,713359.999810575,715086.999951795,722988.9998447637,723755.9997699012,724371.9999668802,726600.9999206383,732546.0002381136,734417.0000848869,740866.0000026142,758208.999921277
708821.0000581983,713359.999810575,715086.999951795,719544.9996963349,722988.9998447637,724371.9999668802,726600.9999206383,732546.0002381136,738628.0001584531,740866.0000026142,758208.999921277
713359.999810575,715086.999951795,719544.9996963349,722988.9998447637,724371.9999668802,726600.9999206383,728452.9998822627,732546.0002381136,738577.0000972127,738628.0001584531,740866.0000026142
713359.999810575,715086.999951795,716456.0000062058,719544.9996963349,722988.9998447637,724371.9999668802,728452.9998822627,732546.0002381136,738628.0001584531,740866.0000026142,748722.0000116453
713359.999810575,713427.999906512,715086.999951795,719544.9996963349,722988.9998447637,724371.9999668802,731480.9999819563,732546.0002381136,738628.0001584531,740866.0000026142,748722.0000116453
713427.999906512,715086.999951795,719544.9996963349,722897.0002118414,722988.9998447637,723008.9998368473,724371.9999668802,731480.9999819563,738628.0001584531,740866.0000026142,748722.0000116453
708998.9999595128,713427.999906512,715086.999951795,719544.9996963349,722988.9998447637,724371.9999668802,731480.9999819563,736907.000089176,738628.0001584531,740866.0000026142,748722.0000116453
708998.9999595128,713427.999906512,715086.999951795,722373.9998420292,722988.9998447637,724371.9999668802,731480.9999819563,736907.000089176,738036.99985692,738628.0001584531,748722.0000116453
708998.9999595128,713427.999906512,713723.9999560353,722373.9998420292,724351.9998405233,724371.9999668802,731480.9999819563,736907.000089176,738036.99985692,738628.0001584531,748722.0000116453
708998.9999595128,713427.999906512,713723.9999560353,720587.0000273541,722373.9998420292,724351.9998405233,724371.9999668802,736907.000089176,738036.99985692,738628.0001584531,759615.9999662475
708998.9999595128,713427.999906512,713723.9999560353,722373.9998420292,724351.9998405233,724371.9999668802,734039.0000027504,736907.000089176,738036.99985692,738628.0001584531,746163.9999908512
708998.9999595128,713427.999906512,713723.9999560353,718346.0000793093,722373.9998420292,724351.9998405233,724371.9999668802,736907.000089176,738036.99985692,738628.0001584531,761856.9999142922
708998.9999595128,713427.999906512,713723.9999560353,718346.0000793093,722014.9998459127,722373.9998420292,726708.9999614909,736907.000089176,738036.99985692,738628.0001584531,761856.9999142922
708998.9999595128,713427.999906512,713723.9999560353,722014.9998459127,722373.9998420292,726708.9999614909,728465.0001529978,736907.000089176,738036.99985692,738628.0001584531,751737.9998406038
713427.999906512,713723.9999560353,720441.0001818725,722014.9998459127,722373.9998420292,725464.9998668163,726708.9999614909,728465.0001529978,738036.99985692,738628.0001584531,751737.9998406038
711184.999963224,713427.999906512,713723.9999560353,720441.0001818725,722373.9998420292,725464.9998668163,728465.0001529978,737538.9998441795,738036.99985692,738628.0001584531,751737.9998406038
711184.999963224,713427.999906512,713723.9999560353,720441.0001818725,724465.00043576,725464.9998668163,728465.0001529978,735945.9992631893,737538.9998441795,738628.0001584531,751737.9998406038
711184.999963224,713427.999906512,716203.9999564955,720441.0001818725,724465.00043576,725464.9998668163,725985.0001525376,735945.9992631893,737538.9998441795,738628.0001584531,751737.9998406038
710875.9999697378,711184.999963224,713427.999906512,720441.0001818725,724465.00043576,725464.9998668163,731313.0001392952,735945.9992631893,737538.9998441795,738628.0001584531,751737.9998406038
706791.9999179966,710875.9999697378,711184.999963224,713427.999906512,724465.00043576,731313.0001392952,735945.9992631893,737538.9998441795,738628.0001584531,739114.0001306923,751737.9998406038
706791.9999179966,710875.9999697378,713427.999906512,721709.9997489778,724465.00043576,727014.0000584257,731313.0001392952,735945.9992631893,738628.0001584531,739114.0001306923,751737.9998406038
706791.9999179966,710875.9999697378,713427.999906512,721709.9997489778,724465.00043576,726044.9999076228,727014.0000584257,731313.0001392952,739114.0001306923,748528.9995140196,751737.9998406038
706791.9999179966,710875.9999697378,721709.9997489778,724465.00043576,726044.9999076228,726147.0000128491,726395.0000243551,727014.0000584257,731313.0001392952,748528.9995140196,751737.9998406038
706791.9999179966,710875.9999697378,715230.9997706971,721709.9997489778,724465.00043576,726044.9999076228,726147.0000128491,727014.0000584257,731313.0001392952,748528.9995140196,762902.0000942618
706791.9999179966,710875.9999697378,721709.9997489778,724465.00043576,726044.9999076228,726147.0000128491,727014.0000584257,731313.0001392952,737108.9998160577,741024.0000489012,748528.9995140196
706791.9999179966,710875.9999697378,719144.9998538804,724465.00043576,726044.9999076228,726147.0000128491,729578.9999535232,731313.0001392952,737108.9998160577,741024.0000489012,748528.9995140196
706791.9999179966,710875.9999697378,719144.9998538804,724465.00043576,726044.9999076228,726147.0000128491,727935.0000455072,729578.9999535232,740486.9999098458,741024.0000489012,748528.9995140196
699564.9995942072,710875.9999697378,719144.9998538804,724465.00043576,726044.9999076228,727935.0000455072,729578.9999535232,733374.0003366385,740486.9999098458,741024.0000489012,748528.9995140196
699564.9995942072,710875.9999697378,716186.9999148117,719144.9998538804,724465.00043576,727935.0000455072,729578.9999535232,733374.0003366385,740486.9999098458,741024.0000489012,758386.9995068307
699564.9995942072,714937.9999877748,716186.9999148117,719144.9998538804,724465.00043576,727935.0000455072,729578.9999535232,733374.0003366385,736424.9998918088,741024.0000489012,758386.9995068307
714937.9999877748,715880.0000272037,716186.9999148117,717058.999903642,719144.9998538804,724465.00043576,727935.0000455072,729578.9999535232,736424.9998918088,741024.0000489012,758386.9995068307
714937.9999877748,715880.0000272037,716186.9999148117,717025.0000220506,717058.999903642,719144.9998538804,724465.00043576,729578.9999535232,741024.0000489012,747334.9999152655,758386.9995068307
714937.9999877748,715880.0000272037,716779.0002072717,717025.0000220506,717058.999903642,719144.9998538804,724465.00043576,729578.9999535232,741024.0000489012,747334.9999152655,757794.9992143707
714937.9999877748,715880.0000272037,716779.0002072717,717058.999903642,718909.9998858708,719144.9998538804,724465.00043576,729578.9999535232,739139.0001850809,747334.9999152655,757794.9992143707
714937.9999877748,715880.0000272037,716779.0002072717,717058.999903642,719144.9998538804,724350.9997949665,724465.00043576,729578.9999535232,739139.0001850809,741894.0000061698,757794.9992143707
710405.9995543667,714937.9999877748,716779.0002072717,719144.9998538804,722533.000376479,724350.9997949665,724465.00043576,729578.9999535232,739139.0001850809,741894.0000061698,757794.9992143707
714055.0000292117,714937.9999877748,716779.0002072717,719144.9998538804,722533.000376479,724350.9997949665,724465.00043576,729578.9999535232,735489.9997102359,741894.0000061698,757794.9992143707
712298.9997713673,714055.0000292117,714937.9999877748,719144.9998538804,722533.000376479,724350.9997949665,728945.0008716645,729578.9999535232,735489.9997102359,741894.0000061698,757794.9992143707
714055.0000292117,714937.9999877748,714990.0001981823,719144.9998538804,722533.000376479,724350.9997949665,726254.0004448495,729578.9999535232,735489.9997102359,741894.0000061698,757794.9992143707
714055.0000292117,714937.9999877748,714990.0001981823,715568.9998136887,719144.9998538804,726254.0004448495,729578.9999535232,731315.0003577569,735489.9997102359,741894.0000061698,757794.9992143707
714055.0000292117,714990.0001981823,715568.9998136887,719144.9998538804,721841.9999433951,726254.0004448495,729578.9999535232,731315.0003577569,734990.0000505494,735489.9997102359,757794.9992143707
714055.0000292117,714990.0001981823,719144.9998538804,721007.9998199316,721841.9999433951,726254.0004448495,729551.0000443065,729578.9999535232,731315.0003577569,735489.9997102359,757794.9992143707
714055.0000292117,714990.0001981823,719144.9998538804,721007.9998199316,721841.9999433951,722398.0004822261,726254.0004448495,729551.0000443065,729578.9999535232,744406.9995857666,757794.9992143707
713198.9998328823,714055.0000292117,719144.9998538804,721007.9998199316,721841.9999433951,722398.0004822261,726254.0004448495,729551.0000443065,729578.9999535232,744406.9995857666,759585.9995796707
713198.9998328823,713659.9998251859,714055.0000292117,719144.9998538804,721841.9999433951,722398.0004822261,726254.0004448495,729578.9999535232,736899.0000390522,744406.9995857666,759585.9995796707
713659.9998251859,714055.0000292117,718599.0002768235,719144.9998538804,720854.0000009083,721841.9999433951,722398.0004822261,729578.9999535232,736899.0000390522,744406.9995857666,759585.9995796707
713659.9998251859,714055.0000292117,714812.9998945408,718599.0002768235,719144.9998538804,720854.0000009083,721841.9999433951,729578.9999535232,736899.0000390522,751992.000173452,759585.9995796707
713659.9998251859,714812.9998945408,718599.0002768235,719144.9998538804,720854.0000009083,721358.0000036453,721841.9999433951,729578.9999535232,736899.0000390522,744689.0001990184,759585.9995796707
713659.9998251859,714812.9998945408,718815.9997135316,719144.9998538804,720854.0000009083,721358.0000036453,721841.9999433951,729578.9999535232,736899.0000390522,744689.0001990184,759369.0001429627
698578.9997980864,713659.9998251859,714812.9998945408,719144.9998538804,721358.0000036453,721841.9999433951,729578.9999535232,736899.0000390522,741090.9999163535,744689.0001990184,759369.0001429627
698578.9997980864,713659.9998251859,714812.9998945408,719144.9998538804,721358.0000036453,725161.9999533802,729578.9999535232,733579.0000290672,741090.9999163535,744689.0001990184,759369.0001429627
698578.9997980864,714812.9998945408,716978.9999982379,719144.9998538804,721358.0000036453,721842.9997803282,729578.9999535232,733579.0000290672,741090.9999163535,744689.0001990184,759369.0001429627
714812.9998945408,716978.9999982379,719144.9998538804,719451.0001346879,721358.0000036453,721842.9997803282,729578.9999535232,733579.0000290672,738496.9998063612,741090.9999163535,744689.0001990184
714812.9998945408,719022.9998220662,719144.9998538804,719451.0001346879,719798.9999565,721358.0000036453,729578.9999535232,733579.0000290672,738496.9998063612,741090.9999163535,744689.0001990184
714812.9998945408,715982.9998454562,719144.9998538804,719451.0001346879,719798.9999565,724397.9999802553,729578.9999535232,733579.0000290672,738496.9998063612,741090.9999163535,744689.0001990184
714812.9998945408,714990.9999522971,715982.9998454562,719144.9998538804,719451.0001346879,724397.9999802553,733579.0000290672,734386.9999577261,738496.9998063612,741090.9999163535,744689.0001990184
714812.9998945408,714990.9999522971,715152.0001298105,719144.9998538804,720281.9998503336,724397.9999802553,733579.0000290672,734386.9999577261,738496.9998063612,741090.9999163535,744689.0001990184
714812.9998945408,714990.9999522971,715152.0001298105,715687.0000962697,719144.9998538804,724397.9999802553,733579.0000290672,738496.9998063612,738981.99971179,741090.9999163535,744689.0001990184
714501.0001423013,714990.9999522971,715152.0001298105,715687.0000962697,719144.9998538804,724397.9999802553,733579.0000290672,738496.9998063612,738981.99971179,741090.9999163535,745000.9999512578
714990.9999522971,715152.0001298105,715687.0000962697,717440.00002274,719144.9998538804,724397.9999802553,733579.0000290672,738496.9998063612,738981.99971179,741090.9999163535,742062.0000708192
714990.9999522971,715152.0001298105,717440.00002274,719144.9998538804,721099.9999495726,724397.9999802553,733568.999858487,733579.0000290672,738496.9998063612,741090.9999163535,742062.0000708192
712982.9998976742,714990.9999522971,715152.0001298105,717440.00002274,719144.9998538804,724397.9999802553,733579.0000290672,738496.9998063612,741090.9999163535,741685.9999103855,742062.0000708192
712982.9998976742,714990.9999522971,715152.0001298105,717440.00002274,719144.9998538804,725319.9998787147,733579.0000290672,738496.9998063612,740764.000011926,741090.9999163535,742062.0000708192
712982.9998976742,714990.9999522971,715152.0001298105,717440.00002274,719144.9998538804,720413.0001062863,733579.0000290672,738496.9998063612,741090.9999163535,742062.0000708192,745670.9997843545
712982.9998976742,714990.9999522971,715152.0001298105,715152.999965994,717440.00002274,719144.9998538804,733579.0000290672,738496.9998063612,741090.9999163535,742062.0000708192,750930.9999246467
712982.9998976742,714990.9999522971,715152.0001298105,715152.999965994,717440.00002274,719144.9998538804,733125.0001782451,738496.9998063612,741544.9997671755,742062.0000708192,750930.9999246467
712982.9998976742,714990.9999522971,715152.0001298105,717440.00002274,719144.9998538804,725139.0000026152,733125.0001782451,738496.9998063612,740944.9998880256,741544.9997671755,742062.0000708192
714990.9999522971,715152.0001298105,715226.0001068853,717440.00002274,719144.9998538804,725139.0000026152,730881.999969034,738496.9998063612,740944.9998880256,741544.9997671755,742062.0000708192
714624.000068357,714990.9999522971,715152.0001298105,717440.00002274,719144.9998538804,725139.0000026152,730881.999969034,738496.9998063612,741544.9997671755,741546.9999265539,742062.0000708192
714624.000068357,714990.9999522971,717440.00002274,719144.9998538804,723994.0003454159,725139.0000026152,730881.999969034,732702.9995515703,738496.9998063612,741546.9999265539,742062.0000708192
714624.000068357,714990.9999522971,719144.9998538804,723994.0003454159,725139.0000026152,726122.0002916988,730881.999969034,732702.9995515703,733379.9998018604,738496.9998063612,741546.9999265539
714624.000068357,714990.9999522971,716733.0003021213,719144.9998538804,725139.0000026152,726122.0002916988,730881.999969034,733379.9998018604,738496.9998063612,739963.9995948649,741546.9999265539
710977.0002074409,714990.9999522971,716733.0003021213,719144.9998538804,726122.0002916988,728785.9998635312,730881.999969034,733379.9998018604,738496.9998063612,739963.9995948649,741546.9999265539
696241.9994752778,710977.0002074409,716733.0003021213,726122.0002916988,728785.9998635312,730881.999969034,733379.9998018604,737894.0003308996,738496.9998063612,739963.9995948649,741546.9999265539
696241.9994752778,710977.0002074409,714745.9995453227,716733.0003021213,726122.0002916988,730881.999969034,733379.9998018604,737894.0003308996,738496.9998063612,741546.9999265539,754003.9999130734
696241.9994752778,714745.9995453227,716607.000320136,716733.0003021213,725251.9998563388,726122.0002916988,733379.9998018604,737894.0003308996,738496.9998063612,741546.9999265539,754003.9999130734
696241.9994752778,714745.9995453227,716733.0003021213,717800.000283688,725251.9998563388,726122.0002916988,733379.9998018604,737894.0003308996,738496.9998063612,740353.9999630019,754003.9999130734
696241.9994752778,713066.999733327,716733.0003021213,717800.000283688,725251.9998563388,726122.0002916988,733379.9998018604,737894.0003308996,738496.9998063612,742032.9997749977,754003.9999130734
696241.9994752778,709043.0001641517,716733.0003021213,721823.9998528631,725251.9998563388,726122.0002916988,733379.9998018604,737894.0003308996,738496.9998063612,742032.9997749977,754003.9999130734
696241.9994752778,709043.0001641517,716733.0003021213,722039.0005796804,725251.9998563388,726122.0002916988,733379.9998018604,737678.9996040823,738496.9998063612,742032.9997749977,754003.9999130734
696241.9994752778,709043.0001641517,722039.0005796804,725251.9998563388,726122.0002916988,731986.0001236261,733379.9998018604,737678.9996040823,738496.9998063612,738751.0000915686,742032.9997749977
696241.9994752778,709043.0001641517,720864.9999213244,726122.0002916988,726426.0005146948,731986.0001236261,733379.9998018604,737678.9996040823,738496.9998063612,738751.0000915686,742032.9997749977
696241.9994752778,709043.0001641517,715131.9998587082,726122.0002916988,726426.0005146948,731986.0001236261,733379.9998018604,738496.9998063612,738751.0000915686,742032.9997749977,743411.9996666985
696241.9994752778,709043.0001641517,715131.9998587082,717938.0002767028,726426.0005146948,731986.0001236261,733379.9998018604,738496.9998063612,738751.0000915686,743411.9996666985,750216.9997899937
696241.9994752778,709043.0001641517,713173.9998232143,717938.0002767028,726426.0005146948,731986.0001236261,733379.9998018604,738496.9998063612,738751.0000915686,745369.9997021925,750216.9997899937
696241.9994752778,709043.0001641517,713173.9998232143,718033.9998942708,726426.0005146948,731986.0001236261,733284.0001842924,738496.9998063612,738751.0000915686,745369.9997021925,750216.9997899937
696241.9994752778,709043.0001641517,713173.9998232143,713736.0001119208,726426.0005146948,731986.0001236261,737581.9999666425,738496.9998063612,738751.0000915686,745369.9997021925,750216.9997899937
696241.9994752778,709043.0001641517,713173.9998232143,715483.0003170026,726426.0005146948,731986.0001236261,735834.9997615606,738496.9998063612,738751.0000915686,745369.9997021925,750216.9997899937
696241.9994752778,709043.0001641517,713173.9998232143,717107.0000170481,726426.0005146948,731986.0001236261,734211.000061515,738496.9998063612,738751.0000915686,745369.9997021925,750216.9997899937
696241.9994752778,713173.9998232143,717107.0000170481,720720.0001240319,726426.0005146948,731986.0001236261,733692.9997423122,734211.000061515,738496.9998063612,738751.0000915686,750216.9997899937
696241.9994752778,713173.9998232143,717107.0000170481,720720.0001240319,726426.0005146948,730993.9997301385,731986.0001236261,733692.9997423122,734211.000061515,746254.0001677913,750216.9997899937
696241.9994752778,713173.9998232143,717107.0000170481,721708.9998268785,726426.0005146948,730993.9997301385,731986.0001236261,733692.9997423122,734211.000061515,746254.0001677913,749228.0000871471
696241.9994752778,713173.9998232143,717107.0000170481,726426.0005146948,729674.9999694346,730993.9997301385,731986.0001236261,733692.9997423122,734211.000061515,741261.9999445911,746254.0001677913
696241.9994752778,712540.0003726805,713173.9998232143,726426.0005146948,729674.9999694346,730993.9997301385,731986.0001236261,733692.9997423122,738777.9997058826,741261.9999445911,746254.0001677913
696241.9994752778,712540.0003726805,713173.9998232143,726426.0005146948,729674.9999694346,731986.0001236261,733692.9997423122,736452.000003913,738777.9997058826,740795.9998940169,741261.9999445911
696241.9994752778,712540.0003726805,713173.9998232143,714290.9998565384,726426.0005146948,729674.9999694346,731986.0001236261,736452.000003913,738777.9997058826,740795.9998940169,760663.999830365
696241.9994752778,713173.9998232143,713360.0000974174,714290.9998565384,726426.0005146948,728855.0002446977,731986.0001236261,736452.000003913,738777.9997058826,740795.9998940169,760663.999830365
696241.9994752778,713360.0000974174,714073.0001343045,714290.9998565384,726426.0005146948,728855.0002446977,731086.9998125358,736452.000003913,738777.9997058826,740795.9998940169,760663.999830365
696241.9994752778,713360.0000974174,714073.0001343045,714290.9998565384,716569.0000820373,726426.0005146948,731086.9998125358,736452.000003913,740795.9998940169,751063.999868543,760663.999830365
696241.9994752778,713360.0000974174,714073.0001343045,714290.9998565384,716569.0000820373,726426.0005146948,732854.9999477458,734683.999868703,740795.9998940169,751063.999868543,760663.999830365
696241.9994752778,713360.0000974174,714073.0001343045,714290.9998565384,716569.0000820373,726092.9999459299,732854.9999477458,734683.999868703,740795.9998940169,751063.999868543,760997.0003991299
696241.9994752778,713360.0000974174,714073.0001343045,714290.9998565384,726092.9999459299,729568.0000328384,732854.9999477458,734683.999868703,738064.9999177419,740795.9998940169,760997.0003991299
696241.9994752778,713360.0000974174,714290.9998565384,720445.9999553763,726092.9999459299,726482.0001266741,729568.0000328384,734683.999868703,738064.9999177419,740795.9998940169,760997.0003991299
696241.9994752778,713360.0000974174,714290.9998565384,719560.0002595861,720445.9999553763,726092.9999459299,729568.0000328384,738064.9999177419,740795.9998940169,741605.9997357909,760997.0003991299
696241.9994752778,713360.0000974174,714290.9998565384,717078.9999182877,720445.9999553763,726092.9999459299,729568.0000328384,738064.9999177419,740795.9998940169,744087.0000770893,760997.0003991299
696241.9994752778,713360.0000974174,714290.9998565384,717776.0000582684,720445.9999553763,726092.9999459299,729568.0000328384,738064.9999177419,740098.9997540362,744087.0000770893,760997.0003991299
696241.9994752778,713360.0000974174,714290.9998565384,717776.0000582684,720445.9999553763,726092.9999459299,727577.999943024,740055.0000075563,740098.9997540362,744087.0000770893,760997.0003991299
696241.9994752778,713729.999863193,714290.9998565384,717776.0000582684,720445.9999553763,725723.0001801542,727577.999943024,740055.0000075563,740098.9997540362,744087.0000770893,760997.0003991299
696241.9994752778,714290.9998565384,717776.0000582684,720445.9999553763,720942.0002613675,725723.0001801542,727577.999943024,740055.0000075563,740098.9997540362,744087.0000770893,753785.0000009554
696241.9994752778,717776.0000582684,719287.9998085176,720445.9999553763,720942.0002613675,725723.0001801542,727577.999943024,740055.0000075563,740098.9997540362,744087.0000770893,748788.0000489762
696241.9994752778,719287.9998085176,719571.9995833269,720445.9999553763,720942.0002613675,725723.0001801542,727577.999943024,738303.0002289778,740055.0000075563,744087.0000770893,748788.0000489762
696241.9994752778,716199.9999779265,719287.9998085176,719571.9995833269,720942.0002613675,725723.0001801542,727577.999943024,738303.0002289778,740055.0000075563,748333.0000545392,748788.0000489762
696241.9994752778,716199.9999779265,717644.0001891322,719287.9998085176,719571.9995833269,727577.999943024,729021.0002523896,738303.0002289778,740055.0000075563,748333.0000545392,748788.0000489762
696241.9994752778,716199.9999779265,717644.0001891322,719287.9998085176,719571.9995833269,720503.0003052715,727577.999943024,738303.0002289778,740055.0000075563,748333.0000545392,757305.9999960943
696241.9994752778,716199.9999779265,719287.9998085176,719571.9995833269,720503.0003052715,720562.9998823121,724659.000249844,738303.0002289778,740055.0000075563,748333.0000545392,757305.9999960943
696241.9994752778,716199.9999779265,719287.9998085176,720503.0003052715,720562.9998823121,724096.9999900084,724659.000249844,738303.0002289778,740055.0000075563,743807.9996478576,757305.9999960943
696241.9994752778,714738.9999023571,716199.9999779265,719287.9998085176,720503.0003052715,720562.9998823121,724659.000249844,738303.0002289778,740055.0000075563,753165.9997355089,757305.9999960943
696241.9994752778,714738.9999023571,716199.9999779265,719287.9998085176,720503.0003052715,720562.9998823121,728989.0001448805,735725.0001125198,738303.0002289778,753165.9997355089,757305.9999960943
696241.9994752778,712951.0002980714,714738.9999023571,716199.9999779265,719287.9998085176,720503.0003052715,735725.0001125198,736600.9997291213,738303.0002289778,753165.9997355089,757305.9999960943
696241.9994752778,712951.0002980714,713571.9999647734,717366.9999155102,719287.9998085176,720503.0003052715,735725.0001125198,736600.9997291213,738303.0002289778,753165.9997355089,757305.9999960943
696241.9994752778,713571.9999647734,717366.9999155102,719287.9998085176,720503.0003052715,727436.0002852981,735725.0001125198,736600.9997291213,738303.0002289778,742821.0000088676,753165.9997355089
703191.999743659,713553.0000368902,713571.9999647734,717366.9999155102,719287.9998085176,727436.0002852981,735725.0001125198,736600.9997291213,738303.0002289778,742821.0000088676,753165.9997355089
703191.999743659,713553.0000368902,713571.9999647734,717366.9999155102,721166.0001925661,725557.9999012497,735725.0001125198,736600.9997291213,738303.0002289778,742821.0000088676,753165.9997355089
703191.999743659,713132.9999347724,713553.0000368902,713571.9999647734,717366.9999155102,721166.0001925661,725557.9999012497,738303.0002289778,742821.0000088676,753165.9997355089,759192.9999068688
703191.999743659,713132.9999347724,713571.9999647734,717366.9999155102,721166.0001925661,724374.9999761309,725557.9999012497,731999.0000696268,738303.0002289778,753165.9997355089,759192.9999068688
703191.999743659,713132.9999347724,713754.0000076856,717366.9999155102,721166.0001925661,724374.9999761309,725557.9999012497,731999.0000696268,738303.0002289778,752983.9996925967,759192.9999068688
703191.999743659,710694.0000584066,713132.9999347724,717366.9999155102,721166.0001925661,724374.9999761309,725557.9999012497,731999.0000696268,741363.0001782568,752983.9996925967,759192.9999068688
703191.999743659,705445.9998333316,710694.0000584066,713132.9999347724,717366.9999155102,724374.9999761309,731999.0000696268,741278.0002604842,741363.0001782568,752983.9996925967,759192.9999068688
703191.999743659,705554.9999669006,710694.0000584066,713023.9998012034,717366.9999155102,724374.9999761309,731999.0000696268,741278.0002604842,741363.0001782568,752983.9996925967,759192.9999068688
703191.999743659,710694.0000584066,713023.9998012034,717366.9999155102,718175.0000792438,724374.9999761309,731999.0000696268,741278.0002604842,741363.0001782568,746572.9997945256,752983.9996925967
710694.0000584066,713023.9998012034,713114.9998267187,714451.9998930712,717366.9999155102,718175.0000792438,731999.0000696268,741278.0002604842,741363.0001782568,746572.9997945256,752983.9996925967
710694.0000584066,713023.9998012034,713114.9998267187,714451.9998930712,717366.9999155102,718175.0000792438,731999.0000696268,734475.9999083674,741363.0001782568,752983.9996925967,753375.0001466423
710694.0000584066,713023.9998012034,713095.9998854388,713114.9998267187,714451.9998930712,718175.0000792438,734475.9999083674,736270.0000996982,741363.0001782568,752983.9996925967,753375.0001466423
698682.9997740618,710694.0000584066,713023.9998012034,713095.9998854388,718175.0000792438,728883.9999457281,734475.9999083674,736270.0000996982,741363.0001782568,752983.9996925967,753375.0001466423
698682.9997740618,710281.0000754885,713023.9998012034,713095.9998854388,718175.0000792438,728883.9999457281,734475.9999083674,736270.0000996982,741776.0001611749,752983.9996925967,753375.0001466423
698682.9997740618,710281.0000754885,713095.9998854388,718175.0000792438,726728.9999957744,728883.9999457281,734475.9999083674,736270.0000996982,739669.9999520712,741776.0001611749,752983.9996925967
709743.9999213193,710281.0000754885,713095.9998854388,717822.9997984706,718175.0000792438,726728.9999957744,734475.9999083674,736270.0000996982,739669.9999520712,741776.0001611749,752983.9996925967
709743.9999213193,710281.0000754885,713095.9998854388,717822.9997984706,718175.0000792438,730455.0000369055,734475.9999083674,735943.9999109401,736270.0000996982,741776.0001611749,752983.9996925967
705263.9998848051,710281.0000754885,713095.9998854388,717822.9997984706,718175.0000792438,730455.0000369055,734475.9999083674,736270.0000996982,740423.9999474543,741776.0001611749,752983.9996925967
705263.9998848051,710281.0000754885,717822.9997984706,718175.0000792438,720216.9998663275,730455.0000369055,733302.9999665656,734475.9999083674,736270.0000996982,741776.0001611749,752983.9996925967
705263.9998848051,710281.0000754885,717822.9997984706,718175.0000792438,720216.9998663275,726868.9999203542,734475.9999083674,736270.0000996982,736889.0000831169,741776.0001611749,752983.9996925967
705263.9998848051,710281.0000754885,716347.0001047255,718175.0000792438,720216.9998663275,726868.9999203542,734475.9999083674,736889.0000831169,737745.9997934434,741776.0001611749,752983.9996925967
705263.9998848051,710281.0000754885,716347.0001047255,717592.0002661448,720216.9998663275,726868.9999203542,735058.9997214663,736889.0000831169,737745.9997934434,741776.0001611749,752983.9996925967
705263.9998848051,716347.0001047255,717592.0002661448,720216.9998663275,722092.9994657787,726868.9999203542,735058.9997214663,736889.0000831169,737745.9997934434,741172.0003023064,741776.0001611749
705263.9998848051,715293.9998365415,716347.0001047255,717592.0002661448,722092.9994657787,731791.9999501402,735058.9997214663,736889.0000831169,737745.9997934434,741172.0003023064,741776.0001611749
705263.9998848051,715167.9999422433,716472.9999990236,717592.0002661448,722092.9994657787,731791.9999501402,735058.9997214663,736889.0000831169,737745.9997934434,741172.0003023064,741776.0001611749
705263.9998848051,714843.0000713505,715167.9999422433,716472.9999990236,722092.9994657787,731791.9999501402,736889.0000831169,737745.9997934434,737807.9999162606,741172.0003023064,741776.0001611749
705263.9998848051,714843.0000713505,715170.9999313517,716470.0000099153,722092.9994657787,731791.9999501402,736889.0000831169,737745.9997934434,737807.9999162606,741172.0003023064,741776.0001611749
705263.9998848051,714843.0000713505,715170.9999313517,716470.0000099153,722092.9994657787,733785.9998684821,735813.9999979187,736889.0000831169,737745.9997934434,741172.0003023064,741776.0001611749
705263.9998848051,714843.0000713505,715170.9999313517,716470.0000099153,722092.9994657787,730685.0000607222,735813.9999979187,737745.9997934434,739989.9998908769,741172.0003023064,741776.0001611749
705263.9998848051,714080.9999508798,714843.0000713505,715170.9999313517,716470.0000099153,722092.9994657787,730685.0000607222,737745.9997934434,741172.0003023064,741776.0001611749,761722.9999379158
705263.9998848051,714080.9999508798,714843.0000713505,716470.0000099153,721947.0001185754,722092.9994657787,730685.0000607222,734999.9999739513,737745.9997934434,741172.0003023064,761722.9999379158
705263.9998848051,714080.9999508798,714843.0000713505,715111.0000351146,722092.9994657787,723306.0000933761,730685.0000607222,734999.9999739513,737745.9997934434,741172.0003023064,761722.9999379158
705263.9998848051,708527.0000320708,714080.9999508798,714843.0000713505,722092.9994657787,729890.00009642,730685.0000607222,734999.9999739513,737745.9997934434,741172.0003023064,761722.9999379158
703322.9998621447,708527.0000320708,714080.9999508798,714843.0000713505,722092.9994657787,729890.00009642,730685.0000607222,734999.9999739513,739686.9998161037,741172.0003023064,761722.9999379158
700155.9998694473,708527.0000320708,714843.0000713505,717247.9999435772,722092.9994657787,729890.00009642,730685.0000607222,734999.9999739513,739686.9998161037,741172.0003023064,761722.9999379158
700155.9998694473,708527.0000320708,714843.0000713505,717247.9999435772,722092.9994657787,727322.000062339,730685.0000607222,737568.0000080322,739686.9998161037,741172.0003023064,761722.9999379158
700155.9998694473,708527.0000320708,714843.0000713505,719053.9999162978,722092.9994657787,727322.000062339,730685.0000607222,735762.0000353116,739686.9998161037,741172.0003023064,761722.9999379158
703209.9998505802,708527.0000320708,714843.0000713505,715999.9999351649,722092.9994657787,727322.000062339,730685.0000607222,735762.0000353116,739686.9998161037,741172.0003023064,761722.9999379158
703209.9998505802,708527.0000320708,714843.0000713505,715999.9999351649,716849.0000820111,722092.9994657787,730685.0000607222,735762.0000353116,739686.9998161037,751645.0002826343,761722.9999379158
708527.0000320708,714345.0000657513,714843.0000713505,715999.9999351649,716849.0000820111,719549.9998455512,722092.9994657787,735762.0000353116,739686.9998161037,751645.0002826343,761722.9999379158
708527.0000320708,714345.0000657513,714843.0000713505,715999.9999351649,717582.9998651396,719549.9998455512,721358.9996826502,735762.0000353116,739686.9998161037,751645.0002826343,761722.9999379158
708527.0000320708,714843.0000713505,715619.0000188592,715999.9999351649,717582.9998651396,718275.9998924433,721358.9996826502,735762.0000353116,739686.9998161037,751645.0002826343,761722.9999379158
708527.0000320708,715619.0000188592,715999.9999351649,717582.9998651396,718275.9998924433,718462.0002442605,721358.9996826502,735762.0000353116,739686.9998161037,751645.0002826343,758103.9997650058
705213.9999282282,715619.0000188592,717582.9998651396,718275.9998924433,718462.0002442605,719313.0000390075,721358.9996826502,735762.0000353116,739686.9998161037,751645.0002826343,758103.9997650058
705213.9999282282,716109.0000350708,717582.9998651396,717785.9998762317,718462.0002442605,719313.0000390075,721358.9996826502,735762.0000353116,739686.9998161037,751645.0002826343,758103.9997650058
705213.9999282282,716109.0000350708,717582.9998651396,717785.9998762317,718462.0002442605,719313.0000390075,734538.9996948439,735762.0000353116,738465.0002704406,739686.9998161037,758103.9997650058
705213.9999282282,716109.0000350708,716178.9998646217,717582.9998651396,719313.0000390075,720069.0002558705,734538.9996948439,735762.0000353116,738465.0002704406,739686.9998161037,758103.9997650058
700021.000092222,716109.0000350708,716178.9998646217,717582.9998651396,720069.0002558705,724505.9998750137,734538.9996948439,735762.0000353116,738465.0002704406,739686.9998161037,758103.9997650058
700021.000092222,713395.0000632489,716178.9998646217,717582.9998651396,720069.0002558705,727219.9998468356,734538.9996948439,735762.0000353116,738465.0002704406,739686.9998161037,758103.9997650058
700021.000092222,713395.0000632489,713682.9999496952,716178.9998646217,720069.0002558705,727219.9998468356,734538.9996948439,738465.0002704406,739661.999950756,739686.9998161037,758103.9997650058
700021.000092222,713682.9999496952,715369.0000517459,716178.9998646217,720069.0002558705,725245.9998583386,734538.9996948439,738465.0002704406,739661.999950756,739686.9998161037,758103.9997650058
700021.000092222,704877.999790418,713682.9999496952,715369.0000517459,720069.0002558705,734538.9996948439,736546.9999325423,738465.0002704406,739661.999950756,739686.9998161037,758103.9997650058
700021.000092222,704877.999790418,715369.0000517459,717966.9999219967,720069.0002558705,734538.9996948439,735377.9999784544,736546.9999325423,738465.0002704406,739686.9998161037,758103.9997650058
700021.000092222,704877.999790418,714979.0002968287,715369.0000517459,720069.0002558705,734538.9996948439,735377.9999784544,736546.9999325423,739686.9998161037,741452.9998956086,758103.9997650058
700021.000092222,714443.9997804147,714979.0002968287,715369.0000517459,720069.0002558705,726980.9999425455,734538.9996948439,735377.9999784544,739686.9998161037,741452.9998956086,758103.9997650058
714443.9997804147,714979.0002968287,715369.0000517459,719357.9999379017,720069.0002558705,722116.0000499289,726980.9999425455,734538.9996948439,735377.9999784544,739686.9998161037,758103.9997650058
702729.0000120361,714979.0002968287,715369.0000517459,719357.9999379017,720069.0002558705,722116.0000499289,734538.9996948439,735377.9999784544,738695.9997109242,739686.9998161037,758103.9997650058
702729.0000120361,713072.9999087618,714979.0002968287,720069.0002558705,721654.0000808858,722116.0000499289,734538.9996948439,735377.9999784544,738695.9997109242,739686.9998161037,758103.9997650058
691423.000139194,713072.9999087618,714979.0002968287,721654.0000808858,722116.0000499289,731375.0001287126,734538.9996948439,735377.9999784544,738695.9997109242,739686.9998161037,758103.9997650058
691423.000139194,713072.9999087618,714461.0003422105,721654.0000808858,722116.0000499289,731375.0001287126,734538.9996948439,735895.9999330726,738695.9997109242,739686.9998161037,758103.9997650058
697198.0000893541,713072.9999087618,714461.0003422105,721654.0000808858,722116.0000499289,725600.0001785525,734538.9996948439,735895.9999330726,738695.9997109242,739686.9998161037,758103.9997650058
698486.9998525126,713072.9999087618,714461.0003422105,721654.0000808858,722116.0000499289,725600.0001785525,734538.9996948439,735895.9999330726,737406.9999477657,739686.9998161037,758103.9997650058
698486.9998525126,713072.9999087618,715278.0002418683,721299.0001502711,721654.0000808858,725600.0001785525,734538.9996948439,735895.9999330726,737406.9999477657,739686.9998161037,758103.9997650058
698486.9998525126,713072.9999087618,715278.0002418683,717665.9997317153,721299.0001502711,725600.0001785525,734538.9996948439,735895.9999330726,737406.9999477657,743675.0001652743,758103.9997650058
698486.9998525126,713072.9999087618,717665.9997317153,719498.9999888813,721299.0001502711,725600.0001785525,731675.0001860596,734538.9996948439,737406.9999477657,743675.0001652743,758103.9997650058
698486.9998525126,713072.9999087618,717665.9997317153,718798.0002951121,721299.0001502711,725600.0001785525,732375.9998798288,734538.9996948439,737406.9999477657,743675.0001652743,758103.9997650058
692662.9999514599,717665.9997317153,718798.0002951121,718896.9998098145,721299.0001502711,725600.0001785525,732375.9998798288,734538.9996948439,737406.9999477657,743675.0001652743,758103.9997650058
692662.9999514599,707208.9997378106,718798.0002951121,721299.0001502711,725600.0001785525,729353.9998037192,732375.9998798288,734538.9996948439,737406.9999477657,743675.0001652743,758103.9997650058
692662.9999514599,707208.9997378106,713762.999863993,721299.0001502711,725600.0001785525,729353.9998037192,732375.9998798288,737406.9999477657,739574.000125963,743675.0001652743,758103.9997650058
692662.9999514599,707208.9997378106,713762.999863993,721299.0001502711,725351.9996674738,725600.0001785525,732375.9998798288,737406.9999477657,739574.000125963,747677.0003015196,758103.9997650058
692662.9999514599,707208.9997378106,713379.0001737655,713762.999863993,721299.0001502711,725600.0001785525,732375.9998798288,737406.9999477657,739574.000125963,758103.9997650058,759649.999795228
692662.9999514599,707208.9997378106,713379.0001737655,713762.999863993,717017.9998366511,721299.0001502711,732375.9998798288,739574.000125963,745989.0002896672,758103.9997650058,759649.999795228
692662.9999514599,707208.9997378106,713379.0001737655,717017.9998366511,721299.0001502711,723017.9994244218,730319.0005655342,732375.9998798288,745989.0002896672,758103.9997650058,759649.999795228
692662.9999514599,702106.9999642852,717017.9998366511,718480.9999472909,721299.0001502711,723017.9994244218,730319.0005655342,732375.9998798288,745989.0002896672,758103.9997650058,759649.999795228
692662.9999514599,702106.9999642852,716748.0002897165,718480.9999472909,721299.0001502711,723017.9994244218,730319.0005655342,732375.9998798288,746258.9998366018,758103.9997650058,759649.999795228
702106.9999642852,704032.9998733912,716748.0002897165,718480.9999472909,721299.0001502711,723017.9994244218,730319.0005655342,732375.9998798288,734888.9999146705,758103.9997650058,759649.999795228
702106.9999642852,704032.9998733912,716748.0002897165,721299.0001502711,723017.9994244218,730319.0005655342,732375.9998798288,734604.9999758126,734888.9999146705,743525.9997667063,758103.9997650058
702106.9999642852,704032.9998733912,713587.0003418487,716748.0002897165,723017.9994244218,730319.0005655342,734604.9999758126,734888.9999146705,740087.9996882512,743525.9997667063,758103.9997650058
702106.9999642852,704032.9998733912,716748.0002897165,723017.9994244218,723811.99998425,729863.0000458498,730319.0005655342,734604.9999758126,734888.9999146705,743525.9997667063,758103.9997650058
702106.9999642852,704032.9998733912,716748.0002897165,723811.99998425,725132.000048212,727748.9994220596,730319.0005655342,734604.9999758126,734888.9999146705,743525.9997667063,758103.9997650058
702106.9999642852,716748.0002897165,719222.9999132917,719414.9999359122,723811.99998425,725132.000048212,727748.9994220596,730319.0005655342,734888.9999146705,743525.9997667063,758103.9997650058
702106.9999642852,716244.0000068959,716748.0002897165,719222.9999132917,723811.99998425,725132.000048212,727748.9994220596,730319.0005655342,738059.9998436868,743525.9997667063,758103.9997650058
702106.9999642852,716244.0000068959,716748.0002897165,721369.9998371719,721665.0000603698,725132.000048212,727748.9994220596,730319.0005655342,738059.9998436868,743525.9997667063,758103.9997650058
702106.9999642852,716244.0000068959,719978.9999524205,721369.9998371719,721665.0000603698,725132.000048212,727748.9994220596,730319.0005655342,734829.0001809829,743525.9997667063,758103.9997650058
713655.9997668181,716244.0000068959,719978.9999524205,721369.9998371719,721665.0000603698,725132.000048212,727748.9994220596,730319.0005655342,731976.9999641733,734829.0001809829,758103.9997650058
713655.9997668181,715064.0000183757,721158.9999409406,721369.9998371719,721665.0000603698,725132.000048212,727748.9994220596,730319.0005655342,731976.9999641733,734829.0001809829,758103.9997650058
713655.9997668181,715477.0000208059,720745.9999385105,721369.9998371719,721665.0000603698,725132.000048212,727748.9994220596,730319.0005655342,731976.9999641733,734829.0001809829,758103.9997650058
715477.0000208059,720745.9999385105,720937.9998587262,721369.9998371719,721665.0000603698,724694.9998722653,725132.000048212,727748.9994220596,730319.0005655342,734829.0001809829,758103.9997650058
715477.0000208059,716638.0001074381,720745.9999385105,720937.9998587262,721369.9998371719,721665.0000603698,724694.9998722653,725132.000048212,734829.0001809829,741429.9998801558,758103.9997650058
714299.0000268787,716638.0001074381,720745.9999385105,720937.9998587262,721369.9998371719,722843.000054297,724694.9998722653,725132.000048212,734829.0001809829,741429.9998801558,758103.9997650058
705384.9999641905,714299.0000268787,716638.0001074381,720937.9998587262,721369.9998371719,724694.9998722653,725132.000048212,734829.0001809829,738204.000028617,741429.9998801558,758103.9997650058
705384.9999641905,714299.0000268787,716316.0000814762,716638.0001074381,720937.9998587262,721369.9998371719,724694.9998722653,734829.0001809829,738204.000028617,750245.9998468916,758103.9997650058
705384.9999641905,714808.0001266263,716316.0000814762,716638.0001074381,720937.9998587262,721369.9998371719,724694.9998722653,734829.0001809829,737694.9999288693,750245.9998468916,758103.9997650058
705384.9999641905,714808.0001266263,716316.0000814762,716638.0001074381,720937.9998587262,721369.9998371719,724694.9998722653,737414.9999445628,737694.9999288693,750245.9998468916,755518.0000014259
705384.9999641905,706368.9999641329,714808.0001266263,716316.0000814762,716638.0001074381,721369.9998371719,737414.9999445628,737694.9999288693,739263.9997668585,750245.9998468916,755518.0000014259
705384.9999641905,706368.9999641329,714808.0001266263,716316.0000814762,716681.9999408978,721369.9998371719,737414.9999445628,737694.9999288693,739263.9997668585,750202.0000134319,755518.0000014259
705384.9999641905,706368.9999641329,714808.0001266263,716316.0000814762,721369.9998371719,726685.99960049,737414.9999445628,737694.9999288693,739263.9997668585,740198.0003538397,755518.0000014259
705384.9999641905,712150.9999594594,714808.0001266263,716316.0000814762,721369.9998371719,726685.99960049,733481.999771532,737414.9999445628,737694.9999288693,740198.0003538397,755518.0000014259
712150.9999594594,714808.0001266263,715049.9998309897,716316.0000814762,721369.9998371719,726685.99960049,728030.0000620701,733481.999771532,737414.9999445628,740198.0003538397,755518.0000014259
712150.9999594594,714808.0001266263,715049.9998309897,716316.0000814762,726685.99960049,728030.0000620701,729200.9998046434,732367.0003863681,733481.999771532,737414.9999445628,755518.0000014259
714808.0001266263,715049.9998309897,716316.0000814762,716604.9999472371,726685.99960049,728030.0000620701,729027.9997837543,729200.9998046434,732367.0003863681,737414.9999445628,755518.0000014259
710429.0000026984,716316.0000814762,716604.9999472371,719428.9999549177,726685.99960049,728030.0000620701,729027.9997837543,729200.9998046434,732367.0003863681,737414.9999445628,755518.0000014259
692113.0001345893,716316.0000814762,719428.9999549177,726685.99960049,728030.0000620701,729027.9997837543,729200.9998046434,732367.0003863681,734920.9998153462,737414.9999445628,755518.0000014259
692113.0001345893,716316.0000814762,719428.9999549177,726685.99960049,728030.0000620701,728740.9998693878,729200.9998046434,732367.0003863681,735207.9997297127,737414.9999445628,755518.0000014259
692113.0001345893,714447.0003066114,716316.0000814762,726685.99960049,728740.9998693878,729200.9998046434,732367.0003863681,733011.9997103764,735207.9997297127,737414.9999445628,755518.0000014259
692113.0001345893,716316.0000814762,717069.0001958723,726685.99960049,728740.9998693878,729200.9998046434,730389.9998211155,732367.0003863681,735207.9997297127,737414.9999445628,755518.0000014259
692113.0001345893,716316.0000814762,717069.0001958723,726685.99960049,728740.9998693878,729200.9998046434,731692.9997145737,732367.0003863681,733904.9998362545,737414.9999445628,755518.0000014259
692113.0001345893,713621.0000497717,716316.0000814762,717069.0001958723,728740.9998693878,729200.9998046434,731692.9997145737,733904.9998362545,737414.9999445628,745431.9999370864,755518.0000014259
706830.9997850411,713621.0000497717,714483.0001541916,716316.0000814762,717069.0001958723,728740.9998693878,731692.9997145737,733904.9998362545,737414.9999445628,745431.9999370864,755518.0000014259
706830.9997850411,713621.0000497717,714483.0001541916,716316.0000814762,717069.0001958723,728740.9998693878,731305.9999608912,731692.9997145737,733904.9998362545,745431.9999370864,761626.9999850974
701094.9998908318,714483.0001541916,716316.0000814762,717069.0001958723,719356.999943981,728740.9998693878,731305.9999608912,731692.9997145737,733904.9998362545,745431.9999370864,761626.9999850974
701094.9998908318,714483.0001541916,716316.0000814762,717069.0001958723,728740.9998693878,730068.0002186552,731305.9999608912,731692.9997145737,733904.9998362545,734720.9996624121,761626.9999850974
701094.9998908318,714483.0001541916,717069.0001958723,720195.9999225688,728740.9998693878,730068.0002186552,730840.9998213195,731305.9999608912,731692.9997145737,733904.9998362545,761626.9999850974
701094.9998908318,710680.9999227923,714483.0001541916,720195.9999225688,728740.9998693878,730068.0002186552,730840.9998213195,731305.9999608912,733904.9998362545,738080.9999876537,761626.9999850974
701094.9998908318,710680.9999227923,714483.0001541916,720195.9999225688,728740.9998693878,730068.0002186552,730840.9998213195,731305.9999608912,733904.9998362545,738080.9999876537,761626.9999850974
701094.9998908318,710685.9998122441,714483.0001541916,720195.9999225688,728740.9998693878,730068.0002186552,730840.9998213195,731305.9999608912,733899.9999468027,738080.9999876537,761626.9999850974
701094.9998908318,710685.9998122441,714483.0001541916,720195.9999225688,724060.9998932617,728740.9998693878,730068.0002186552,730840.9998213195,731305.9999608912,747920.0000411947,761626.9999850974
701094.9998908318,714483.0001541916,716855.9998901719,720195.9999225688,724060.9998932617,728740.9998693878,730068.0002186552,730840.9998213195,731305.9999608912,741749.9999632669,761626.9999850974
701094.9998908318,713913.9998776234,717425.0001667402,720195.9999225688,724060.9998932617,728740.9998693878,730068.0002186552,730840.9998213195,731305.9999608912,741749.9999632669,761626.9999850974
701094.9998908318,713913.9998776234,717823.9998368534,720195.9999225688,724060.9998932617,728342.0001992746,730068.0002186552,730840.9998213195,731305.9999608912,741749.9999632669,761626.9999850974
701094.9998908318,713913.9998776234,715834.9999173357,717823.9998368534,724060.9998932617,728342.0001992746,730068.0002186552,730840.9998213195,731305.9999608912,746110.9999685,761626.9999850974
701094.9998908318,713913.9998776234,715834.9999173357,717823.9998368534,723282.9997493172,728342.0001992746,730068.0002186552,730840.9998213195,731305.9999608912,746889.0001124445,761626.9999850974
701094.9998908318,713913.9998776234,715834.9999173357,717823.9998368534,723282.9997493172,728342.0001992746,728700.9995014055,731305.9999608912,732208.0005385692,746889.0001124445,761626.9999850974
701094.9998908318,713913.9998776234,717066.9999164377,717823.9998368534,723282.9997493172,728342.0001992746,728700.9995014055,731305.9999608912,732208.0005385692,745657.0001133425,761626.9999850974
701094.9998908318,702014.000118265,717066.9999164377,717823.9998368534,723282.9997493172,728700.9995014055,731305.9999608912,732208.0005385692,740241.999958633,745657.0001133425,761626.9999850974
700107.000031226,701094.9998908318,717066.9999164377,717823.9998368534,725189.9998363563,728700.9995014055,731305.9999608912,732208.0005385692,740241.999958633,745657.0001133425,761626.9999850974
700107.000031226,701094.9998908318,715780.0001339162,717823.9998368534,725189.9998363563,728700.9995014055,731305.9999608912,732208.0005385692,740241.999958633,746943.999895864,761626.9999850974
695664.9997396774,700107.000031226,715780.0001339162,717823.9998368534,725189.9998363563,731305.9999608912,732208.0005385692,734130.9996525599,740241.999958633,746943.999895864,761626.9999850974
700107.000031226,715780.0001339162,717823.9998368534,721254.9994591085,721354.000176433,725189.9998363563,731305.9999608912,732208.0005385692,734130.9996525599,740241.999958633,761626.9999850974
700107.000031226,711369.9998412105,715780.0001339162,717823.9998368534,721254.9994591085,731305.9999608912,732208.0005385692,734130.9996525599,735174.0001715787,740241.999958633,761626.9999850974
711369.9998412105,715780.0001339162,717823.9998368534,719033.9999205001,721254.9994591085,721315.0000693589,731305.9999608912,732208.0005385692,734130.9996525599,735174.0001715787,761626.9999850974
711369.9998412105,717823.9998368534,719033.9999205001,721254.9994591085,721315.0000693589,725099.0001295743,725855.0001759205,731305.9999608912,732208.0005385692,734130.9996525599,761626.9999850974
711369.9998412105,715337.9997757372,717823.9998368534,719033.9999205001,721315.0000693589,725099.0001295743,731305.9999608912,731771.9998592918,732208.0005385692,734130.9996525599,761626.9999850974
711369.9998412105,715337.9997757372,719033.9999205001,719237.9998398084,719901.0000664038,725099.0001295743,731305.9999608912,731771.9998592918,732208.0005385692,734130.9996525599,761626.9999850974
697353.9999517142,711369.9998412105,715337.9997757372,719901.0000664038,725099.0001295743,731305.9999608912,731771.9998592918,732208.0005385692,734130.9996525599,740917.9998085944,761626.9999850974
697353.9999517142,711369.9998412105,715337.9997757372,721422.0000660603,725099.0001295743,731305.9999608912,731771.9998592918,732208.0005385692,732609.9996529033,740917.9998085944,761626.9999850974
697353.9999517142,711369.9998412105,714204.9997501773,721422.0000660603,725099.0001295743,731305.9999608912,732208.0005385692,732609.9996529033,732904.9998848517,740917.9998085944,761626.9999850974
697353.9999517142,711369.9998412105,714204.9997501773,719267.9995499278,721422.0000660603,725099.0001295743,731305.9999608912,732208.0005385692,740917.9998085944,746246.9999878273,761626.9999850974
697353.9999517142,711369.9998412105,714204.9997501773,719267.9995499278,721422.0000660603,727520.9999353213,728884.0001551443,732208.0005385692,740917.9998085944,746246.9999878273,761626.9999850974
711369.9998412105,711701.9998925894,714204.9997501773,714536.000214269,719267.9995499278,721422.0000660603,727520.9999353213,732208.0005385692,740917.9998085944,746246.9999878273,761626.9999850974
706944.999754621,711369.9998412105,711701.9998925894,714536.000214269,719267.9995499278,727520.9999353213,728682.0000616167,732208.0005385692,740917.9998085944,746246.9999878273,761626.9999850974
706944.999754621,711369.9998412105,711701.9998925894,714536.000214269,719267.9995499278,727520.9999353213,728556.9997670678,732208.0005385692,741043.0001031432,746246.9999878273,761626.9999850974
704617.9998582937,706944.999754621,714536.000214269,718453.9998755063,719267.9995499278,727520.9999353213,728556.9997670678,732208.0005385692,741043.0001031432,746246.9999878273,761626.9999850974
693561.9998969933,714536.000214269,718000.9997159214,718453.9998755063,719267.9995499278,727520.9999353213,728556.9997670678,732208.0005385692,741043.0001031432,746246.9999878273,761626.9999850974
693561.9998969933,714536.000214269,718000.9997159214,718453.9998755063,719267.9995499278,728556.9997670678,728906.9996792726,732208.0005385692,741043.0001031432,746246.9999878273,760241.0002411461
693561.9998969933,714536.000214269,716522.9997113524,718453.9998755063,719267.9995499278,728556.9997670678,728906.9996792726,732208.0005385692,741043.0001031432,747724.9999923962,760241.0002411461
693561.9998969933,714536.000214269,716522.9997113524,718453.9998755063,719267.9995499278,728556.9997670678,732208.0005385692,737651.9997573748,741043.0001031432,747724.9999923962,751496.000163044
693561.9998969933,714536.000214269,716522.9997113524,718453.9998755063,722595.999627123,728556.9997670678,732208.0005385692,737651.9997573748,741043.0001031432,744396.999915201,751496.000163044
693561.9998969933,714536.000214269,716104.9997076769,716522.9997113524,718453.9998755063,722595.999627123,732208.0005385692,737651.9997573748,744396.999915201,751496.000163044,753495.000162534
713521.0000205545,714536.000214269,716104.9997076769,716522.9997113524,718453.9998755063,722595.999627123,732208.0005385692,733536.0000389728,737651.9997573748,744396.999915201,751496.000163044
695524.9999150007,713521.0000205545,716104.9997076769,716522.9997113524,722595.999627123,732208.0005385692,733536.0000389728,737465.0001747746,737651.9997573748,744396.999915201,751496.000163044
695524.9999150007,697444.9997511746,716522.9997113524,722595.999627123,732180.9999770569,732208.0005385692,733536.0000389728,737465.0001747746,737651.9997573748,744396.999915201,751496.000163044
695524.9999150007,697444.9997511746,715300.0000470725,723818.9992914029,732180.9999770569,732208.0005385692,733536.0000389728,737465.0001747746,737651.9997573748,744396.999915201,751496.000163044
695524.9999150007,697444.9997511746,714701.9998614169,715300.0000470725,723818.9992914029,732208.0005385692,737465.0001747746,737651.9997573748,744396.999915201,751015.0001546128,751496.000163044
697444.9997511746,714701.9998614169,715300.0000470725,716574.9999427157,723818.9992914029,729965.0001268978,732208.0005385692,737465.0001747746,737651.9997573748,744396.999915201,751496.000163044
697444.9997511746,707557.9999442005,714701.9998614169,723818.9992914029,724317.0000455878,729965.0001268978,732208.0005385692,737465.0001747746,737651.9997573748,744396.999915201,751496.000163044
699266.9997705529,707557.9999442005,712879.9998420386,723818.9992914029,724317.0000455878,729965.0001268978,732208.0005385692,737465.0001747746,737651.9997573748,744396.999915201,751496.000163044
699266.9997705529,707557.9999442005,712879.9998420386,714626.000071314,723818.9992914029,732208.0005385692,737465.0001747746,737651.9997573748,739656.0001011716,744396.999915201,751496.000163044
699266.9997705529,707557.9999442005,712879.9998420386,713778.9998361529,724665.999526564,732208.0005385692,737465.0001747746,737651.9997573748,739656.0001011716,744396.999915201,751496.000163044
699266.9997705529,707939.9998187242,712879.9998420386,713778.9998361529,724665.999526564,732208.0005385692,737269.999882851,737465.0001747746,739656.0001011716,744396.999915201,751496.000163044
699266.9997705529,707939.9998187242,712879.9998420386,713778.9998361529,717746.9999708671,724665.999526564,732208.0005385692,739656.0001011716,744396.999915201,751496.000163044,756988.0000867585
699266.9997705529,707939.9998187242,712879.9998420386,713778.9998361529,717746.9999708671,724357.9999797903,724665.999526564,739656.0001011716,751496.000163044,752247.0004739799,756988.0000867585
707939.9998187242,712361.9998961177,712879.9998420386,713778.9998361529,717746.9999708671,724357.9999797903,724665.999526564,726560.9999756066,751496.000163044,752247.0004739799,756988.0000867585
707939.9998187242,712361.9998961177,712879.9998420386,713778.9998361487,717746.9999708671,724357.9999797945,724665.999526564,726560.9999756066,751496.000163044,752247.0004739799,756988.0000867585
712361.9998961177,712879.9998420386,713778.9998361487,717746.9999708671,724357.9999797945,724665.999526564,726194.9997473472,726560.9999756066,733241.000234421,752247.0004739799,756988.0000867585
712361.9998961177,712879.9998420386,713778.9998361487,717746.9999708671,723642.9999890494,724665.999526564,726194.9997473472,726560.9999756066,733241.000234421,752962.000464725,756988.0000867585
712361.9998961177,712879.9998420386,716727.9998527421,717746.9999708671,723642.9999890494,724665.999526564,726194.9997473472,726560.9999756066,733241.000234421,752962.000464725,754039.0000701651
712361.9998961177,712879.9998420386,717746.9999708671,718242.9993592517,723151.0000200544,723642.9999890494,726194.9997473472,726560.9999756066,733241.000234421,752962.000464725,754039.0000701651
705249.0003056077,712361.9998961177,717746.9999708671,718242.9993592517,723151.0000200544,723642.9999890494,726194.9997473472,733241.000234421,734191.9995120375,752962.000464725,754039.0000701651
705249.0003056077,712361.9998961177,717746.9999708671,720190.9997872384,721202.9995920677,723642.9999890494,726194.9997473472,733241.000234421,734191.9995120375,752962.000464725,754039.0000701651
705249.0003056077,712361.9998961177,717746.9999708671,718931.0001036417,720190.9997872384,725914.9994774754,726194.9997473472,733241.000234421,734191.9995120375,752962.000464725,754039.0000701651
710649.999711891,712361.9998961177,717746.9999708671,718931.0001036417,720190.9997872384,725914.9994774754,726194.9997473472,728791.0001057541,733241.000234421,752962.000464725,754039.0000701651
710649.999711891,712361.9998961177,718931.0001036417,720190.9997872384,725914.9994774754,726194.9997473472,728791.0001057541,729318.9998604968,733241.000234421,742467.0001805354,752962.000464725
710649.999711891,712361.9998961177,714307.0001108275,718931.0001036417,720190.9997872384,725914.9994774754,728791.0001057541,729318.9998604968,733241.000234421,752962.000464725,754354.9998170551
710649.999711891,712361.9998961177,718931.0001036417,720190.9997872384,725914.9994774754,728791.0001057541,729318.9998604968,733241.000234421,733996.9996757323,734665.0002521502,752962.000464725
707644.9997317101,715366.9998762987,718931.0001036417,720190.9997872384,725914.9994774754,728791.0001057541,729318.9998604968,733241.000234421,733996.9996757323,734665.0002521502,752962.000464725
707644.9997317101,715366.9998762987,718931.0001036417,720190.9997872384,725914.9994774754,728791.0001057541,729318.9998604968,730676.0000289829,734665.0002521502,736561.9998811705,752962.000464725
707644.9997317101,713235.0001017601,715366.9998762987,720190.9997872384,725914.9994774754,729318.9998604968,730676.0000289829,734487.0001076356,734665.0002521502,736561.9998811705,752962.000464725
707644.9997317101,713235.0001017601,718693.9998159446,720190.9997872384,725914.9994774754,725991.999920851,730676.0000289829,734487.0001076356,734665.0002521502,736561.9998811705,752962.000464725
707644.9997317101,713235.0001017601,718693.9998159446,720190.9997872384,725991.999920851,727095.0000303604,730676.0000289829,734487.0001076356,734665.0002521502,736561.9998811705,751781.99991184
707644.9997317101,713235.0001017601,719610.0001466281,720190.9997872384,725991.999920851,727095.0000303604,730676.0000289829,733748.9999214667,734487.0001076356,736561.9998811705,751781.99991184
707644.9997317101,713235.0001017601,719610.0001466281,720190.9997872384,721889.9995633822,725991.999920851,730676.0000289829,733748.9999214667,734487.0001076356,736561.9998811705,756987.0003788181
707644.9997317101,713235.0001017601,720190.9997872384,721889.9995633822,725991.999920851,727122.0000295031,729049.9999982954,730676.0000289829,733748.9999214667,734487.0001076356,756987.0003788181
707644.9997317101,713235.0001017601,719562.0000035112,720190.9997872384,721889.9995633822,725991.999920851,729049.9999982954,733748.9999214667,734487.0001076356,738236.0000549748,756987.0003788181
707644.9997317101,713235.0001017601,719562.0000035112,720190.9997872384,721889.9995633822,725991.999920851,728282.0000947791,733748.9999214667,734487.0001076356,739003.9999584912,756987.0003788181
707507.99998774,713371.9998457301,719562.0000035112,720190.9997872384,721889.9995633822,725991.999920851,728282.0000947791,733748.9999214667,734487.0001076356,739003.9999584912,756987.0003788181
702762.0000852759,718117.9997481942,719562.0000035112,720190.9997872384,721889.9995633822,725991.999920851,728282.0000947791,733748.9999214667,734487.0001076356,739003.9999584912,756987.0003788181
702762.0000852759,718117.9997481942,719562.0000035112,720190.9997872384,721874.9994725103,725991.999920851,728282.0000947791,733748.9999214667,734502.0001985076,739003.9999584912,756987.0003788181
702762.0000852759,716233.0001737595,718117.9997481942,719562.0000035112,720190.9997872384,725991.999920851,728282.0000947791,733748.9999214667,734502.0001985076,739003.9999584912,762628.9996775689
702762.0000852759,716233.0001737595,718117.9997481942,719562.0000035112,720190.9997872384,724483.9999056223,728282.0000947791,734502.0001985076,735256.9999366953,739003.9999584912,762628.9996775689
702762.0000852759,716233.0001737595,718117.9997481942,719562.0000035112,722020.9996977391,724483.9999056223,728282.0000947791,734502.0001985076,735256.9999366953,739003.9999584912,760798.9997670682
704798.9996813332,716081.0001521369,716233.0001737595,719562.0000035112,722020.9996977391,724483.9999056223,728282.0000947791,734502.0001985076,735256.9999366953,739003.9999584912,760798.9997670682
704798.9996813332,716081.0001521369,716233.0001737595,717633.0000611552,722020.9996977391,724483.9999056223,730211.0000371351,734502.0001985076,735256.9999366953,739003.9999584912,760798.9997670682
704798.9996813332,716081.0001521369,716233.0001737595,716773.9997015017,717633.0000611552,722020.9996977391,724483.9999056223,730211.0000371351,734502.0001985076,757487.0001936848,760798.9997670682
704798.9996813332,706138.0002026828,716081.0001521369,716773.9997015017,717633.0000611552,724483.9999056223,730211.0000371351,732115.9996688159,734502.0001985076,757487.0001936848,760798.9997670682
694879.0000556783,706138.0002026828,716773.9997015017,717633.0000611552,724483.9999056223,726000.9997777918,730211.0000371351,732115.9996688159,734502.0001985076,757487.0001936848,760798.9997670682
694879.0000556783,706138.0002026828,717633.0000611552,722059.0000903136,724483.9999056223,726000.9997777918,730211.0000371351,732115.9996688159,734502.0001985076,752201.9998048729,760798.9997670682
696839.9997505187,706138.0002026828,717633.0000611552,722059.0000903136,724040.0000829513,724483.9999056223,730211.0000371351,732115.9996688159,734502.0001985076,752201.9998048729,760798.9997670682
696839.9997505187,706138.0002026828,716916.9998468406,717633.0000611552,724040.0000829513,724483.9999056223,730211.0000371351,732115.9996688159,734502.0001985076,757344.0000483459,760798.9997670682
696839.9997505187,706138.0002026828,708179.0000948688,716916.9998468406,717633.0000611552,730211.0000371351,732115.9996688159,734502.0001985076,740344.9998937048,757344.0000483459,760798.9997670682
696839.9997505187,703841.9994036668,708179.0000948688,716916.9998468406,717633.0000611552,730211.0000371351,734412.0004678319,734502.0001985076,740344.9998937048,757344.0000483459,760798.9997670682
696839.9997505187,703841.9994036668,708179.0000948688,717633.0000611552,729584.9997596183,730211.0000371351,734412.0004678319,734502.0001985076,740344.9998937048,744676.0001355682,760798.9997670682
696839.9997505187,703841.9994036668,708179.0000948688,713898.9998576622,717633.0000611552,734412.0004678319,734502.0001985076,740344.9998937048,744676.0001355682,745896.9999390912,760798.9997670682
696839.9997505187,703841.9994036668,706416.9997880808,708179.0000948688,725115.0001307366,734412.0004678319,734502.0001985076,740344.9998937048,744676.0001355682,745896.9999390912,760798.9997670682
696839.9997505187,703841.9994036668,706416.9997880808,713704.0000127868,725115.0001307366,734412.0004678319,734502.0001985076,734819.9999757868,744676.0001355682,745896.9999390912,760798.9997670682
696839.9997505187,703841.9994036668,706416.9997880808,714385.0000749783,725115.0001307366,734412.0004678319,734502.0001985076,734819.9999757868,743995.0000733767,745896.9999390912,760798.9997670682
696839.9997505187,705507.0003698078,706416.9997880808,714385.0000749783,725115.0001307366,732746.9995016909,734502.0001985076,734819.9999757868,743995.0000733767,745896.9999390912,760798.9997670682
696839.9997505187,705507.0003698078,706416.9997880808,718767.0000498107,725115.0001307366,732746.9995016909,734502.0001985076,734819.9999757868,739613.0000985443,745896.9999390912,760798.9997670682
696839.9997505187,705507.0003698078,706416.9997880808,725115.0001307366,725374.0000895836,732746.9995016909,734502.0001985076,734819.9999757868,739289.9998993183,739613.0000985443,760798.9997670682
691041.9998897071,705507.0003698078,706416.9997880808,725115.0001307366,725374.0000895836,732746.9995016909,734502.0001985076,739289.9998993183,739613.0000985443,740617.9998365984,760798.9997670682
705507.0003698078,706416.9997880808,710970.9997783946,720688.9999479109,725115.0001307366,725374.0000895836,732746.9995016909,734502.0001985076,739289.9998993183,739613.0000985443,760798.9997670682
705507.0003698078,706416.9997880808,710970.9997783946,720688.9999479109,723748.0001896076,725115.0001307366,725374.0000895836,732746.9995016909,739613.0000985443,750043.9999082183,760798.9997670682
705507.0003698078,706416.9997880808,710970.9997783946,720688.9999479109,723748.0001896076,725115.0001307366,725374.0000895836,731800.9999086515,739613.0000985443,750043.9999082183,761744.9993601076
706416.9997880808,710970.9997783946,714624.0000127191,714631.0005466964,720688.9999479109,725115.0001307366,725374.0000895836,731800.9999086515,739613.0000985443,750043.9999082183,761744.9993601076
706416.9997880808,710970.9997783946,714624.0000127191,714631.0005466964,719579.0000411426,725115.0001307366,725374.0000895836,731800.9999086515,739613.0000985443,751153.9998149866,761744.9993601076
706416.9997880808,714624.0000127191,714631.0005466964,719579.0000411426,725115.0001307366,725374.0000895836,726425.9997857332,731800.9999086515,735698.999807648,739613.0000985443,761744.9993601076
706416.9997880808,714624.0000127191,714631.0005466964,719579.0000411426,721128.00041302,726425.9997857332,729360.9998073002,731800.9999086515,735698.999807648,739613.0000985443,761744.9993601076
713634.0000867062,713911.0001143946,714624.0000127191,714631.0005466964,719579.0000411426,726425.9997857332,729360.9998073002,731800.9999086515,735698.999807648,739613.0000985443,761744.9993601076
713541.9999898084,713634.0000867062,713911.0001143946,714624.0000127191,714631.0005466964,719579.0000411426,726425.9997857332,729360.9998073002,739613.0000985443,753957.999726491,761744.9993601076
713541.9999898084,713634.0000867062,713911.0001143946,714624.0000127191,714631.0005466964,716056.0000162371,726425.9997857332,729360.9998073002,739613.0000985443,757480.9997513965,761744.9993601076
713541.9999898084,713634.0000867062,713911.0001143946,714624.0000127191,716056.0000162371,721207.000091264,726425.9997857332,729360.9998073002,739613.0000985443,755168.9998155399,757480.9997513965
713541.9999898084,713634.0000867062,714586.9998932617,714624.0000127191,716056.0000162371,721207.000091264,726425.9997857332,728685.000028433,739613.0000985443,755168.9998155399,757480.9997513965
713541.9999898084,713634.0000867062,714586.9998932617,714624.0000127191,716056.0000162371,719262.999989551,726425.9997857332,728685.000028433,739613.0000985443,757112.9999172529,757480.9997513965
713541.9999898084,713634.0000867062,714586.9998932617,714624.0000127191,719262.999989551,726425.9997857332,728685.000028433,736623.9997670869,736913.0000005467,739613.0000985443,757112.9999172529
713541.9999898084,714042.0001594515,714178.9998205164,714624.0000127191,719262.999989551,726425.9997857332,728685.000028433,736623.9997670869,736913.0000005467,739613.0000985443,757112.9999172529
713541.9999898084,714042.0001594515,714178.9998205164,714624.0000127191,716166.9996069211,719262.999989551,726425.9997857332,728685.000028433,739613.0000985443,757112.9999172529,757370.0001607125
694577.0001552022,713541.9999898084,714624.0000127191,716166.9996069211,719262.999989551,726425.9997857332,728685.000028433,733643.9998247657,739613.0000985443,757112.9999172529,757370.0001607125
694577.0001552022,706393.9998435664,714624.0000127191,719262.999989551,723314.9997531631,726425.9997857332,728685.000028433,733643.9998247657,739613.0000985443,757112.9999172529,757370.0001607125
694577.0001552022,714524.999842402,714624.0000127191,718294.9997868977,719262.999989551,723314.9997531631,728685.000028433,733643.9998247657,739613.0000985443,757112.9999172529,757370.0001607125
694577.0001552022,714624.0000127191,715337.9999341606,718294.9997868977,719262.999989551,723314.9997531631,727871.9999366744,733643.9998247657,739613.0000985443,757112.9999172529,757370.0001607125
694577.0001552022,715337.9999341606,716030.999905617,717856.0000966531,718294.9997868977,723314.9997531631,727871.9999366744,733643.9998247657,739613.0000985443,757112.9999172529,757370.0001607125
694577.0001552022,712890.9996221425,715337.9999341606,717856.0000966531,718294.9997868977,723314.9997531631,727871.9999366744,733643.9998247657,739613.0000985443,757370.0001607125,760253.0002007274
694577.0001552022,708431.9999304956,712890.9996221425,715337.9999341606,718294.9997868977,727871.9999366744,732738.9999193207,733643.9998247657,739613.0000985443,757370.0001607125,760253.0002007274
699658.0001774144,708431.9999304956,712890.9996221425,715337.9999341606,718294.9997868977,727871.9999366744,728562.9998025536,732738.9999193207,739613.0000985443,757370.0001607125,760253.0002007274
699658.0001774144,708431.9999304956,715337.9999341606,718280.9998387872,718294.9997868977,727348.999702676,727871.9999366744,728562.9998025536,739613.0000985443,757370.0001607125,760253.0002007274
699658.0001774144,708431.9999304956,715337.9999341606,718280.9998387872,724178.0000735363,727348.999702676,727871.9999366744,728562.9998025536,739613.0000985443,751486.9998740738,760253.0002007274
699658.0001774144,708431.9999304956,715337.9999341606,716714.9998336969,718280.9998387872,724178.0000735363,727348.999702676,728562.9998025536,750770.0002015218,751486.9998740738,760253.0002007274
699658.0001774144,708431.9999304956,713165.9999187764,716714.9998336969,718280.9998387872,724178.0000735363,727348.999702676,730734.9998179377,750770.0002015218,751486.9998740738,760253.0002007274
699658.0001774144,708431.9999304956,713165.9999187764,716714.9998336969,718280.9998387872,727348.999702676,730734.9998179377,735711.9998110379,739953.0001365722,750770.0002015218,760253.0002007274
699658.0001774144,708431.9999304956,710387.9998179469,713165.9999187764,718280.9998387872,727348.999702676,735711.9998110379,737061.9998336877,739953.0001365722,750770.0002015218,760253.0002007274
699658.0001774144,708431.9999304956,710387.9998179469,713165.9999187764,718280.9998387872,722915.9998464375,727348.999702676,737061.9998336877,750770.0002015218,752749.0001011726,760253.0002007274
699658.0001774144,708431.9999304956,713165.9999187764,716408.0001094656,718280.9998387872,722915.9998464375,727348.999702676,737061.9998336877,744749.9999100032,752749.0001011726,760253.0002007274
699658.0001774144,707121.0000828293,714476.9997664428,716408.0001094656,718280.9998387872,722915.9998464375,727348.999702676,737061.9998336877,744749.9999100032,752749.0001011726,760253.0002007274
699658.0001774144,707121.0000828293,714476.9997664428,715388.00014245,718280.9998387872,722915.9998464375,727348.999702676,737061.9998336877,745769.9998770187,752749.0001011726,760253.0002007274
699658.0001774144,707121.0000828293,714476.9997664428,718280.9998387872,720937.9998083004,722915.9998464375,727348.999702676,737061.9998336877,740220.0002111683,752749.0001011726,760253.0002007274
699658.0001774144,707121.0000828293,707757.0001562673,714476.9997664428,720937.9998083004,722915.9998464375,737061.9998336877,737872.9993851959,740220.0002111683,752749.0001011726,760253.0002007274
699658.0001774144,707121.0000828293,707757.0001562673,714476.9997664428,720937.9998083004,737061.9998336877,737815.0001328427,737849.9998147674,737872.9993851959,740220.0002111683,760253.0002007274
699658.0001774144,707121.0000828293,707757.0001562673,714476.9997664428,720937.9998083004,730376.9998927013,737061.9998336877,737872.9993851959,740220.0002111683,745288.0000549088,760253.0002007274
699658.0001774144,707757.0001562673,714476.9997664428,715619.0000518631,720937.9998083004,730376.9998927013,731722.0002421343,737061.9998336877,737872.9993851959,745288.0000549088,760253.0002007274
699658.0001774144,706027.0001636331,707757.0001562673,714476.9997664428,720937.9998083004,730376.9998927013,737061.9998336877,737872.9993851959,741314.0001303643,745288.0000549088,760253.0002007274
699658.0001774144,706027.0001636331,707757.0001562673,714296.9998889473,720937.9998083004,730376.9998927013,737061.9998336877,737872.9993851959,741314.0001303643,745467.9999324043,760253.0002007274
699658.0001774144,706027.0001636331,714296.9998889473,719326.9999429068,720937.9998083004,730376.9998927013,737061.9998336877,737872.9993851959,741314.0001303643,745467.9999324043,748683.0004140879
699658.0001774144,706027.0001636331,714296.9998889473,720937.9998083004,723248.9996621571,730376.9998927013,733950.9996659455,737061.9998336877,741314.0001303643,745467.9999324043,748683.0004140879
699658.0001774144,702227.0000337723,714296.9998889473,723248.9996621571,724737.9999381613,730376.9998927013,733950.9996659455,737061.9998336877,741314.0001303643,745467.9999324043,748683.0004140879
699658.0001774144,702227.0000337723,714296.9998889473,719256.9995267659,723248.9996621571,724737.9999381613,730376.9998927013,737061.9998336877,745467.9999324043,748683.0004140879,756008.000269544
699658.0001774144,702227.0000337723,714296.9998889473,715210.9995424334,723248.9996621571,724737.9999381613,730376.9998927013,737061.9998336877,745467.9999324043,748683.0004140879,760054.0002538764
699658.0001774144,702227.0000337723,713075.9999663173,715210.9995424334,723248.9996621571,724737.9999381613,730376.9998927013,737061.9998336877,746688.9998550343,748683.0004140879,760054.0002538764
699658.0001774144,711405.0001007125,713075.9999663173,715210.9995424334,715559.9998712211,723248.9996621571,730376.9998927013,737061.9998336877,746688.9998550343,748683.0004140879,760054.0002538764
699658.0001774144,711405.0001007125,713075.9999663173,715210.9995424334,715559.9998712211,725520.9998806438,730376.9998927013,737061.9998336877,746411.0001956013,746688.9998550343,760054.0002538764
699658.0001774144,702109.9999460211,711405.0001007125,715210.9995424334,725520.9998806438,726525.9998915173,730376.9998927013,737061.9998336877,746411.0001956013,746688.9998550343,760054.0002538764
699658.0001774144,708336.9998871753,711405.0001007125,715210.9995424334,725520.9998806438,726525.9998915173,730376.9998927013,737061.9998336877,740461.9999138801,746411.0001956013,760054.0002538764
699658.0001774144,711405.0001007125,715210.9995424334,719775.999834383,725520.9998806438,726525.9998915173,729022.9999666724,730376.9998927013,737061.9998336877,746411.0001956013,760054.0002538764
699658.0001774144,711405.0001007125,715210.9995424334,720958.9997452062,725342.9999806941,725520.9998806438,729022.9999666724,730376.9998927013,737061.9998336877,746411.0001956013,760054.0002538764
699658.0001774144,700149.9999042589,715210.9995424334,725342.9999806941,725520.9998806438,729022.9999666724,730376.9998927013,732213.9999416599,737061.9998336877,746411.0001956013,760054.0002538764
699658.0001774144,700149.9999042589,715210.9995424334,715929.9998736256,725342.9999806941,725520.9998806438,732213.9999416599,737061.9998336877,743469.9999857481,746411.0001956013,760054.0002538764
699658.0001774144,700149.9999042589,715210.9995424334,715929.9998736256,725520.9998806438,728705.9999092794,728851.0000130746,737061.9998336877,743469.9999857481,746411.0001956013,760054.0002538764
699658.0001774144,715210.9995424334,715929.9998736256,722150.0000583159,725520.9998806438,728705.9999092794,728851.0000130746,737061.9998336877,738054.0000998194,743469.9999857481,746411.0001956013
699658.0001774144,715929.9998736256,722150.0000583159,723773.999923026,725520.9998806438,728705.9999092794,728851.0000130746,729490.9997192268,737061.9998336877,743469.9999857481,746411.0001956013
699658.0001774144,715929.9998736256,722150.0000583159,722559.000131126,723773.999923026,728705.9999092794,728851.0000130746,729490.9997192268,737061.9998336877,743469.9999857481,749372.999945119
705119.0001321436,715929.9998736256,722150.0000583159,722559.000131126,723773.999923026,728705.9999092794,728851.0000130746,729490.9997192268,731600.9998789584,743469.9999857481,749372.999945119
705119.0001321436,722150.0000583159,722559.000131126,723773.999923026,727472.9998973086,728705.9999092794,728851.0000130746,729490.9997192268,731600.9998789584,731926.999962065,749372.999945119
705119.0001321436,713793.0000231687,722150.0000583159,722559.000131126,723773.999923026,727472.9998973086,728705.9999092794,729490.9997192268,731926.999962065,746658.9998688642,749372.999945119
705119.0001321436,713793.0000231687,715512.9999425394,722559.000131126,723773.999923026,727472.9998973086,729490.9997192268,731926.999962065,735343.000025056,746658.9998688642,749372.999945119
705119.0001321436,715512.9999425394,722559.000131126,723773.999923026,726995.9997155766,727472.9998973086,729490.9997192268,731926.999962065,733456.0001764563,735343.000025056,749372.999945119
705119.0001321436,715512.9999425394,721617.0002323835,722559.000131126,726995.9997155766,727472.9998973086,729490.9997192268,731926.999962065,733456.0001764563,735343.000025056,751529.9996357615
706667.0000143602,715512.9999425394,721617.0002323835,722559.000131126,725447.9998333601,727472.9998973086,729490.9997192268,731926.999962065,733456.0001764563,735343.000025056,751529.9996357615
706667.0000143602,715512.9999425394,718082.0000829521,721617.0002323835,722559.000131126,725447.9998333601,729490.9997192268,733456.0001764563,735343.000025056,741317.9997764216,751529.9996357615
697692.9998809611,715512.9999425394,718082.0000829521,721617.0002323835,722559.000131126,729490.9997192268,733456.0001764563,734421.9999667591,735343.000025056,741317.9997764216,751529.9996357615
697692.9998809611,715512.9999425394,718948.0001459771,721617.0002323835,722559.000131126,729490.9997192268,733456.0001764563,734421.9999667591,735343.000025056,740451.9997133964,751529.9996357615
697692.9998809611,715512.9999425394,717372.9999454141,718948.0001459771,721617.0002323835,722559.000131126,729490.9997192268,735343.000025056,740451.9997133964,750505.0001978013,751529.9996357615
697692.9998809611,715512.9999425394,717372.9999454141,718948.0001459771,721617.0002323835,724169.000052649,729490.9997192268,735343.000025056,740451.9997133964,749919.9997142386,750505.0001978013
697692.9998809611,714588.9997831675,715512.9999425394,717372.9999454141,721617.0002323835,724169.000052649,733850.0000820365,735343.000025056,740451.9997133964,749919.9997142386,750505.0001978013
697692.9998809611,706914.9997404466,715512.9999425394,717372.9999454141,724169.000052649,729291.0002751044,733850.0000820365,735343.000025056,740451.9997133964,749919.9997142386,750505.0001978013
697692.9998809611,706914.9997404466,715512.9999425394,717372.9999454141,721573.9997675476,724169.000052649,729291.0002751044,735343.000025056,749919.9997142386,750505.0001978013,752728.0000278854
697692.9998809611,706914.9997404466,717372.9999454141,721573.9997675476,724169.000052649,726072.0000002028,729291.0002751044,735343.000025056,742168.999970222,749919.9997142386,750505.0001978013
697692.9998809611,717125.9997376482,717372.9999454141,721573.9997675476,724169.000052649,726072.0000002028,729291.0002751044,731957.9999730204,735343.000025056,749919.9997142386,750505.0001978013
697692.9998809611,714118.9997671425,717372.9999454141,721573.9997675476,724169.000052649,726072.0000002028,731957.9999730204,732298.0002456101,735343.000025056,749919.9997142386,750505.0001978013
697692.9998809611,714512.9999315047,717372.9999454141,721573.9997675476,724169.000052649,726072.0000002028,731563.9998086581,732298.0002456101,735343.000025056,749919.9997142386,750505.0001978013
697692.9998809611,714512.9999315047,717372.9999454141,721573.9997675476,724169.000052649,726072.0000002028,731563.9998086581,734998.0000200557,735343.000025056,747219.999939793,750505.0001978013
697692.9998809611,714512.9999315047,717372.9999454141,721573.9997675476,725749.999820443,726072.0000002028,731563.9998086581,733417.0002522616,735343.000025056,747219.999939793,750505.0001978013
700656.0002969045,714409.9995294707,714512.9999315047,721573.9997675476,725749.999820443,726072.0000002028,731563.9998086581,733417.0002522616,735343.000025056,747219.999939793,750505.0001978013
700656.0002969045,714409.9995294707,714512.9999315047,721573.9997675476,725749.999820443,726072.0000002028,731563.9998086581,733417.0002522616,734938.0001101409,747219.999939793,750910.0001127163
700656.0002969045,714409.9995294707,717544.0000045083,721573.9997675476,725749.999820443,726072.0000002028,731563.9998086581,731907.0000371373,733417.0002522616,747219.999939793,750910.0001127163
700656.0002969045,713599.9997352683,714409.9995294707,717544.0000045083,725749.999820443,731563.9998086581,731907.0000371373,733417.0002522616,734046.0000324821,747219.999939793,750910.0001127163
700656.0002969045,713599.9997352683,714409.9995294707,717390.9996848317,717544.0000045083,731563.9998086581,731907.0000371373,733417.0002522616,734046.0000324821,750910.0001127163,755579.0000754043
700656.0002969045,713599.9997352683,714409.9995294707,717390.9996848317,717544.0000045083,727285.0000433937,731563.9998086581,733417.0002522616,738668.0000262257,750910.0001127163,755579.0000754043
700656.0002969045,714409.9995294707,717390.9996848317,717544.0000045083,723772.9999437944,727285.0000433937,728494.9998176994,731563.9998086581,733417.0002522616,750910.0001127163,755579.0000754043
700656.0002969045,714409.9995294707,717544.0000045083,723772.9999437944,727285.0000433937,728494.9998176994,731563.9998086581,733417.0002522616,734942.9997919904,738026.9999682456,750910.0001127163
700656.0002969045,711033.999524897,720920.000009082,723772.9999437944,727285.0000433937,728494.9998176994,731563.9998086581,733417.0002522616,734942.9997919904,738026.9999682456,750910.0001127163
700656.0002969045,711033.999524897,718012.9999481295,720920.000009082,727285.0000433937,731563.9998086581,733417.0002522616,734254.9998133645,734942.9997919904,738026.9999682456,750910.0001127163
700656.0002969045,711033.999524897,716398.9999780147,718012.9999481295,720920.000009082,727285.0000433937,733417.0002522616,734254.9998133645,738026.9999682456,750107.9996226338,750910.0001127163
700656.0002969045,711033.999524897,716398.9999780147,718012.9999481295,720920.000009082,727285.0000433937,734254.9998133645,734717.0001632188,736727.0000572884,750107.9996226338,750910.0001127163
700656.0002969045,711033.999524897,714040.999884664,716398.9999780147,720920.000009082,727285.0000433937,734717.0001632188,736727.0000572884,738226.99987683,750107.9996226338,750910.0001127163
700656.0002969045,711033.999524897,713306.0002122859,714040.999884664,716398.9999780147,727285.0000433937,734717.0001632188,736727.0000572884,738226.99987683,750107.9996226338,758523.9999095125
698566.9997852724,713123.000036529,713306.0002122859,714040.999884664,716398.9999780147,727285.0000433937,734717.0001632188,736727.0000572884,738226.99987683,750107.9996226338,758523.9999095125
698566.9997852724,713123.000036529,713306.0002122859,714040.999884664,714150.0000485413,729533.9999728671,734717.0001632188,736727.0000572884,738226.99987683,750107.9996226338,758523.9999095125
698566.9997852724,713123.000036529,713306.0002122859,714040.999884664,726192.9996579501,729533.9999728671,734717.0001632188,736727.0000572884,738065.000013225,738226.99987683,758523.9999095125
698566.9997852724,713123.000036529,713306.0002122859,714424.9997624657,726192.9996579501,729533.9999728671,734717.0001632188,736727.0000572884,737842.9999990284,738065.000013225,758523.9999095125
698566.9997852724,713090.9999063793,713123.000036529,713306.0002122859,714424.9997624657,729533.9999728671,736727.0000572884,737842.9999990284,738065.000013225,747818.9999147896,758523.9999095125
698566.9997852724,713090.9999063793,713123.000036529,713306.0002122859,714424.9997624657,733000.999939056,734598.0000470361,736727.0000572884,737842.9999990284,747818.9999147896,758523.9999095125
698566.9997852724,713090.9999063793,713123.000036529,714424.9997624657,717390.000092293,733000.999939056,734598.0000470361,736727.0000572884,737842.9999990284,747818.9999147896,754440.0000295055
698566.9997852724,713090.9999063793,713123.000036529,714424.9997624657,717390.000092293,725495.0001486273,733000.999939056,734598.0000470361,737842.9999990284,754440.0000295055,759050.9998234507
698566.9997852724,713090.9999063793,713123.000036529,714424.9997624657,725495.0001486273,733000.999939056,733799.000261284,734598.0000470361,737842.9999990284,738030.9998605145,759050.9998234507
698566.9997852724,713090.9999063793,713123.000036529,714424.9997624657,725495.0001486273,728941.9999633594,733799.000261284,737842.9999990284,738030.9998605145,738657.0000227327,759050.9998234507
698566.9997852724,712882.9999177853,713123.000036529,714424.9997624657,725495.0001486273,728941.9999633594,733799.000261284,737842.9999990284,738030.9998605145,738657.0000227327,759258.9998120447
698566.9997852724,712882.9999177853,713123.000036529,714424.9997624657,719418.0002618239,725495.0001486273,728941.9999633594,737842.9999990284,738657.0000227327,752411.9998599745,759258.9998120447
698566.9997852724,712882.9999177853,713123.000036529,714424.9997624657,719418.0002618239,725495.0001486273,737842.9999990284,738657.0000227327,738942.9999904216,749257.9997849825,752411.9998599745
698566.9997852724,712882.9999177853,713123.000036529,714424.9997624657,717999.0000934328,719418.0002618239,725495.0001486273,737842.9999990284,749257.9997849825,752411.9998599745,759600.9999197214
695163.9995358766,712882.9999177853,714424.9997624657,716526.0002859249,717999.0000934328,719418.0002618239,725495.0001486273,737842.9999990284,749257.9997849825,752411.9998599745,759600.9999197214
695163.9995358766,702084.0000844973,714424.9997624657,716526.0002859249,717999.0000934328,719418.0002618239,736293.9999819153,737842.9999990284,749257.9997849825,752411.9998599745,759600.9999197214
695163.9995358766,702084.0000844973,714370.0001790605,714424.9997624657,716526.0002859249,719418.0002618239,736293.9999819153,741471.9999134007,749257.9997849825,752411.9998599745,759600.9999197214
695163.9995358766,702084.0000844973,714370.0001790605,714955.9999421152,716526.0002859249,719418.0002618239,736293.9999819153,740940.9997337513,749257.9997849825,752411.9998599745,759600.9999197214
695163.9995358766,714370.0001790605,714955.9999421152,716526.0002859249,719418.0002618239,723761.9996908244,736293.9999819153,737923.0003133942,740940.9997337513,749257.9997849825,752411.9998599745
695163.9995358766,714370.0001790605,714955.9999421152,716526.0002859249,719418.0002618239,729179.0001739598,732505.9998302589,736293.9999819153,740940.9997337513,749257.9997849825,752411.9998599745
698375.9997518301,714370.0001790605,714955.9999421152,716206.0000458703,716526.0002859249,729179.0001739598,732505.9998302589,736293.9999819153,740940.9997337513,749257.9997849825,752411.9998599745
698375.9997518301,714370.0001790605,714955.9999421152,716206.0000458703,716526.0002859249,729179.0001739598,735174.9997115936,736293.9999819153,740940.9997337513,746588.9999036478,752411.9998599745
698375.9997518301,714370.0001790605,716206.0000458703,716526.0002859249,718318.9998022038,729179.0001739598,735174.9997115936,736293.9999819153,737577.9998736625,746588.9999036478,752411.9998599745
698375.9997518301,714370.0001790605,715524.9998660228,716526.0002859249,718318.9998022038,729179.0001739598,735174.9997115936,736293.9999819153,737577.9998736625,746588.9999036478,753093.000039822
698375.9997518301,715524.9998660228,716526.0002859249,716991.9996649267,718318.9998022038,729179.0001739598,732553.0002257274,736293.9999819153,737577.9998736625,746588.9999036478,753093.000039822
698375.9997518301,713481.9999892961,715524.9998660228,716526.0002859249,718318.9998022038,732553.0002257274,732688.9998495904,736293.9999819153,737577.9998736625,746588.9999036478,753093.000039822
700539.9999298424,713360.9996880105,713481.9999892961,716526.0002859249,718318.9998022038,732553.0002257274,732688.9998495904,736293.9999819153,737577.9998736625,746588.9999036478,753093.000039822
700539.9999298424,713360.9996880105,716526.0002859249,718318.9998022038,725386.0002765794,732553.0002257274,732688.9998495904,734684.9996163645,736293.9999819153,737577.9998736625,753093.000039822
700539.9999298424,713360.9996880105,716526.0002859249,718318.9998022038,724690.0000816317,725386.0002765794,732688.9998495904,734684.9996163645,736293.9999819153,745441.0000177582,753093.000039822
700539.9999298424,716526.0002859249,718318.9998022038,724690.0000816317,725338.0000726659,725386.0002765794,732688.9998495904,734684.9996163645,736293.9999819153,741115.9996551666,745441.0000177582
700539.9999298424,716526.0002859249,718318.9998022038,720354.9998887551,725338.0000726659,725386.0002765794,732688.9998495904,734684.9996163645,736293.9999819153,741115.9996551666,749776.0002106347
700539.9999298424,716526.0002859249,718318.9998022038,725338.0000726659,725386.0002765794,728221.0000991261,732688.9998495904,734684.9996163645,736293.9999819153,741115.9996551666,741910.0000002637
700539.9999298424,718318.9998022038,724686.0002975925,725338.0000726659,725386.0002765794,728221.0000991261,732688.9998495904,732955.999643499,734684.9996163645,736293.9999819153,741910.0000002637
700539.9999298424,718318.9998022038,724686.0002975925,725338.0000726659,725386.0002765794,727873.9999859941,728221.0000991261,732955.999643499,736293.9999819153,739499.9994799608,741910.0000002637
700539.9999298424,718318.9998022038,724686.0002975925,725338.0000726659,725386.0002765794,728221.0000991261,730531.99957359,732955.999643499,736293.9999819153,736841.9998923648,741910.0000002637
700539.9999298424,713987.9999847176,718318.9998022038,724686.0002975925,725338.0000726659,725386.0002765794,730531.99957359,732955.999643499,736293.9999819153,741910.0000002637,751075.0000067735
711590.0000323318,713987.9999847176,714287.9999701765,718318.9998022038,724686.0002975925,725386.0002765794,730531.99957359,732955.999643499,736293.9999819153,741910.0000002637,751075.0000067735
711590.0000323318,714287.9999701765,718318.9998022038,720913.9998870676,723605.99967124,724686.0002975925,725386.0002765794,732955.999643499,736293.9999819153,741910.0000002637,751075.0000067735
701828.0005362043,711590.0000323318,718318.9998022038,720913.9998870676,723605.99967124,725386.0002765794,732955.999643499,736293.9999819153,737145.9997315647,741910.0000002637,751075.0000067735
711590.0000323318,714613.9996121285,718318.9998022038,720170.0005675749,720913.9998870676,723605.99967124,725386.0002765794,736293.9999819153,737145.9997315647,741910.0000002637,751075.0000067735
711590.0000323318,714613.9996121285,718318.9998022038,720170.0005675749,720913.9998870676,723605.99967124,725386.0002765794,734458.9999387634,736293.9999819153,737145.9997315647,758526.0000682737
707929.9999475853,711590.0000323318,714613.9996121285,718318.9998022038,720170.0005675749,723605.99967124,734458.9999387634,736293.9999819153,737145.9997315647,738370.0002160617,758526.0000682737
707929.9999475853,711590.0000323318,714575.9999774614,718318.9998022038,720170.0005675749,723605.99967124,734496.9995734305,736293.9999819153,737145.9997315647,738370.0002160617,758526.0000682737
707929.9999475853,711590.0000323318,718318.9998022038,720170.0005675749,723605.99967124,727218.0000658778,734496.9995734305,736293.9999819153,737145.9997315647,738370.0002160617,745883.9999798574
711590.0000323318,714831.9998446413,718318.9998022038,720170.0005675749,720316.0001688218,723605.99967124,734496.9995734305,736293.9999819153,737145.9997315647,738370.0002160617,745883.9999798574
707186.9999128701,711590.0000323318,718318.9998022038,720170.0005675749,720316.0001688218,731250.9996030112,734496.9995734305,736293.9999819153,737145.9997315647,738370.0002160617,745883.9999798574
707186.9999128701,711590.0000323318,718318.9998022038,720170.0005675749,728575.999975225,731250.9996030112,734496.9995734305,736293.9999819153,737145.9997315647,737624.0001734542,738370.0002160617
707186.9999128701,711590.0000323318,714528.000171527,718318.9998022038,720170.0005675749,731250.9996030112,734496.9995734305,736293.9999819153,737145.9997315647,738370.0002160617,751671.9999771521
711590.0000323318,712721.999691944,714528.000171527,718318.9998022038,720170.0005675749,725715.9998239373,734496.9995734305,736293.9999819153,737145.9997315647,738370.0002160617,751671.9999771521
711590.0000323318,712721.999691944,714528.000171527,718318.9998022038,720170.0005675749,725715.9998239373,734391.9995845206,736293.9999819153,737145.9997315647,738370.0002160617,751776.999966062
711590.0000323318,712721.999691944,713829.9995317599,714528.000171527,718318.9998022038,720170.0005675749,725715.9998239373,734391.9995845206,737145.9997315647,751776.999966062,760834.0006662173
707277.0000272597,712721.999691944,713829.9995317599,718318.9998022038,718841.0001765991,720170.0005675749,725715.9998239373,734391.9995845206,737145.9997315647,751776.999966062,760834.0006662173
707277.0000272597,712721.999691944,713624.9999527129,718318.9998022038,718841.0001765991,720170.0005675749,725715.9998239373,734391.9995845206,737145.9997315647,751776.999966062,761039.0002452643
707277.0000272597,713624.9999527129,718318.9998022038,718841.0001765991,720170.0005675749,720513.9996971465,725715.9998239373,734391.9995845206,737145.9997315647,751776.999966062,753247.0002400617
707277.0000272597,713624.9999527129,716258.9999809586,718318.9998022038,720170.0005675749,720513.9996971465,728298.0000195778,734391.9995845206,737145.9997315647,751776.999966062,753247.0002400617
707277.0000272597,713624.9999527129,715316.9995859466,716258.9999809586,718318.9998022038,720170.0005675749,720513.9996971465,737145.9997315647,747373.0000181518,751776.999966062,753247.0002400617
707277.0000272597,713624.9999527129,715316.9995859466,716258.9999809586,720170.0005675749,720513.9996971465,732195.0000759865,737145.9997315647,737900.9996922794,747373.0000181518,753247.0002400617
695128.9998526596,707277.0000272597,715316.9995859466,716258.9999809586,720170.0005675749,732195.0000759865,737145.9997315647,737900.9996922794,739009.9997971997,747373.0000181518,753247.0002400617
695128.9998526596,715316.9995859466,716258.9999809586,720170.0005675749,722148.0000313637,732195.0000759865,732502.0000140478,737145.9997315647,737900.9996922794,739009.9997971997,753247.0002400617
695128.9998526596,697443.9998342427,716258.9999809586,720170.0005675749,732195.0000759865,732502.0000140478,737145.9997315647,737900.9996922794,739009.9997971997,740020.9997830675,753247.0002400617
695128.9998526596,714516.9997125835,716258.9999809586,720170.0005675749,722947.9999047267,732195.0000759865,732502.0000140478,737145.9997315647,737900.9996922794,739009.9997971997,753247.0002400617
695128.9998526596,699340.9995300473,716258.9999809586,720170.0005675749,732195.0000759865,732502.0000140478,737145.9997315647,737900.9996922794,738124.000087263,739009.9997971997,753247.0002400617
695128.9998526596,699340.9995300473,716258.9999809586,720170.0005675749,724858.0000892045,732502.0000140478,737145.9997315647,738124.000087263,739009.9997971997,745237.9996790614,753247.0002400617
695128.9998526596,699340.9995300473,715663.9998795997,720170.0005675749,724858.0000892045,733097.0001154068,737145.9997315647,738124.000087263,739009.9997971997,745237.9996790614,753247.0002400617
695128.9998526596,695366.9997944268,715663.9998795997,724144.0003031953,724858.0000892045,733097.0001154068,737145.9997315647,738124.000087263,739009.9997971997,745237.9996790614,753247.0002400617
695366.9997944268,715663.9998795997,715905.0001424655,718233.9995073939,724144.0003031953,724858.0000892045,733097.0001154068,737145.9997315647,738124.000087263,745237.9996790614,753247.0002400617
695366.9997944268,715663.9998795997,715905.0001424655,724144.0003031953,724858.0000892045,728801.9996961869,733097.0001154068,737145.9997315647,738124.000087263,742679.0000512687,745237.9996790614
714471.9998586064,715663.9998795997,715905.0001424655,718040.9996673851,724144.0003031953,724858.0000892045,728801.9996961869,733097.0001154068,738124.000087263,742679.0000512687,745237.9996790614
715663.9998795997,715905.0001424655,718040.9996673851,719783.9998171609,724144.0003031953,724858.0000892045,728801.9996961869,732812.0001287084,733097.0001154068,742679.0000512687,745237.9996790614
715905.0001424655,718040.9996673851,719783.9998171609,723868.0000078994,724144.0003031953,724858.0000892045,724892.9999871071,728801.9996961869,732812.0001287084,742679.0000512687,745237.9996790614
709141.0000262967,715905.0001424655,718040.9996673851,719783.9998171609,724144.0003031953,724892.9999871071,728801.9996961869,732812.0001287084,739585.0000708072,742679.0000512687,745237.9996790614
715023.0001221558,715905.0001424655,718040.9996673851,719010.9998912481,719783.9998171609,724144.0003031953,728801.9996961869,732812.0001287084,739585.0000708072,742679.0000512687,745237.9996790614
701808.9999107663,715023.0001221558,715905.0001424655,719010.9998912481,719783.9998171609,728801.9996961869,732812.0001287084,739585.0000708072,740376.0000598142,742679.0000512687,745237.9996790614
701808.9999107663,715905.0001424655,719010.9998912481,719783.9998171609,721824.9997180798,722000.0001002628,732812.0001287084,739585.0000708072,740376.0000598142,742679.0000512687,745237.9996790614
701808.9999107663,712208.9999976752,715905.0001424655,719783.9998171609,721824.9997180798,728801.9999938358,732812.0001287084,739585.0000708072,740376.0000598142,742679.0000512687,745237.9996790614
701808.9999107663,712208.9999976752,715905.0001424655,718642.9998180212,721824.9997180798,728801.9999938358,732812.0001287084,740376.0000598142,740726.0000699469,742679.0000512687,745237.9996790614
701808.9999107663,712208.9999976752,713131.9999808425,715905.0001424655,718642.9998180212,721824.9997180798,732812.0001287084,740376.0000598142,740726.0000699469,745237.9996790614,758349.0000642621
701808.9999107663,712208.9999976752,713131.9999808425,715905.0001424655,718642.9998180212,729729.9995590523,732812.0001287084,740376.0000598142,740726.0000699469,745237.9996790614,750444.0002232896
712208.9999976752,713131.9999808425,715260.0001631996,715905.0001424655,718642.9998180212,726924.9998073808,729729.9995590523,732812.0001287084,740726.0000699469,745237.9996790614,750444.0002232896
712208.9999976752,715260.0001631996,715905.0001424655,718642.9998180212,719702.9999219035,723158.9996179913,726924.9998073808,732812.0001287084,740726.0000699469,745237.9996790614,750444.0002232896
712208.9999976752,715260.0001631996,715905.0001424655,718642.9998180212,723158.9996179913,724978.0002832593,726924.9998073808,732812.0001287084,740726.0000699469,745168.9998619338,745237.9996790614
711880.0000778467,712208.9999976752,715905.0001424655,718642.9998180212,723158.9996179913,724978.0002832593,730304.9998927338,732812.0001287084,740726.0000699469,745168.9998619338,745237.9996790614
711880.0000778467,712208.9999976752,715905.0001424655,723158.9996179913,724022.9998457326,724924.9998650224,724978.0002832593,732812.0001287084,740726.0000699469,745168.9998619338,745237.9996790614
711880.0000778467,712208.9999976752,715905.0001424655,722454.9999701084,724022.9998457326,724924.9998650224,724978.0002832593,732812.0001287084,740726.0000699469,745237.9996790614,745872.9995098166
711880.0000778467,713453.0000026484,715905.0001424655,722454.9999701084,724022.9998457326,724924.9998650224,724978.0002832593,732812.0001287084,740726.0000699469,743993.9996740881,745872.9995098166
711880.0000778467,715905.0001424655,722454.9999701084,722834.0000650538,724022.9998457326,724924.9998650224,724978.0002832593,731345.0000075415,732812.0001287084,743993.9996740881,745872.9995098166
711880.0000778467,714601.9999005458,715905.0001424655,722454.9999701084,724022.9998457326,724924.9998650224,724978.0002832593,731345.0000075415,732812.0001287084,745872.9995098166,752225.9998385961
711880.0000778467,714601.9999005458,714858.9999298386,715905.0001424655,722454.9999701084,724924.9998650224,724978.0002832593,732812.0001287084,740508.9999234355,745872.9995098166,752225.9998385961
711880.0000778467,714601.9999005458,714858.9999298386,715905.0001424655,721219.9999180359,722454.9999701084,724978.0002832593,732812.0001287084,744213.9998704218,745872.9995098166,752225.9998385961
711880.0000778467,714601.9999005458,715905.0001424655,720822.0000322579,721219.9999180359,722454.9999701084,724978.0002832593,726849.0000262891,744213.9998704218,745872.9995098166,752225.9998385961
710224.9999935953,711880.0000778467,714601.9999005458,715905.0001424655,721219.9999180359,722454.9999701084,724978.0002832593,737446.0000649517,744213.9998704218,745872.9995098166,752225.9998385961
710224.9999935953,711880.0000778467,714601.9999005458,715905.0001424655,719681.0002161532,721219.9999180359,722454.9999701084,724978.0002832593,745872.9995098166,752225.9998385961,761978.9997192203
710224.9999935953,711880.0000778467,712458.9999747499,714601.9999005458,715905.0001424655,719681.0002161532,721219.9999180359,734974.0002786178,745872.9995098166,752225.9998385961,761978.9997192203
711880.0000778467,712458.9999747499,714601.9999005458,715905.0001424655,719681.0002161532,721219.9999180359,731115.9999691503,731334.9998630411,734974.0002786178,745872.9995098166,761978.9997192203
711880.0000778467,712458.9999747499,714601.9999005458,715905.0001424655,720838.0002621174,721219.9999180359,731115.9999691503,731334.9998630411,733817.0002326537,745872.9995098166,761978.9997192203
711880.0000778467,712458.9999747499,714601.9999005458,715905.0001424655,720838.0002621174,721219.9999180359,724989.9998258417,733817.0002326537,737461.0000063495,745872.9995098166,761978.9997192203
711880.0000778467,712458.9999747499,713000.9998451436,714601.9999005458,715905.0001424655,720838.0002621174,721219.9999180359,733817.0002326537,745872.9995098166,749449.9999870476,761978.9997192203
695430.9999946068,711880.0000778467,712458.9999747499,715905.0001424655,720838.0002621174,721219.9999180359,732171.9997510826,733817.0002326537,745872.9995098166,749449.9999870476,761978.9997192203
711586.9999717791,711880.0000778467,712458.9999747499,715905.0001424655,716015.9997739104,720838.0002621174,721219.9999180359,733817.0002326537,745872.9995098166,749449.9999870476,761978.9997192203
711586.9999717791,712083.9998955764,712458.9999747499,715905.0001424655,716015.9997739104,720838.0002621174,721016.0001003062,733817.0002326537,745872.9995098166,749449.9999870476,761978.9997192203
711586.9999717791,712083.9998955764,712458.9999747499,715905.0001424655,720759.9997739315,720838.0002621174,721016.0001003062,733817.0002326537,744705.9999870266,745872.9995098166,761978.9997192203
695219.9999460126,712083.9998955764,712458.9999747499,715905.0001424655,720838.0002621174,721016.0001003062,733817.0002326537,737126.9997996979,744705.9999870266,745872.9995098166,761978.9997192203
695219.9999460126,712083.9998955764,712458.9999747499,715905.0001424655,720838.0002621174,727371.0002605768,727462.0000723831,737126.9997996979,744705.9999870266,745872.9995098166,761978.9997192203
695219.9999460126,712083.9998955764,713160.0000347705,715905.0001424655,720137.0002020968,727371.0002605768,727462.0000723831,737126.9997996979,744705.9999870266,745872.9995098166,761978.9997192203
695219.9999460126,712083.9998955764,713160.0000347705,715905.0001424655,720137.0002020968,727462.0000723831,728386.000145114,737126.9997996979,744705.9999870266,745872.9995098166,760963.999834683
712083.9998955764,713160.0000347705,715905.0001424655,720137.0002020968,724195.9998065089,727462.0000723831,728386.000145114,731987.9999741868,737126.9997996979,744705.9999870266,745872.9995098166
712083.9998955764,713160.0000347705,715905.0001424655,720137.0002020968,724195.9998065089,726354.9998397385,727462.0000723831,728386.000145114,731987.9999741868,745872.9995098166,755477.999946986
712083.9998955764,715905.0001424655,716171.0001440579,720137.0002020968,724195.9998065089,725375.0000358266,726354.9998397385,727462.0000723831,731987.9999741868,745872.9995098166,755477.999946986
701370.9999971363,712083.9998955764,715905.0001424655,720137.0002020968,725375.0000358266,726354.9998397385,727462.0000723831,731987.9999741868,738995.9999534305,745872.9995098166,755477.999946986
701370.9999971363,712083.9998955764,715905.0001424655,719418.0000424669,720137.0002020968,725375.0000358266,727462.0000723831,738924.9997714583,738995.9999534305,745872.9995098166,755477.999946986
701370.9999971363,712083.9998955764,715786.0003689767,719418.0000424669,720137.0002020968,725375.0000358266,727462.0000723831,738924.9997714583,738995.9999534305,745991.9992833054,755477.999946986
701370.9999971363,712083.9998955764,715786.0003689767,719187.9999353102,720137.0002020968,725375.0000358266,727462.0000723831,738995.9999534305,739154.999878615,745991.9992833054,755477.999946986
700237.0002957386,701370.9999971363,715786.0003689767,719187.9999353102,720137.0002020968,725375.0000358266,738995.9999534305,739154.999878615,739308.9996722209,745991.9992833054,755477.999946986
699346.0000175219,700237.0002957386,715786.0003689767,720137.0002020968,721212.9999149246,725375.0000358266,738995.9999534305,739154.999878615,739308.9996722209,745991.9992833054,755477.999946986
699346.0000175219,700237.0002957386,720137.0002020968,721212.9999149246,721229.9994972015,725375.0000358266,738995.9999534305,739154.999878615,739308.9996722209,740548.0001550806,755477.999946986
699346.0000175219,714983.0000600019,720137.0002020968,721212.9999149246,721229.9994972015,724562.9999079576,725375.0000358266,738995.9999534305,739154.999878615,740548.0001550806,755477.999946986
699346.0000175219,714983.0000600019,716301.999475136,720137.0002020968,721212.9999149246,724562.9999079576,725375.0000358266,738995.9999534305,739154.999878615,745476.000177146,755477.999946986
697045.0000412879,714983.0000600019,716301.999475136,720137.0002020968,721212.9999149246,724562.9999079576,727676.0000120606,738995.9999534305,739154.999878615,745476.000177146,755477.999946986
697045.0000412879,715553.9997388229,716301.999475136,720137.0002020968,721212.9999149246,723992.0002291366,727676.0000120606,738995.9999534305,739154.999878615,745476.000177146,755477.999946986
697045.0000412879,715553.9997388229,716301.999475136,720032.000301382,720137.0002020968,721212.9999149246,731635.9999398151,738995.9999534305,739154.999878615,745476.000177146,755477.999946986
697045.0000412879,715494.0002909617,715553.9997388229,716301.999475136,720137.0002020968,721212.9999149246,736173.9999502355,738995.9999534305,739154.999878615,745476.000177146,755477.999946986
697045.0000412879,713806.9998579487,715494.0002909617,715553.9997388229,721212.9999149246,722631.9998192841,736173.9999502355,738995.9999534305,739154.999878615,745476.000177146,755477.999946986
697045.0000412879,713806.9998579487,715494.0002909617,715553.9997388229,721212.9999149246,722631.9998192841,735913.9998672924,739154.999878615,739256.0000363735,745476.000177146,755477.999946986
697045.0000412879,713806.9998579487,715494.0002909617,715553.9997388229,721212.9999149246,733470.0005898692,734637.9994065609,735913.9998672924,739154.999878615,739256.0000363735,755477.999946986
697045.0000412879,713806.9998579487,715494.0002909617,715553.9997388229,721212.9999149246,731834.0003160153,735913.9998672924,736273.9996804148,739154.999878615,739256.0000363735,755477.999946986
697045.0000412879,713806.9998579487,715494.0002909617,715553.9997388229,721212.9999149246,727028.9998484992,731834.0003160153,736273.9996804148,739154.999878615,748141.0000551667,755477.999946986
697045.0000412879,713806.9998579487,715494.0002909617,715553.9997388229,721212.9999149246,723116.9999367719,731834.0003160153,736273.9996804148,739154.999878615,748141.0000551667,759389.9998587132
697045.0000412879,713806.9998579487,715352.9998815787,715494.0002909617,715553.9997388229,723116.9999367719,731834.0003160153,736273.9996804148,739154.999878615,754001.0000885125,759389.9998587132
697045.0000412879,713806.9998579487,715494.0002909617,715553.9997388229,718534.9997045989,723116.9999367719,731834.0003160153,735973.0000555948,736273.9996804148,754001.0000885125,759389.9998587132
697045.0000412879,713759.9999956763,713806.9998579487,715494.0002909617,715553.9997388229,718534.9997045989,723116.9999367719,735973.0000555948,754001.0000885125,754348.0000007539,759389.9998587132
697045.0000412879,713759.9999956763,715494.0002909617,715553.9997388229,717160.9996776156,718534.9997045989,723116.9999367719,735973.0000555948,750994.0001810871,754001.0000885125,759389.9998587132
697045.0000412879,700971.9999335844,715494.0002909617,715553.9997388229,718534.9997045989,723116.9999367719,729948.9997397076,735973.0000555948,750994.0001810871,754001.0000885125,759389.9998587132
697845.9997517697,700971.9999335844,715494.0002909617,715553.9997388229,718534.9997045989,723116.9999367719,729148.0000292257,735973.0000555948,750994.0001810871,754001.0000885125,759389.9998587132
697845.9997517697,700971.9999335844,715494.0002909617,715553.9997388229,718229.9998789864,723116.9999367719,729148.0000292257,736277.9998812074,750994.0001810871,754001.0000885125,759389.9998587132
697845.9997517697,700971.9999335844,715553.9997388229,716888.0000517367,718229.9998789864,723116.9999367719,729148.0000292257,736277.9998812074,750994.0001810871,752607.0003277375,759389.9998587132
697845.9997517697,712737.0003685803,715553.9997388229,716888.0000517367,717382.9995942297,718229.9998789864,723116.9999367719,736277.9998812074,750994.0001810871,752607.0003277375,759389.9998587132
697845.9997517697,712737.0003685803,715553.9997388229,717382.9995942297,717951.999687592,718229.9998789864,723116.9999367719,736277.9998812074,750994.0001810871,752607.0003277375,758326.0002228579
693072.9999952038,712737.0003685803,715553.9997388229,717382.9995942297,717951.999687592,718229.9998789864,727889.9996933378,736277.9998812074,750994.0001810871,752607.0003277375,758326.0002228579
712737.0003685803,715553.9997388229,717382.9995942297,717951.999687592,718229.9998789864,721643.0002376266,727889.9996933378,729755.9999804351,736277.9998812074,750994.0001810871,752607.0003277375
712737.0003685803,715553.9997388229,717951.999687592,718229.9998789864,721643.0002376266,726551.0001570315,727889.9996933378,729755.9999804351,736277.9998812074,741825.9996182853,752607.0003277375
712737.0003685803,715553.9997388229,717951.999687592,718229.9998789864,718529.9992795604,721643.0002376266,726551.0001570315,729755.9999804351,736277.9998812074,751186.0000320628,752607.0003277375
712737.0003685803,715553.9997388229,717951.999687592,718229.9998789864,718529.9992795604,718723.9999985124,721643.0002376266,726551.0001570315,747309.99986313,751186.0000320628,752607.0003277375
695323.999986155,712737.0003685803,715553.9997388229,717951.999687592,718529.9992795604,721643.0002376266,726551.0001570315,741629.9998913439,747309.99986313,751186.0000320628,752607.0003277375
695323.999986155,712737.0003685803,715553.9997388229,716375.0001152484,718529.9992795604,723219.9998099703,726551.0001570315,741629.9998913439,747309.99986313,751186.0000320628,752607.0003277375
703811.9998987959,712737.0003685803,715553.9997388229,716375.0001152484,718529.9992795604,723219.9998099703,726551.0001570315,733141.999978703,747309.99986313,751186.0000320628,752607.0003277375
703811.9998987959,712737.0003685803,715553.9997388229,718529.9992795604,723219.9998099703,726551.0001570315,732785.0002341823,733141.999978703,736197.0002088036,747309.99986313,751186.0000320628
703811.9998987959,706262.999570622,712737.0003685803,715553.9997388229,723219.9998099703,732785.0002341823,733141.999978703,736197.0002088036,738817.9998659699,747309.99986313,751186.0000320628
706262.999570622,707113.9999775577,712737.0003685803,715553.9997388229,723219.9998099703,729839.9998999411,732785.0002341823,736197.0002088036,738817.9998659699,747309.99986313,751186.0000320628
706262.999570622,707113.9999775577,712737.0003685803,715553.9997388229,718570.0004026704,723219.9998099703,729839.9998999411,738817.9998659699,747309.99986313,750412.0000403156,751186.0000320628
706262.999570622,707113.9999775577,712737.0003685803,715553.9997388229,718570.0004026704,723219.9998099703,738817.9998659699,740457.0000183673,740568.9999136366,747309.99986313,750412.0000403156
706262.999570622,712737.0003685803,714275.000018565,715553.9997388229,718570.0004026704,723219.9998099703,733407.9998726293,738817.9998659699,740457.0000183673,747309.99986313,750412.0000403156
712737.0003685803,714275.000018565,715553.9997388229,718570.0004026704,722975.9998929442,723219.9998099703,723743.999696045,733407.9998726293,738817.9998659699,747309.99986313,750412.0000403156
712737.0003685803,714275.000018565,716666.0000449338,717458.0000965595,722975.9998929442,723219.9998099703,723743.999696045,733407.9998726293,738817.9998659699,747309.99986313,750412.0000403156
712737.0003685803,714275.000018565,716666.0000449338,717458.0000965595,723219.9998099703,723743.999696045,729634.9997495086,732159.0000094055,733407.9998726293,747309.99986313,750412.0000403156
714275.000018565,716666.0000449338,717458.0000965595,719757.0003593795,722614.9997587095,723219.9998099703,723743.999696045,732159.0000094055,733407.9998726293,747309.99986313,750412.0000403156
713934.999852882,716666.0000449338,717458.0000965595,719757.0003593795,722614.9997587095,723219.9998099703,723743.999696045,732159.0000094055,733748.0000383123,747309.99986313,750412.0000403156
711449.0002722468,713934.999852882,719757.0003593795,722614.9997587095,722674.9998692465,723219.9998099703,723743.999696045,732159.0000094055,733748.0000383123,747309.99986313,750412.0000403156
711449.0002722468,713934.999852882,719757.0003593795,722614.9997587095,722674.9998692465,723219.9998099703,723743.999696045,732159.0000094055,739465.999861424,741592.0000400183,750412.0000403156
711449.0002722468,713934.999852882,719757.0003593795,722614.9997587095,723219.9998099703,723743.999696045,732159.0000094055,735213.000034297,737873.999875265,739465.999861424,741592.0000400183
711449.0002722468,713934.999852882,719757.0003593795,722614.9997587095,723219.9998099703,723246.9994722262,732656.0002332244,735213.000034297,737873.999875265,739465.999861424,741592.0000400183
711449.0002722468,713934.999852882,714304.9998649263,719757.0003593795,722614.9997587095,723219.9998099703,735213.000034297,737873.999875265,739465.999861424,741592.0000400183,741597.9998405243
711449.0002722468,714304.9998649263,714582.9997952033,719757.0003593795,722571.9998676489,722614.9997587095,735213.000034297,737873.999875265,739465.999861424,741592.0000400183,741597.9998405243
714304.9998649263,714582.9997952033,715368.0000877153,719757.0003593795,722571.9998676489,722614.9997587095,731294.0002188284,737873.999875265,739465.999861424,741592.0000400183,741597.9998405243
696288.0000581692,714304.9998649263,714582.9997952033,719757.0003593795,722614.9997587095,731294.0002188284,737873.999875265,739465.999861424,741592.0000400183,741597.9998405243,741651.999897195
706397.0003865608,714304.9998649263,714582.9997952033,719757.0003593795,722614.9997587095,727764.9995468735,731294.0002188284,739465.999861424,741592.0000400183,741597.9998405243,741651.999897195
699001.0001446753,714304.9998649263,714582.9997952033,719757.0003593795,722614.9997587095,731294.0002188284,735160.999788759,739465.999861424,741592.0000400183,741597.9998405243,741651.999897195
699001.0001446753,714582.9997952033,719757.0003593795,720787.9996781803,722614.9997587095,731294.0002188284,735115.0000272703,735160.999788759,739465.999861424,741592.0000400183,741651.999897195
699001.0001446753,712966.9999040143,714582.9997952033,720787.9996781803,722614.9997587095,731294.0002188284,735115.0000272703,735160.999788759,739465.999861424,741592.0000400183,748442.0003525602
699001.0001446753,714582.9997952033,716613.0003605867,720787.9996781803,722614.9997587095,731294.0002188284,735115.0000272703,735160.999788759,739465.999861424,741592.0000400183,744795.9998959878
699001.0001446753,713470.0003573333,714582.9997952033,720787.9996781803,722614.9997587095,731294.0002188284,735115.0000272703,735160.999788759,739465.999861424,741592.0000400183,747938.9998992411
699001.0001446753,714426.999567736,714582.9997952033,719831.0004677776,722614.9997587095,731294.0002188284,735115.0000272703,735160.999788759,739465.999861424,741592.0000400183,747938.9998992411
699001.0001446753,714426.999567736,714582.9997952033,719831.0004677776,722614.9997587095,731294.0002188284,735115.0000272703,735160.999788759,739147.9998707873,741910.0000306551,747938.9998992411
699001.0001446753,714426.999567736,715061.999901048,719831.0004677776,722614.9997587095,731294.0002188284,735115.0000272703,735160.999788759,739147.9998707873,741910.0000306551,747459.9997933964
705196.999286578,714426.999567736,715061.999901048,719831.0004677776,722614.9997587095,728965.0006468563,731294.0002188284,735115.0000272703,739147.9998707873,741910.0000306551,747459.9997933964
705196.999286578,714426.999567736,719831.0004677776,721543.9999376489,722614.9997587095,724812.0001822276,728965.0006468563,735115.0000272703,739147.9998707873,741910.0000306551,747459.9997933964
705196.999286578,705262.0003316535,714426.999567736,721543.9999376489,724812.0001822276,728965.0006468563,735115.0000272703,737183.9998948335,739147.9998707873,741910.0000306551,747459.9997933964
705196.999286578,705262.0003316535,717082.9995903808,721543.9999376489,724812.0001822276,728965.0006468563,732459.0000046255,737183.9998948335,739147.9998707873,741910.0000306551,747459.9997933964
705196.999286578,705262.0003316535,715560.999927757,717082.9995903808,721543.9999376489,724812.0001822276,728965.0006468563,739147.9998707873,741910.0000306551,747459.9997933964,754081.9999717021
705196.999286578,713958.0001733929,715560.999927757,716116.0003404882,717082.9995903808,721543.9999376489,728965.0006468563,739147.9998707873,741910.0000306551,747459.9997933964,754081.9999717021
705196.999286578,713958.0001733929,716116.0003404882,717082.9995903808,717665.999761434,721543.9999376489,728965.0006468563,739147.9998707873,741910.0000306551,747459.9997933964,751977.0001380253
705196.999286578,713958.0001733929,716116.0003404882,717082.9995903808,717665.999761434,720609.9998390358,728965.0006468563,740081.9999694002,741910.0000306551,747459.9997933964,751977.0001380253
705196.999286578,711840.0006188476,716116.0003404882,717082.9995903808,717665.999761434,720609.9998390358,731083.0002014016,740081.9999694002,741910.0000306551,747459.9997933964,751977.0001380253
705196.999286578,711840.0006188476,713101.0000502031,716116.0003404882,717665.999761434,720609.9998390358,731083.0002014016,740081.9999694002,745891.9995708328,747459.9997933964,751977.0001380253
705196.999286578,713101.0000502031,715396.9999585703,716116.0003404882,717665.999761434,720609.9998390358,731083.0002014016,736525.0006296774,745891.9995708328,747459.9997933964,751977.0001380253
705196.999286578,713987.9998889316,715396.9999585703,716116.0003404882,717665.999761434,719723.0000003072,731083.0002014016,736525.0006296774,745891.9995708328,747459.9997933964,751977.0001380253
702283.999978332,705196.999286578,716116.0003404882,717665.999761434,719723.0000003072,727100.99986917,731083.0002014016,736525.0006296774,745891.9995708328,747459.9997933964,751977.0001380253
693144.9998888609,705196.999286578,716116.0003404882,717665.999761434,727100.99986917,728862.0000897783,731083.0002014016,736525.0006296774,745891.9995708328,747459.9997933964,751977.0001380253
703934.9999055669,705196.999286578,716116.0003404882,716310.999852464,717665.999761434,728862.0000897783,731083.0002014016,736525.0006296774,745891.9995708328,747459.9997933964,751977.0001380253
703934.9999055669,705196.999286578,716116.0003404882,716310.999852464,717245.9996175721,717665.999761434,731083.0002014016,736525.0006296774,747459.9997933964,751977.0001380253,757508.0000430391
703934.9999055669,705196.999286578,713672.9995535162,716116.0003404882,716310.999852464,717665.999761434,731083.0002014016,736525.0006296774,747459.9997933964,751977.0001380253,761081.000107095
703934.9999055669,713672.9995535162,713774.0002608218,716116.0003404882,716310.999852464,717665.999761434,727947.9996554337,731083.0002014016,747459.9997933964,751977.0001380253,761081.000107095
703934.9999055669,713672.9995535162,716116.0003404882,716117.9994120919,716310.999852464,717665.999761434,725604.0005041636,731083.0002014016,747459.9997933964,751977.0001380253,761081.000107095
703934.9999055669,705596.9999628055,716117.9994120919,716310.999852464,717665.999761434,724191.9999311988,725604.0005041636,731083.0002014016,747459.9997933964,751977.0001380253,761081.000107095
703934.9999055669,705596.9999628055,712884.9999235622,716310.999852464,717665.999761434,724191.9999311988,725604.0005041636,734315.9996899314,747459.9997933964,751977.0001380253,761081.000107095
703934.9999055669,705596.9999628055,715015.9999624477,716310.999852464,717665.999761434,723473.000465278,724191.9999311988,734315.9996899314,747459.9997933964,751977.0001380253,761081.000107095
703934.9999055669,705596.9999628055,716310.999852464,717665.999761434,722859.999819114,723473.000465278,724191.9999311988,726471.9998332651,747459.9997933964,751977.0001380253,761081.000107095
703934.9999055669,705596.9999628055,717665.999761434,722859.999819114,723473.000465278,724191.9999311988,726471.9998332651,737214.9998587313,740177.0001008277,747459.9997933964,751977.0001380253
705596.9999628055,707899.9998916611,717665.999761434,722859.999819114,723473.000465278,724191.9999311988,726471.9998332651,733249.9998726371,740177.0001008277,747459.9997933964,751977.0001380253
705596.9999628055,707899.9998916611,717665.999761434,720160.0001003284,722859.999819114,724191.9999311988,729785.0001982148,733249.9998726371,740177.0001008277,747459.9997933964,751977.0001380253
705596.9999628055,707899.9998916611,720160.0001003284,722859.999819114,724191.9999311988,729785.0001982148,732756.9996971131,733249.9998726371,736886.0002023462,740177.0001008277,747459.9997933964
705596.9999628055,707899.9998916611,715665.0001036265,720160.0001003284,724191.9999311988,729785.0001982148,732756.9996971131,733249.9998726371,736886.0002023462,747371.9998163151,747459.9997933964
705596.9999628055,707899.9998916611,715665.0001036265,723679.0000111816,724191.9999311988,726266.0002873616,732756.9996971131,733249.9998726371,736886.0002023462,747371.9998163151,747459.9997933964
705596.9999628055,707899.9998916611,712850.9999945305,723679.0000111816,724191.9999311988,726266.0002873616,732756.9996971131,733249.9998726371,736886.0002023462,747371.9998163151,750273.9999024925
705596.9999628055,707899.9998916611,712850.9999945305,713878.0002002124,723679.0000111816,726266.0002873616,732756.9996971131,733249.9998726371,747199.9999333327,747371.9998163151,750273.9999024925
705596.9999628055,712850.9999945305,713878.0002002124,715936.9999155437,723679.0000111816,725212.9998487545,726266.0002873616,732756.9996971131,747199.9999333327,747371.9998163151,750273.9999024925
705596.9999628055,712850.9999945305,715936.9999155437,718855.9997951166,723679.0000111816,725212.9998487545,726266.0002873616,727779.0001022088,747199.9999333327,747371.9998163151,750273.9999024925
705596.9999628055,715936.9999155437,718855.9997951166,723679.0000111816,724204.0001275853,725212.9998487545,726266.0002873616,727779.0001022088,738920.9997694377,747199.9999333327,747371.9998163151
705596.9999628055,718855.9997951166,719963.9997573534,721186.0000069448,723679.0000111816,724204.0001275853,726266.0002873616,727779.0001022088,738920.9997694377,747199.9999333327,747371.9998163151
705596.9999628055,718855.9997951166,719963.9997573534,721186.0000069448,724204.0001275853,726266.0002873616,727779.0001022088,730816.9998110514,738920.9997694377,740234.0000164453,747199.9999333327
705596.9999628055,718855.9997951166,719963.9997573534,721186.0000069448,723917.0000032949,724204.0001275853,726266.0002873616,727779.0001022088,738920.9997694377,747133.9998242018,747199.9999333327
705596.9999628055,718855.9997951166,719963.9997573534,721186.0000069448,723917.0000032949,724204.0001275853,726266.0002873616,727779.0001022088,728304.9996313594,747199.9999333327,757749.9999622802
705596.9999628055,718855.9997951166,719963.9997573534,721186.0000069448,723917.0000032949,724204.0001275853,726266.0002873616,727779.0001022088,733810.9995296074,747199.9999333327,752244.0000640322
705596.9999628055,718855.9997951166,719963.9997573534,721186.0000069448,723917.0000032949,724204.0001275853,726266.0002873616,727779.0001022088,729521.9996436854,747199.9999333327,756532.9999499541
705596.9999628055,718855.9997951166,719963.9997573534,721186.0000069448,722954.9996500984,723917.0000032949,726266.0002873616,727779.0001022088,730771.0001211723,747199.9999333327,756532.9999499541
705596.9999628055,716311.9999644717,719963.9997573534,721186.0000069448,722954.9996500984,723917.0000032949,726266.0002873616,730322.9999328537,730771.0001211723,747199.9999333327,756532.9999499541
705596.9999628055,713965.0000678971,719963.9997573534,721186.0000069448,722954.9996500984,723917.0000032949,726266.0002873616,730322.9999328537,730771.0001211723,749546.9998299072,756532.9999499541
713965.0000678971,717380.0001032922,718987.9999806857,719963.9997573534,721186.0000069448,722954.9996500984,723917.0000032949,726266.0002873616,730322.9999328537,749546.9998299072,756532.9999499541
713066.9998997861,717380.0001032922,719886.0001487967,719963.9997573534,721186.0000069448,722954.9996500984,723917.0000032949,726266.0002873616,730322.9999328537,749546.9998299072,756532.9999499541
713066.9998997861,715579.999731042,717380.0001032922,719886.0001487967,719963.9997573534,721186.0000069448,723917.0000032949,730322.9999328537,733641.000206418,749546.9998299072,756532.9999499541
713066.9998997861,716524.0000217698,717380.0001032922,719886.0001487967,719963.9997573534,721186.0000069448,722972.9997125671,730322.9999328537,733641.000206418,749546.9998299072,756532.9999499541
713066.9998997861,716524.0000217698,717380.0001032922,719886.0001487967,719963.9997573534,721186.0000069448,722972.9997125671,730322.9999328537,738444.0000459267,749546.9998299072,751730.0001104454
713066.9998997861,714063.9997197398,716524.0000217698,717380.0001032922,719886.0001487967,722972.9997125671,727086.0000445584,730322.9999328537,738444.0000459267,749546.9998299072,751730.0001104454
713066.9998997861,714063.9997197398,716158.000135758,716524.0000217698,719886.0001487967,722972.9997125671,728308.0000120926,730322.9999328537,738444.0000459267,749546.9998299072,751730.0001104454
713066.9998997861,714063.9997197398,716158.000135758,716524.0000217698,719886.0001487967,722972.9997125671,728308.0000120926,737698.99996454,738444.0000459267,742170.9997982209,751730.0001104454
714063.9997197398,716158.000135758,716524.0000217698,719886.0001487967,722972.9997125671,724504.9999793826,728308.0000120926,730732.9997186244,737698.99996454,738444.0000459267,751730.0001104454
714063.9997197398,716158.000135758,716524.0000217698,722584.0002623992,722972.9997125671,724504.9999793826,728034.9996050219,728308.0000120926,737698.99996454,738444.0000459267,751730.0001104454
714063.9997197398,715385.0000863527,716524.0000217698,722584.0002623992,722972.9997125671,724504.9999793826,728034.9996050219,729081.0000614979,737698.99996454,738444.0000459267,751730.0001104454
714063.9997197398,715385.0000863527,715713.9998505242,716524.0000217698,722972.9997125671,724504.9999793826,729081.0000614979,734905.0000168969,737698.99996454,738444.0000459267,751730.0001104454
714063.9997197398,715385.0000863527,716524.0000217698,719507.0004214804,722972.9997125671,724504.9999793826,729081.0000614979,733905.9993935839,734905.0000168969,738444.0000459267,751730.0001104454
713793.0003475151,714063.9997197398,715385.0000863527,716524.0000217698,722972.9997125671,724504.9999793826,729081.0000614979,733905.9993935839,738444.0000459267,740619.0000908622,751730.0001104454
712998.0000313547,713793.0003475151,714063.9997197398,716524.0000217698,722972.9997125671,726892.0000343806,729081.0000614979,733905.9993935839,738444.0000459267,740619.0000908622,751730.0001104454
713793.0003475151,714063.9997197398,715826.0002248827,716524.0000217698,722972.9997125671,726892.0000343806,729081.0000614979,733905.9993935839,737790.9998973341,738444.0000459267,751730.0001104454
713793.0003475151,715826.0002248827,716524.0000217698,719044.9999587714,722972.9997125671,724099.9998224663,726892.0000343806,733905.9993935839,737790.9998973341,738444.0000459267,751730.0001104454
715826.0002248827,716524.0000217698,719044.9999587714,721579.9999251725,722972.9997125671,724099.9998224663,726892.0000343806,730004.0003196767,733905.9993935839,738444.0000459267,751730.0001104454
715826.0002248827,716509.0000345374,716524.0000217698,719044.9999587714,721579.9999251725,722972.9997125671,730004.0003196767,733905.9993935839,734482.9998223095,738444.0000459267,751730.0001104454
715826.0002248827,716509.0000345374,716524.0000217698,721579.9999251725,722972.9997125671,723720.0000009256,730004.0003196767,733769.0000037724,733905.9993935839,734482.9998223095,751730.0001104454
716509.0000345374,716524.0000217698,721338.0001908028,721579.9999251725,722972.9997125671,723720.0000009256,728393.9994276639,730004.0003196767,733769.0000037724,734482.9998223095,751730.0001104454
716509.0000345374,716524.0000217698,717842.999847614,721338.0001908028,721579.9999251725,722972.9997125671,723720.0000009256,733769.0000037724,734482.9998223095,740554.9998997266,751730.0001104454
716524.0000217698,717842.999847614,721025.9999875083,721338.0001908028,721579.9999251725,722972.9997125671,723720.0000009256,729252.0000508016,734482.9998223095,740554.9998997266,751730.0001104454
716524.0000217698,717842.999847614,721025.9999875083,721338.0001908028,721579.9999251725,722917.0000190736,722972.9997125671,730055.0000326536,734482.9998223095,740554.9998997266,751730.0001104454
716524.0000217698,717842.999847614,721025.9999875083,721338.0001908028,721579.9999251725,721771.999755874,724117.9999757666,730055.0000326536,734482.9998223095,740554.9998997266,751730.0001104454
716057.9999505958,716524.0000217698,717842.999847614,721025.9999875083,721338.0001908028,721579.9999251725,724117.9999757666,730055.0000326536,734482.9998223095,740554.9998997266,757443.9999157237
705573.9999610771,716524.0000217698,717842.999847614,721025.9999875083,721338.0001908028,721579.9999251725,724117.9999757666,734482.9998223095,740539.0000221722,740554.9998997266,757443.9999157237
716524.0000217698,717842.999847614,721025.9999875083,721338.0001908028,721579.9999251725,722799.9999924579,723312.9999907914,724117.9999757666,734482.9998223095,740554.9998997266,757443.9999157237
716524.0000217698,717842.999847614,721025.9999875083,721338.0001908028,721579.9999251725,723312.9999907914,724117.9999757666,734482.9998223095,737726.9998883829,740554.9998997266,742517.0000197988
716524.0000217698,717377.9997803041,717842.999847614,721025.9999875083,721338.0001908028,721579.9999251725,724117.9999757666,734482.9998223095,737726.9998883829,740554.9998997266,748452.000230286
716524.0000217698,717842.999847614,721025.9999875083,721338.0001908028,721579.9999251725,724117.9999757666,731973.0002136398,733856.9997969504,734482.9998223095,737726.9998883829,740554.9998997266
716524.0000217698,717076.9998085976,717842.999847614,721338.0001908028,721579.9999251725,724117.9999757666,731973.0002136398,733856.9997969504,734482.9998223095,740554.9998997266,741676.0000672934
714136.0000597301,716524.0000217698,717842.999847614,721338.0001908028,721579.9999251725,724117.9999757666,731973.0002136398,733856.9997969504,734482.9998223095,740554.9998997266,744616.9998161609
716524.0000217698,717842.999847614,721338.0001908028,721579.9999251725,724057.0000798856,724117.9999757666,731973.0002136398,733856.9997969504,734482.9998223095,734695.9997960054,740554.9998997266
716524.0000217698,717842.999847614,719022.000006706,721338.0001908028,721579.9999251725,724117.9999757666,731973.0002136398,733856.9997969504,734482.9998223095,739730.999869185,740554.9998997266
716231.9996350205,716524.0000217698,719022.000006706,721338.0001908028,721579.9999251725,724117.9999757666,731973.0002136398,733856.9997969504,734482.9998223095,739730.999869185,742166.0001123201
696380.0001988846,716524.0000217698,719022.000006706,721579.9999251725,724117.9999757666,731973.0002136398,733856.9997969504,734482.9998223095,739730.999869185,741189.9996269387,742166.0001123201
704055.0003014185,713904.9998226387,716524.0000217698,719022.000006706,724117.9999757666,731973.0002136398,733856.9997969504,734482.9998223095,739730.999869185,741189.9996269387,742166.0001123201
704055.0003014185,716524.0000217698,716548.0000625636,719022.000006706,724117.9999757666,731973.0002136398,733856.9997969504,734482.9998223095,739522.9998723952,739730.999869185,741189.9996269387
704055.0003014185,713378.9999946195,716524.0000217698,716548.0000625636,719022.000006706,731973.0002136398,734482.9998223095,739522.9998723952,739730.999869185,741189.9996269387,744595.9997780975
713378.9999946195,716524.0000217698,716548.0000625636,719022.000006706,719195.0000487564,724383.0001250573,731973.0002136398,734482.9998223095,739730.999869185,741189.9996269387,744595.9997780975
705135.0001328127,713378.9999946195,716524.0000217698,716548.0000625636,719195.0000487564,731973.0002136398,734482.9998223095,738269.9999989506,739730.999869185,741189.9996269387,744595.9997780975
705135.0001328127,714402.0001933146,715500.9998230747,716548.0000625636,719195.0000487564,731973.0002136398,734482.9998223095,738269.9999989506,739730.999869185,741189.9996269387,744595.9997780975
705135.0001328127,711672.0000419482,714402.0001933146,716548.0000625636,723023.9998298829,731973.0002136398,734482.9998223095,738269.9999989506,739730.999869185,741189.9996269387,744595.9997780975
705135.0001328127,711672.0000419482,716548.0000625636,718711.0003041008,718714.9997190966,731973.0002136398,734482.9998223095,738269.9999989506,739730.999869185,741189.9996269387,744595.9997780975
705135.0001328127,711672.0000419482,716548.0000625636,718711.0003041008,718714.9997190966,734482.9998223095,735455.0001349554,738269.9999989506,739730.999869185,741113.9998567819,741189.9996269387
705135.0001328127,711672.0000419482,716548.0000625636,718711.0003041008,718714.9997190966,725214.9998787597,734482.9998223095,735455.0001349554,741113.9998567819,741189.9996269387,752785.9999893759
705135.0001328127,711672.0000419482,716548.0000625636,718711.0003041008,718714.9997190966,725214.9998787597,732864.9998596843,735455.0001349554,741113.9998567819,741189.9996269387,754403.9999520011
701724.0001548982,705135.0001328127,711672.0000419482,716548.0000625636,725214.9998787597,732864.9998596843,735455.0001349554,735701.9998682992,741113.9998567819,741189.9996269387,754403.9999520011
701724.0001548982,705135.0001328127,711672.0000419482,715018.0000397289,716548.0000625636,725214.9998787597,732864.9998596843,735701.9998682992,741189.9996269387,754403.9999520011,761550.9999520084
701724.0001548982,705135.0001328127,711672.0000419482,715018.0000397289,716548.0000625636,720294.9999671385,732864.9998596843,735701.9998682992,741189.9996269387,759323.9998636225,761550.9999520084
701724.0001548982,705135.0001328127,711672.0000419482,714830.000017486,716548.0000625636,720294.9999671385,732864.9998596843,735889.9998905421,741189.9996269387,759323.9998636225,761550.9999520084
701724.0001548982,705135.0001328127,711672.0000419482,714830.000017486,716548.0000625636,718773.9998377872,732864.9998596843,735889.9998905421,741189.9996269387,760844.9999929738,761550.9999520084
701724.0001548982,705135.0001328127,711672.0000419482,714830.000017486,716548.0000625636,716739.9999016599,734898.9997958116,735889.9998905421,741189.9996269387,760844.9999929738,761550.9999520084
701724.0001548982,705135.0001328127,711672.0000419482,714830.000017486,716739.9999016599,717709.9997786002,734898.9997958116,735889.9998905421,740027.9999109021,760844.9999929738,761550.9999520084
705135.0001328127,711164.9999196951,711672.0000419482,714830.000017486,716739.9999016599,717709.9997786002,726449.0001257452,734898.9997958116,740027.9999109021,760844.9999929738,761550.9999520084
705135.0001328127,711672.0000419482,714830.000017486,716739.9999016599,717709.9997786002,726449.0001257452,734898.9997958116,736238.999917029,736476.9999546744,740027.9999109021,760844.9999929738
705135.0001328127,711672.0000419482,714830.000017486,716358.000174816,716739.9999016599,717709.9997786002,734898.9997958116,736476.9999546744,740027.9999109021,746329.9998679582,760844.9999929738
705135.0001328127,711672.0000419482,714830.000017486,715445.9999960287,716358.000174816,717709.9997786002,734898.9997958116,736476.9999546744,740027.9999109021,746329.9998679582,762138.9998986049
711672.0000419482,714188.9998695023,714830.000017486,715445.9999960287,716358.000174816,717709.9997786002,730974.0001742125,734898.9997958116,736476.9999546744,746329.9998679582,762138.9998986049
711672.0000419482,712399.0001004669,714188.9998695023,715445.9999960287,717709.9997786002,718789.0000918352,730974.0001742125,734898.9997958116,736476.9999546744,746329.9998679582,762138.9998986049
711672.0000419482,712399.0001004669,714188.9998695023,715591.9999723881,717709.9997786002,718789.0000918352,730974.0001742125,734898.9997958116,736476.9999546744,746329.9998679582,761992.9999222455
711672.0000419482,714188.9998695023,714460.0001056597,715591.9999723881,716728.0000866423,717709.9997786002,730974.0001742125,734898.9997958116,736476.9999546744,746329.9998679582,761992.9999222455
705965.0000320398,711672.0000419482,714188.9998695023,714460.0001056597,716728.0000866423,717709.9997786002,734898.9997958116,736476.9999546744,740601.0001145608,746329.9998679582,761992.9999222455
711672.0000419482,714188.9998695023,714460.0001056597,716728.0000866423,717709.9997786002,718838.0001695439,722025.9996583075,736476.9999546744,740601.0001145608,746329.9998679582,761992.9999222455
711672.0000419482,714188.9998695023,714460.0001056597,716728.0000866423,717709.9997786002,722025.9996583075,724246.0001787718,735193.0001053329,736476.9999546744,746329.9998679582,761992.9999222455
711672.0000419482,714188.9998695023,714460.0001056597,716728.0000866423,717709.9997786002,719729.999992417,724246.0001787718,736476.9999546744,737488.9997712234,746329.9998679582,761992.9999222455
711672.0000419482,714188.9998695023,714460.0001056597,717709.9997786002,719729.999992417,724246.0001787718,728934.0002400822,734123.9997145184,736476.9999546744,737488.9997712234,761992.9999222455
711672.0000419482,714188.9998695023,714460.0001056597,717709.9997786002,719729.999992417,724246.0001787718,728934.0002400822,734123.9997145184,736476.9999546744,741516.999935911,757964.9997575579
711672.0000419482,714188.9998695023,714460.0001056597,717709.9997786002,723519.9998808827,724246.0001787718,728934.0002400822,734123.9997145184,736476.9999546744,737727.0000474454,757964.9997575579
711672.0000419482,714188.9998695023,714460.0001056597,717709.9997786002,719667.0001833657,723519.9998808827,724246.0001787718,736476.9999546744,737727.0000474454,743390.9997712349,757964.9997575579
704841.9999939612,711672.0000419482,714460.0001056597,717709.9997786002,719667.0001833657,723519.9998808827,733593.0000543129,736476.9999546744,737727.0000474454,743390.9997712349,757964.9997575579
704841.9999939612,711672.0000419482,714460.0001056597,717709.9997786002,719667.0001833657,723756.9998872146,733593.0000543129,736476.9999546744,737490.0000411135,743390.9997712349,757964.9997575579
704841.9999939612,712898.9997400608,714460.0001056597,717709.9997786002,719667.0001833657,723756.9998872146,733593.0000543129,736476.9999546744,737490.0000411135,742164.0000731223,757964.9997575579
704841.9999939612,711654.99977156,712898.9997400608,717709.9997786002,722472.0005174654,723756.9998872146,733593.0000543129,736476.9999546744,737490.0000411135,742164.0000731223,757964.9997575579
704841.9999939612,711654.99977156,712898.9997400608,721244.0002167968,722472.0005174654,723756.9998872146,733593.0000543129,736476.9999546744,737490.0000411135,738629.9996349257,757964.9997575579
704841.9999939612,711654.99977156,712898.9997400608,719224.9998983749,721244.0002167968,722472.0005174654,733593.0000543129,736476.9999546744,737490.0000411135,738629.9996349257,762496.9997463976
703111.0003027397,711654.99977156,712898.9997400608,719224.9998983749,721244.0002167968,722472.0005174654,735323.9997455345,736476.9999546744,737490.0000411135,738629.9996349257,762496.9997463976
706008.9999803285,711654.99977156,712898.9997400608,718346.000539208,719224.9998983749,722472.0005174654,735323.9997455345,736476.9999546744,737490.0000411135,738629.9996349257,762496.9997463976
706008.9999803285,711654.99977156,712898.9997400608,717503.9999909541,718346.000539208,722472.0005174654,735323.9997455345,736476.9999546744,738629.9996349257,739210.9999485343,762496.9997463976
706008.9999803285,711654.99977156,712898.9997400608,717503.9999909541,720353.0003770937,722472.0005174654,735323.9997455345,736476.9999546744,736622.99979704,739210.9999485343,762496.9997463976
706008.9999803285,706786.9997808522,717503.9999909541,717766.9997307685,720353.0003770937,722472.0005174654,735323.9997455345,736476.9999546744,736622.99979704,739210.9999485343,762496.9997463976
706008.9999803285,706786.9997808522,717503.9999909541,720353.0003770937,722472.0005174654,726680.999698636,730296.9999806668,735323.9997455345,736476.9999546744,736622.99979704,762496.9997463976
706008.9999803285,706786.9997808522,719951.0000646737,720353.0003770937,722472.0005174654,726680.999698636,727849.9999069471,735323.9997455345,736476.9999546744,736622.99979704,762496.9997463976
706008.9999803285,706786.9997808522,709382.0001150499,720353.0003770937,722472.0005174654,726680.999698636,735323.9997455345,736476.9999546744,736622.99979704,738418.999856571,762496.9997463976
706008.9999803285,706786.9997808522,710549.9999733436,720353.0003770937,722472.0005174654,726680.999698636,735323.9997455345,736476.9999546744,736622.99979704,737250.9999982773,762496.9997463976
706008.9999803285,706786.9997808522,718412.0000121819,720353.0003770937,722472.0005174654,726680.999698636,729388.9999594389,735323.9997455345,736476.9999546744,736622.99979704,762496.9997463976
706008.9999803285,706786.9997808522,713929.9999623046,718412.0000121819,720353.0003770937,729388.9999594389,735223.0002537968,735323.9997455345,736476.9999546744,736622.99979704,762496.9997463976
706008.9999803285,706786.9997808522,713929.9999623046,718339.0002411071,718412.0000121819,729388.9999594389,735223.0002537968,735323.9997455345,736476.9999546744,738636.9999330266,762496.9997463976
706008.9999803285,710668.0003737905,713929.9999623046,718339.0002411071,718412.0000121819,729388.9999594389,731341.9996608587,735323.9997455345,736476.9999546744,738636.9999330266,762496.9997463976
706008.9999803285,710668.0003737905,713929.9999623046,715315.0000294553,718339.0002411071,731341.9996608587,732485.9999421656,735323.9997455345,736476.9999546744,738636.9999330266,762496.9997463976
706008.9999803285,713929.9999623046,715315.0000294553,718339.0002411071,718856.9995518675,723153.0004827817,732485.9999421656,735323.9997455345,736476.9999546744,738636.9999330266,762496.9997463976
706008.9999803285,713929.9999623046,715315.0000294553,717365.9993211477,718339.0002411071,718856.9995518675,723153.0004827817,732485.9999421656,736476.9999546744,756595.0003574134,762496.9997463976
706008.9999803285,715315.0000294553,715491.0000279638,717365.9993211477,718339.0002411071,718856.9995518675,723153.0004827817,730924.9998765064,736476.9999546744,756595.0003574134,762496.9997463976
706008.9999803285,713471.9999675144,717334.0000899046,717365.9993211477,718339.0002411071,718856.9995518675,723153.0004827817,730924.9998765064,736476.9999546744,756595.0003574134,762496.9997463976
706008.9999803285,713471.9999675144,715274.000491089,717334.0000899046,717365.9993211477,718339.0002411071,718856.9995518675,736476.9999546744,738803.9998681991,756595.0003574134,762496.9997463976
706008.9999803285,713471.9999675144,713736.9998980627,717334.0000899046,717365.9993211477,718339.0002411071,718856.9995518675,736476.9999546744,740341.0004612254,756595.0003574134,762496.9997463976
706008.9999803285,713471.9999675144,713736.9998980627,717365.9993211477,718339.0002411071,718856.9995518675,725954.9998040169,736476.9999546744,740341.0004612254,753876.0000322853,756595.0003574134
704772.9998924823,706008.9999803285,717365.9993211477,718339.0002411071,718856.9995518675,722435.9999730948,725954.9998040169,736476.9999546744,740341.0004612254,753876.0000322853,756595.0003574134
704772.9998924823,706685.9994769633,716688.9998245129,718339.0002411071,718856.9995518675,722435.9999730948,725954.9998040169,736476.9999546744,740341.0004612254,753876.0000322853,756595.0003574134
698457.9997878454,704772.9998924823,716688.9998245129,718856.9995518675,722435.9999730948,725954.9998040169,726566.999930225,736476.9999546744,740341.0004612254,753876.0000322853,756595.0003574134
698457.9997878454,716389.0001913863,716688.9998245129,718856.9995518675,722435.9999730948,724860.9996557704,725954.9998040169,726566.999930225,740341.0004612254,753876.0000322853,756595.0003574134
698457.9997878454,716389.0001913863,716688.9998245129,720045.9999181854,722435.9999730948,724860.9996557704,725954.9998040169,726566.999930225,739152.0000949076,753876.0000322853,756595.0003574134
698457.9997878454,716389.0001913863,716688.9998245129,720045.9999181854,722435.9999730948,724860.9996557704,725742.0001606031,726566.999930225,739152.0000949076,754088.999675699,756595.0003574134
713823.9998616365,716389.0001913863,716688.9998245129,720045.9999181854,722435.9999730948,724860.9996557704,725742.0001606031,726566.999930225,739152.0000949076,741229.0002836223,754088.999675699
713823.9998616365,715129.000108155,716389.0001913863,720045.9999181854,722435.9999730948,724860.9996557704,725742.0001606031,726566.999930225,739152.0000949076,742788.9999999802,754088.999675699
713823.9998616365,715129.000108155,716389.0001913863,722435.9999730948,724087.9996476077,724860.9996557704,725742.0001606031,726566.999930225,735110.0003654853,742788.9999999802,754088.999675699
704550.9999351759,713823.9998616365,715129.000108155,724087.9996476077,724860.9996557704,725742.0001606031,726566.999930225,734274.0002293052,735110.0003654853,742788.9999999802,754088.999675699
704550.9999351759,713823.9998616365,715129.000108155,724087.9996476077,724860.9996557704,726566.999930225,734274.0002293052,735110.0003654853,739203.9998266259,740627.0000096762,742788.9999999802
704550.9999351759,713823.9998616365,715129.000108155,715693.0004394202,724087.9996476077,726566.999930225,734274.0002293052,739203.9998266259,740627.0000096762,742788.9999999802,744277.9995818355
704550.9999351759,713823.9998616365,715129.000108155,715693.0004394202,724087.9996476077,726566.999930225,734274.0002293052,738122.0001221587,741708.9997141435,742788.9999999802,744277.9995818355
704550.9999351759,715129.000108155,715693.0004394202,718932.999981988,721457.9998098735,724087.9996476077,734274.0002293052,738122.0001221587,741708.9997141435,742788.9999999802,744277.9995818355
704550.9999351759,715129.000108155,715693.0004394202,721457.9998098735,724087.9996476077,726442.9999630384,734274.0002293052,735279.0000189298,738122.0001221587,741708.9997141435,744277.9995818355
704550.9999351759,713737.9996298945,715129.000108155,715693.0004394202,721457.9998098735,726442.9999630384,734274.0002293052,735279.0000189298,738122.0001221587,741708.9997141435,754627.9995995486
696752.0000195715,713737.9996298945,715129.000108155,715693.0004394202,721457.9998098735,734241.9998786428,734274.0002293052,735279.0000189298,738122.0001221587,741708.9997141435,754627.9995995486
696752.0000195715,713737.9996298945,715693.0004394202,717767.0000334766,721457.9998098735,732641.0000936082,734241.9998786428,734274.0002293052,738122.0001221587,741708.9997141435,754627.9995995486
696752.0000195715,713737.9996298945,715693.0004394202,717767.0000334766,721457.9998098735,726140.9999761232,734274.0002293052,738122.0001221587,740741.9999961278,741708.9997141435,754627.9995995486
702849.9999218521,713737.9996298945,715693.0004394202,717767.0000334766,721457.9998098735,726140.9999761232,728176.0003270246,738122.0001221587,740741.9999961278,741708.9997141435,754627.9995995486
702849.9999218521,705261.9996490324,713737.9996298945,715693.0004394202,726140.9999761232,728176.0003270246,733963.0001943178,738122.0001221587,740741.9999961278,741708.9997141435,754627.9995995486
702849.9999218521,713445.9997315697,713737.9996298945,715693.0004394202,717956.9998935859,728176.0003270246,733963.0001943178,738122.0001221587,740741.9999961278,741708.9997141435,754627.9995995486
702849.9999218521,713445.9997315697,713737.9996298945,715693.0004394202,717956.9998935859,719521.0000944597,728176.0003270246,733963.0001943178,741708.9997141435,754627.9995995486,759343.0000238267
702849.9999218521,713333.0003755538,713445.9997315697,713737.9996298945,715693.0004394202,719521.0000944597,728176.0003270246,738586.9997123498,741708.9997141435,754627.9995995486,759343.0000238267
702849.9999218521,713333.0003755538,713445.9997315697,715693.0004394202,719521.0000944597,720858.9996716501,728176.0003270246,738586.9997123498,741708.9997141435,747506.999557793,759343.0000238267
702849.9999218521,713445.9997315697,714194.0000953703,715693.0004394202,719521.0000944597,720858.9996716501,728176.0003270246,737725.9999925334,741708.9997141435,747506.999557793,759343.0000238267
702849.9999218521,713445.9997315697,714194.0000953703,715693.0004394202,716141.9997664578,720858.9996716501,728176.0003270246,737725.9999925334,745088.0000421454,747506.999557793,759343.0000238267
696985.000072908,702849.9999218521,715693.0004394202,716141.9997664578,720858.9996716501,728176.0003270246,730654.999754032,737725.9999925334,745088.0000421454,747506.999557793,759343.0000238267
696985.000072908,714181.0000033624,715693.0004394202,716141.9997664578,716845.0002455143,720858.9996716501,730654.999754032,737725.9999925334,745088.0000421454,747506.999557793,759343.0000238267
696985.000072908,714568.0001103233,715693.0004394202,716141.9997664578,716845.0002455143,720858.9996716501,730654.999754032,737725.9999925334,745088.0000421454,747506.999557793,758955.9999168657
696985.000072908,714568.0001103233,715693.0004394202,716141.9997664578,720858.9996716501,730234.0000440779,730654.999754032,731699.0002435818,737725.9999925334,747506.999557793,758955.9999168657
696985.000072908,714568.0001103233,715693.0004394202,716141.9997664578,720858.9996716501,721531.999901551,730234.0000440779,731699.0002435818,746848.9998450142,747506.999557793,758955.9999168657
696985.000072908,715150.9999798088,715693.0004394202,716141.9997664578,720858.9996716501,721531.999901551,730234.0000440779,731699.0002435818,746848.9998450142,747506.999557793,758373.0000473802
696985.000072908,715150.9999798088,715693.0004394202,716141.9997664578,721531.999901551,726215.9994718874,730234.0000440779,731699.0002435818,742149.9997575558,746848.9998450142,758373.0000473802
696985.000072908,709168.9996553331,715693.0004394202,716141.9997664578,721531.999901551,730234.0000440779,731699.0002435818,732197.9997963631,742149.9997575558,746848.9998450142,758373.0000473802
696985.000072908,709168.9996553331,715693.0004394202,716135.0000699457,721531.999901551,730240.99974059,731699.0002435818,732197.9997963631,742149.9997575558,746848.9998450142,758373.0000473802
691968.999959864,709168.9996553331,715693.0004394202,716135.0000699457,726548.0000145951,730240.99974059,731699.0002435818,732197.9997963631,742149.9997575558,746848.9998450142,758373.0000473802
691968.999959864,709168.9996553331,715693.0004394202,716824.9999458138,726548.0000145951,729550.9998647219,731699.0002435818,732197.9997963631,742149.9997575558,746848.9998450142,758373.0000473802
691968.999959864,709168.9996553331,715693.0004394202,716824.9999458138,725580.9998393445,729550.9998647219,731699.0002435818,732197.9997963631,742149.9997575558,747816.0000202648,758373.0000473802
691968.999959864,715693.0004394202,716824.9999458138,725580.9998393445,728401.9996505695,729550.9998647219,731699.0002435818,732197.9997963631,739140.0000521438,742149.9997575558,747816.0000202648
691968.999959864,715693.0004394202,716824.9999458138,724155.9998059528,725580.9998393445,729550.9998647219,731699.0002435818,736443.9996409798,739140.0000521438,742149.9997575558,747816.0000202648
691968.999959864,716824.9999458138,719534.000166669,724155.9998059528,725580.9998393445,729550.9998647219,731699.0002435818,732602.999913731,739140.0000521438,742149.9997575558,747816.0000202648
691968.999959864,716824.9999458138,724155.9998059528,724721.0002036833,725580.9998393445,727415.9998767168,729550.9998647219,731699.0002435818,739140.0000521438,742149.9997575558,747816.0000202648
691968.999959864,720967.9997460954,724155.9998059528,724721.0002036833,725408.0000644403,725580.9998393445,727415.9998767168,731699.0002435818,739140.0000521438,742149.9997575558,747816.0000202648
691968.999959864,713628.0000906324,720967.9997460954,724721.0002036833,725580.9998393445,727415.9998767168,731699.0002435818,735935.9997797607,739140.0000521438,742149.9997575558,747816.0000202648
691968.999959864,713628.0000906324,716600.9998884824,720967.9997460954,724721.0002036833,725580.9998393445,731699.0002435818,735935.9997797607,739140.0000521438,747816.0000202648,752964.9997457901
691968.999959864,710581.0001964467,713628.0000906324,720967.9997460954,724721.0002036833,725580.9998393445,735935.9997797607,737718.9999356176,739140.0000521438,747816.0000202648,752964.9997457901
691968.999959864,713628.0000906324,720891.9998315264,720967.9997460954,724721.0002036833,725580.9998393445,725625.000144681,737718.9999356176,739140.0000521438,747816.0000202648,752964.9997457901
691968.999959864,713628.0000906324,720891.9998315264,720967.9997460954,725580.9998393445,725625.000144681,729955.0002064911,732484.9999328097,739140.0000521438,747816.0000202648,752964.9997457901
691968.999959864,715893.9998990407,718701.9999376871,720891.9998315264,725580.9998393445,725625.000144681,729955.0002064911,732484.9999328097,739140.0000521438,747816.0000202648,752964.9997457901
691968.999959864,715893.9998990407,718701.9999376871,720891.9998315264,725625.000144681,728573.9997978248,729955.0002064911,732484.9999328097,736147.0000936636,747816.0000202648,752964.9997457901
691968.999959864,715893.9998990407,718701.9999376871,719092.999927317,727424.0000488905,728573.9997978248,729955.0002064911,732484.9999328097,736147.0000936636,747816.0000202648,752964.9997457901
691968.999959864,715512.0000358591,715893.9998990407,718701.9999376871,727424.0000488905,728573.9997978248,729955.0002064911,732484.9999328097,739727.9999851215,747816.0000202648,752964.9997457901
691968.999959864,715512.0000358591,715893.9998990407,718701.9999376871,725604.0000415727,728573.9997978248,729955.0002064911,732484.9999328097,741547.9999924393,747816.0000202648,752964.9997457901
691968.999959864,713766.9998378878,715512.0000358591,720828.9999988399,725604.0000415727,728573.9997978248,729955.0002064911,732484.9999328097,741547.9999924393,747816.0000202648,752964.9997457901
691968.999959864,696786.0001208757,715512.0000358591,725604.0000415727,728573.9997978248,729955.0002064911,732484.9999328097,737809.9997158521,741547.9999924393,747816.0000202648,752964.9997457901
691968.999959864,696786.0001208757,715512.0000358591,728573.9997978248,728668.9998780221,729420.0000963605,729955.0002064911,737809.9997158521,741547.9999924393,747816.0000202648,752964.9997457901
691968.999959864,706938.9997581454,715512.0000358591,727657.0000785823,728573.9997978248,728668.9998780221,729420.0000963605,729955.0002064911,741547.9999924393,747816.0000202648,752964.9997457901
691968.999959864,706938.9997581454,715512.0000358591,718395.0000411769,727657.0000785823,728573.9997978248,729420.0000963605,740229.0000433363,741547.9999924393,747816.0000202648,752964.9997457901
691968.999959864,712901.9997716346,715512.0000358591,718395.0000411769,721694.0000650932,728573.9997978248,729420.0000963605,740229.0000433363,741547.9999924393,747816.0000202648,752964.9997457901
700098.0004808919,712901.9997716346,715512.0000358591,718395.0000411769,721694.0000650932,728573.9997978248,729420.0000963605,739686.9994992369,740229.0000433363,741547.9999924393,752964.9997457901
700098.0004808919,712901.9997716346,715512.0000358591,717630.000143837,721694.0000650932,728573.9997978248,729420.0000963605,739686.9994992369,740229.0000433363,741547.9999924393,753729.9996431301
712901.9997716346,715512.0000358591,717630.000143837,718915.9998379616,720869.0001421672,721694.0000650932,728573.9997978248,729420.0000963605,740229.0000433363,741547.9999924393,753729.9996431301
697834.0000079473,715512.0000358591,717630.000143837,718915.9998379616,720869.0001421672,728573.9997978248,729420.0000963605,736761.9998287804,740229.0000433363,741547.9999924393,753729.9996431301
697834.0000079473,708882.9999358421,715512.0000358591,717630.000143837,728573.9997978248,729420.0000963605,730902.0000442867,736761.9998287804,740229.0000433363,741547.9999924393,753729.9996431301
697834.0000079473,708882.9999358421,715512.0000358591,726062.000225861,728573.9997978248,729420.0000963605,730902.0000442867,736761.9998287804,740229.0000433363,741547.9999924393,745297.9995611061
697834.0000079473,708882.9999358421,715512.0000358591,720948.0001216826,726062.000225861,728573.9997978248,730902.0000442867,736761.9998287804,741547.9999924393,745297.9995611061,748701.0000180141
708882.9999358421,714574.0000438268,715512.0000358591,720948.0001216826,724807.9999565599,726062.000225861,728573.9997978248,730902.0000442867,736761.9998287804,745297.9995611061,748701.0000180141
714574.0000438268,715512.0000358591,718130.9999976808,720948.0001216826,721653.9999824481,724807.9999565599,726062.000225861,728573.9997978248,736761.9998287804,745297.9995611061,748701.0000180141
715238.9997827474,715512.0000358591,718130.9999976808,720283.0003827622,721653.9999824481,724807.9999565599,726062.000225861,728573.9997978248,736761.9998287804,745297.9995611061,748701.0000180141
715238.9997827474,715512.0000358591,718130.9999976808,719958.000111559,721653.9999824481,724807.9999565599,726062.000225861,728573.9997978248,736761.9998287804,745297.9995611061,749026.0002892172
715512.0000358591,716707.0001674003,718130.9999976808,719958.000111559,721653.9999824481,724807.9999565599,726062.000225861,728573.9997978248,736761.9998287804,745297.9995611061,747557.9999045641
713353.999870929,715512.0000358591,716707.0001674003,719958.000111559,721653.9999824481,724807.9999565599,726062.000225861,733350.9999245765,736761.9998287804,745297.9995611061,747557.9999045641
713353.999870929,715512.0000358591,719958.000111559,721653.9999824481,724807.9999565599,726062.000225861,728538.999987809,733350.9999245765,735726.0000841555,736761.9998287804,745297.9995611061
713353.999870929,715512.0000358591,719958.000111559,720924.9999039064,721653.9999824481,724807.9999565599,728538.999987809,733350.9999245765,735726.0000841555,736761.9998287804,750434.9998830606
713353.999870929,715512.0000358591,716371.0001699426,720924.9999039064,721653.9999824481,724807.9999565599,728538.999987809,733350.9999245765,736761.9998287804,739313.0000257719,750434.9998830606
710684.9999465209,716371.0001699426,718180.9999602672,720924.9999039064,721653.9999824481,724807.9999565599,728538.999987809,733350.9999245765,736761.9998287804,739313.0000257719,750434.9998830606
710684.9999465209,716371.0001699426,718180.9999602672,720924.9999039064,721653.9999824481,724807.9999565599,733025.9999912637,733350.9999245765,734826.0000223172,736761.9998287804,750434.9998830606
710684.9999465209,718180.9999602672,720924.9999039064,721653.9999824481,723087.9998879867,724807.9999565599,728109.0003042731,733025.9999912637,733350.9999245765,736761.9998287804,750434.9998830606
710684.9999465209,713680.999924461,720924.9999039064,721653.9999824481,723087.9998879867,724807.9999565599,728109.0003042731,733350.9999245765,736761.9998287804,737526.0000270699,750434.9998830606
699727.0000188514,713680.999924461,720924.9999039064,723087.9998879867,724807.9999565599,728109.0003042731,732611.9999101176,733350.9999245765,736761.9998287804,737526.0000270699,750434.9998830606
699727.0000188514,713680.999924461,720262.9998346277,720924.9999039064,723087.9998879867,724807.9999565599,732611.9999101176,733350.9999245765,737526.0000270699,744608.0002984258,750434.9998830606
699727.0000188514,713680.999924461,714587.9999665853,720262.9998346277,720924.9999039064,723087.9998879867,732611.9999101176,733350.9999245765,744608.0002984258,747746.0000170445,750434.9998830606
699727.0000188514,713680.999924461,714587.9999665853,720262.9998346277,722958.0002404623,723087.9998879867,732611.9999101176,733350.9999245765,742574.9999618699,747746.0000170445,750434.9998830606
699727.0000188514,707767.999915421,714587.9999665853,720262.9998346277,722958.0002404623,723087.9998879867,732611.9999101176,739263.9999336165,742574.9999618699,747746.0000170445,750434.9998830606
699727.0000188514,714587.9999665853,719473.9999632877,720262.9998346277,722958.0002404623,723087.9998879867,732611.9999101176,736039.9999691776,739263.9999336165,742574.9999618699,750434.9998830606
699727.0000188514,714587.9999665853,717089.9998569301,719473.9999632877,720262.9998346277,722958.0002404623,723087.9998879867,736039.9999691776,742574.9999618699,750434.9998830606,754785.9999868039
699727.0000188514,714587.9999665853,717089.9998569301,718007.9998730968,719473.9999632877,720262.9998346277,723087.9998879867,736039.9999691776,742574.9999618699,754785.9999868039,755385.000250426
699727.0000188514,717089.9998569301,718007.9998730968,719473.9999632877,720262.9998346277,721662.9999620855,723087.9998879867,735499.9999663697,736039.9999691776,754785.9999868039,755385.000250426
699727.0000188514,717089.9998569301,718007.9998730968,719473.9999632877,720262.9998346277,721662.9999620855,723087.9998879867,732546.9999834432,735499.9999663697,755385.000250426,758278.9999725383
699727.0000188514,714724.9999306094,717089.9998569301,718007.9998730968,720262.9998346277,721662.9999620855,723087.9998879867,735499.9999663697,737296.0000161215,755385.000250426,758278.9999725383
699727.0000188514,714724.9999306094,717089.9998569301,718007.9998730968,720262.9998346277,721662.9999620855,723087.9998879867,737296.0000161215,738963.999996361,751921.0002204347,758278.9999725383
699727.0000188514,699814.9998914612,718007.9998730968,720262.9998346277,721662.9999620855,723087.9998879867,731999.9998960783,737296.0000161215,738963.999996361,751921.0002204347,758278.9999725383
699727.0000188514,699814.9998914612,718007.9998730968,720262.9998346277,721662.9999620855,731999.9998960783,733611.9998491113,737296.0000161215,738963.999996361,741397.0002593102,758278.9999725383
699727.0000188514,699814.9998914612,718007.9998730968,720262.9998346277,721662.9999620855,726017.0001159986,731999.9998960783,737296.0000161215,738963.999996361,748991.999992423,758278.9999725383
699814.9998914612,718007.9998730968,720262.9998346277,721662.9999620855,726017.0001159986,727135.9999345741,730870.0000568156,731999.9998960783,737296.0000161215,738963.999996361,748991.999992423
699814.9998914612,712436.000030184,718007.9998730968,726017.0001159986,727135.9999345741,729489.9997665292,730870.0000568156,731999.9998960783,737296.0000161215,738963.999996361,748991.999992423
699814.9998914612,711764.0000456037,718007.9998730968,726017.0001159986,727135.9999345741,729489.9997665292,730870.0000568156,731999.9998960783,737968.0000007019,738963.999996361,748991.999992423
699814.9998914612,711764.0000456037,715315.0001739785,718007.9998730968,727135.9999345741,729489.9997665292,730870.0000568156,731999.9998960783,737968.0000007019,748991.999992423,749665.999938381
692638.9998803439,699814.9998914612,711764.0000456037,727135.9999345741,729489.9997665292,730870.0000568156,731999.9998960783,737968.0000007019,740684.0001667314,748991.999992423,749665.999938381
699814.9998914612,711764.0000456037,715779.0003048102,726525.9995139147,727135.9999345741,729489.9997665292,730870.0000568156,731999.9998960783,737968.0000007019,740684.0001667314,748991.999992423
710396.9998987064,711764.0000456037,715779.0003048102,721417.999888833,726525.9995139147,727135.9999345741,729489.9997665292,730870.0000568156,737968.0000007019,740684.0001667314,748991.999992423
710396.9998987064,711764.0000456037,715779.0003048102,720560.0002791258,726525.9995139147,727135.9999345741,729489.9997665292,731727.9996665228,737968.0000007019,740684.0001667314,748991.999992423
710396.9998987064,711764.0000456037,715779.0003048102,720560.0002791258,727135.9999345741,729489.9997665292,730598.9997847341,731727.9996665228,736610.999895912,737968.0000007019,748991.999992423
710396.9998987064,715779.0003048102,716530.0000809041,720560.0002791258,725832.9997494337,727135.9999345741,729489.9997665292,731727.9996665228,736610.999895912,737968.0000007019,748991.999992423
710396.9998987064,715779.0003048102,716530.0000809041,720560.0002791258,727135.9999345741,728916.999782076,729489.9997665292,731727.9996665228,736610.999895912,737968.0000007019,745907.9999597807
710396.9998987064,715779.0003048102,716530.0000809041,720560.0002791258,726584.0000332068,727135.9999345741,729489.9997665292,731727.9996665228,737968.0000007019,738943.9996447812,745907.9999597807
710396.9998987064,716530.0000809041,720560.0002791258,720880.0004807783,726584.0000332068,727135.9999345741,729489.9997665292,731727.9996665228,733842.9994688132,737968.0000007019,745907.9999597807
710396.9998987064,717051.0000729098,720560.0002791258,720880.0004807783,726063.0000412011,727135.9999345741,729489.9997665292,731727.9996665228,733842.9994688132,737968.0000007019,745907.9999597807
710396.9998987064,717051.0000729098,720560.0002791258,720880.0004807783,727135.9999345741,727180.9999910418,729489.9997665292,731727.9996665228,733842.9994688132,736850.0000508612,745907.9999597807
710396.9998987064,717051.0000729098,717352.9999459529,720880.0004807783,727135.9999345741,727180.9999910418,729489.9997665292,733842.9994688132,734934.9999996957,736850.0000508612,745907.9999597807
710396.9998987064,715150.9998353045,717051.0000729098,717352.9999459529,720880.0004807783,727135.9999345741,727180.9999910418,733842.9994688132,734934.9999996957,745907.9999597807,751188.9999820859
710396.9998987064,715150.9998353045,717051.0000729098,717352.9999459529,720880.0004807783,721774.0000318752,727135.9999345741,733842.9994688132,740341.9999588623,745907.9999597807,751188.9999820859
710396.9998987064,715150.9998353045,717352.9999459529,720880.0004807783,721774.0000318752,726502.9999578292,727135.9999345741,730890.0000739427,733842.9994688132,745907.9999597807,751188.9999820859
710396.9998987064,715150.9998353045,716673.9998751676,717352.9999459529,720880.0004807783,727135.9999345741,730890.0000739427,731603.0001145368,733842.9994688132,745907.9999597807,751188.9999820859
710396.9998987064,715150.9998353045,717352.9999459529,720880.0004807783,727135.9999345741,730890.0000739427,731603.0001145368,733366.9998808093,733842.9994688132,734495.9999764442,745907.9999597807
710396.9998987064,717352.9999459529,718683.0000504364,720880.0004807783,727135.9999345741,729834.9996656774,730890.0000739427,731603.0001145368,733842.9994688132,734495.9999764442,745907.9999597807
710396.9998987064,717352.9999459529,718683.0000504364,719462.999810043,727135.9999345741,729834.9996656774,730890.0000739427,731603.0001145368,734495.9999764442,735260.0001395484,745907.9999597807
710396.9998987064,717352.9999459529,719462.999810043,722730.0000295842,725787.9996865296,727135.9999345741,730890.0000739427,731603.0001145368,734495.9999764442,735260.0001395484,745907.9999597807
710396.9998987064,713426.9999474285,717352.9999459529,719462.999810043,727135.9999345741,730890.0000739427,731603.0001145368,734495.9999764442,735090.9997686853,735260.0001395484,745907.9999597807
710396.9998987064,713426.9999474285,713550.9997568802,717352.9999459529,727135.9999345741,730890.0000739427,731603.0001145368,734495.9999764442,735090.9997686853,741172.0001927112,745907.9999597807
708930.0001358952,713426.9999474285,713550.9997568802,717352.9999459529,727135.9999345741,730890.0000739427,733069.9998773481,734495.9999764442,735090.9997686853,741172.0001927112,745907.9999597807
710539.9999635437,713426.9999474285,713550.9997568802,717352.9999459529,727135.9999345741,730890.0000739427,732886.0001487955,733069.9998773481,735090.9997686853,741172.0001927112,745907.9999597807
709140.0000542409,713550.9997568802,714826.9998567313,717352.9999459529,727135.9999345741,730890.0000739427,732886.0001487955,733069.9998773481,735090.9997686853,741172.0001927112,745907.9999597807
713550.9997568802,714266.9998026135,714826.9998567313,717352.9999459529,727135.9999345741,729964.0000203127,730890.0000739427,732886.0001487955,733069.9998773481,741172.0001927112,745907.9999597807
704432.0000725865,713550.9997568802,714266.9998026135,717352.9999459529,727135.9999345741,729964.0000203127,732886.0001487955,733069.9998773481,741172.0001927112,741284.9998580875,745907.9999597807
704432.0000725865,713550.9997568802,714266.9998026135,715810.000069806,727135.9999345741,729964.0000203127,733069.9998773481,734429.0000249424,741172.0001927112,741284.9998580875,745907.9999597807
704432.0000725865,713550.9997568802,714266.9998026135,716231.0000819322,727135.9999345741,729964.0000203127,732648.9998652219,734429.0000249424,741172.0001927112,741284.9998580875,745907.9999597807
712886.9999342468,713550.9997568802,714266.9998026135,716231.0000819322,727135.9999345741,729964.0000203127,732648.9998652219,734429.0000249424,737453.0000981204,741172.0001927112,741284.9998580875
712886.9999342468,714266.9998026135,716231.0000819322,718082.9999898595,727135.9999345741,729964.0000203127,732648.9998652219,734429.0000249424,736639.9999597319,737453.0000981204,741284.9998580875
712886.9999342468,714266.9998026135,716231.0000819322,720764.9993925805,727135.9999345741,729964.0000203127,732648.9998652219,733958.000557011,734429.0000249424,737453.0000981204,741284.9998580875
712886.9999342468,714266.9998026135,716231.0000819322,720764.9993925805,725414.9998790118,727135.9999345741,732648.9998652219,733958.000557011,734429.0000249424,737453.0000981204,745833.9999993885
712886.9999342468,716231.0000819322,720764.9993925805,722786.9993582992,725414.9998790118,727135.9999345741,732648.9998652219,733958.000557011,734429.0000249424,737314.0004437028,737453.0000981204
715556.9998812019,716231.0000819322,720764.9993925805,722744.9999320566,722786.9993582992,727135.9999345741,732648.9998652219,733958.000557011,734429.0000249424,737314.0004437028,737453.0000981204
715556.9998812019,716231.0000819322,722247.9996405689,722744.9999320566,722786.9993582992,727135.9999345741,732475.0003090226,732648.9998652219,734429.0000249424,737314.0004437028,737453.0000981204
715556.9998812019,716231.0000819322,720175.9998814022,722247.9996405689,722744.9999320566,727135.9999345741,732475.0003090226,732648.9998652219,734429.0000249424,737453.0000981204,739924.9999205997
700809.0000842506,715556.9998812019,720175.9998814022,722247.9996405689,727135.9999345741,732475.0003090226,732648.9998652219,734429.0000249424,737453.0000981204,738166.9999297382,739924.9999205997
703050.9999735428,715556.9998812019,720175.9998814022,722247.9996405689,727135.9999345741,732475.0003090226,732648.9998652219,734429.0000249424,737453.0000981204,737683.0000313076,738166.9999297382
703050.9999735428,715556.9998812019,720175.9998814022,722192.0001373314,722247.9996405689,732475.0003090226,732648.9998652219,737453.0000981204,737683.0000313076,738166.9999297382,739372.9998221851
703050.9999735428,715556.9998812019,720175.9998814022,722247.9996405689,726279.9999707618,728561.0000317915,732475.0003090226,737453.0000981204,737683.0000313076,738166.9999297382,739372.9998221851
708922.9997838133,714304.0000711317,715556.9998812019,722247.9996405689,726279.9999707618,728561.0000317915,732475.0003090226,737453.0000981204,737683.0000313076,738166.9999297382,739372.9998221851
708922.9997838133,714304.0000711317,715556.9998812019,722247.9996405689,728095.0000816222,728561.0000317915,732475.0003090226,735867.9999204472,737453.0000981204,738166.9999297382,739372.9998221851
708922.9997838133,715556.9998812019,716301.9997915436,722247.9996405689,726097.0003612103,728561.0000317915,732475.0003090226,735867.9999204472,737453.0000981204,738166.9999297382,739372.9998221851
708922.9997838133,715556.9998812019,716301.9997915436,722247.9996405689,724418.9998618277,726097.0003612103,728561.0000317915,732475.0003090226,737453.0000981204,738166.9999297382,750821.9998808047
708922.9997838133,715556.9998812019,716301.9997915436,717007.9999670943,722247.9996405689,728561.0000317915,732475.0003090226,733508.0002559437,737453.0000981204,738166.9999297382,750821.9998808047
708922.9997838133,715556.9998812019,717007.9999670943,722247.9996405689,722816.9999034832,728561.0000317915,731651.9998177986,732475.0003090226,733508.0002559437,737453.0000981204,750821.9998808047
708922.9997838133,715556.9998812019,722247.9996405689,722767.0002302512,722801.9997686346,722816.9999034832,731651.9998177986,732475.0003090226,733508.0002559437,737453.0000981204,750821.9998808047
708922.9997838133,715556.9998812019,720006.0000502787,722247.9996405689,722767.0002302512,722801.9997686346,731651.9998177986,732475.0003090226,736319.0001091482,737453.0000981204,750821.9998808047
708922.9997838133,715222.9996872589,715556.9998812019,720006.0000502787,722247.9996405689,722767.0002302512,731651.9998177986,732475.0003090226,736319.0001091482,737453.0000981204,758400.9999621804
708922.9997838133,715222.9996872589,715556.9998812019,720006.0000502787,722247.9996405689,722767.0002302512,725107.9998236254,732475.0003090226,736319.0001091482,743997.0000922936,758400.9999621804
708922.9997838133,715222.9996872589,715556.9998812019,720006.0000502787,720405.9998552091,722247.9996405689,722767.0002302512,736319.0001091482,737177.0002774389,743997.0000922936,758400.9999621804
708922.9997838133,715222.9996872589,715556.9998812019,720006.0000502787,722247.9996405689,722767.0002302512,723432.9999831282,733291.9999812292,737177.0002774389,743997.0000922936,758400.9999621804
708922.9997838133,715222.9996872589,715556.9998812019,718772.0000566173,722247.9996405689,722767.0002302512,724666.9999767896,733291.9999812292,737177.0002774389,743997.0000922936,758400.9999621804
708922.9997838133,715222.9996872589,718772.0000566173,720723.0001873667,722247.9996405689,722767.0002302512,724666.9999767896,733291.9999812292,737177.0002774389,738830.9997861288,758400.9999621804
708922.9997838133,715222.9996872589,718772.0000566173,719962.0003080923,720723.0001873667,722247.9996405689,722767.0002302512,724666.9999767896,733291.9999812292,756045.9997554753,758400.9999621804
706843.9997585833,708922.9997838133,715222.9996872589,718772.0000566173,720723.0001873667,722767.0002302512,724666.9999767896,733291.9999812292,735366.0001900779,756045.9997554753,758400.9999621804
706843.9997585833,708473.0001910061,708922.9997838133,715222.9996872589,720723.0001873667,724666.9999767896,733066.0000958624,733291.9999812292,735366.0001900779,756045.9997554753,758400.9999621804
706843.9997585833,708473.0001910061,708922.9997838133,715222.9996872589,718103.0000175006,720723.0001873667,733291.9999812292,735366.0001900779,739630.0000551514,756045.9997554753,758400.9999621804
706843.9997585833,708922.9997838133,715117.9999091346,715222.9996872589,718103.0000175006,720723.0001873667,732985.0003370229,733291.9999812292,735366.0001900779,756045.9997554753,758400.9999621804
706843.9997585833,708922.9997838133,715222.9996872589,718103.0000175006,720723.0001873667,721269.9999515254,732985.0003370229,733291.9999812292,735366.0001900779,749893.9997130844,758400.9999621804
706843.9997585833,708922.9997838133,715222.9996872589,718103.0000175006,721269.9999515254,722715.0000750108,731300.0000935851,732985.0003370229,735366.0001900779,749893.9997130844,758400.9999621804
706843.9997585833,708922.9997838133,715222.9996872589,718103.0000175006,720803.9999953796,721269.9999515254,731300.0000935851,732985.0003370229,737277.0002697092,749893.9997130844,758400.9999621804
708922.9997838133,715222.9996872589,718103.0000175006,720618.0003265709,720803.9999953796,721269.9999515254,723502.9997017215,731300.0000935851,732985.0003370229,749893.9997130844,758400.9999621804
708922.9997838133,709299.9996484559,715222.9996872589,718103.0000175006,720803.9999953796,721269.9999515254,731300.0000935851,732985.0003370229,734821.0003798365,749893.9997130844,758400.9999621804
708922.9997838133,709299.9996484559,714122.9999558718,715222.9996872589,718103.0000175006,721269.9999515254,731300.0000935851,732985.0003370229,734821.0003798365,756574.9997525922,758400.9999621804
708922.9997838133,709299.9996484559,713482.9998240568,715222.9996872589,718103.0000175006,721269.9999515254,731300.0000935851,732985.0003370229,734821.0003798365,757214.9998844073,758400.9999621804
708922.9997838133,709299.9996484559,715222.9996872589,715374.9999866262,718103.0000175006,719377.9997889559,731300.0000935851,732985.0003370229,734821.0003798365,757214.9998844073,758400.9999621804
708922.9997838133,709299.9996484559,715222.9996872589,715374.9999866262,718103.0000175006,725674.9997847148,728524.0003840777,731300.0000935851,732985.0003370229,757214.9998844073,758400.9999621804
708922.9997838133,709299.9996484559,713545.9995036749,715374.9999866262,718103.0000175006,725674.9997847148,728524.0003840777,731300.0000935851,732985.0003370229,757214.9998844073,760078.0001457643
708922.9997838133,709299.9996484559,713545.9995036749,715374.9999866262,718103.0000175006,724183.999980887,728524.0003840777,731300.0000935851,732985.0003370229,758705.999688235,760078.0001457643
708922.9997838133,713545.9995036749,715374.9999866262,717211.9996188094,718103.0000175006,720612.000413724,724183.999980887,731300.0000935851,732985.0003370229,758705.999688235,760078.0001457643
708922.9997838133,710690.9999563367,713545.9995036749,717211.9996188094,718103.0000175006,720612.000413724,728868.0000111766,731300.0000935851,732985.0003370229,758705.999688235,760078.0001457643
707451.0003813618,710690.9999563367,713545.9995036749,717211.9996188094,719574.999419952,720612.000413724,728868.0000111766,731300.0000935851,732985.0003370229,758705.999688235,760078.0001457643
707451.0003813618,710690.9999563367,713545.9995036749,717211.9996188094,719574.999419952,728868.0000111766,731300.0000935851,732254.000451526,732985.0003370229,747063.999650433,760078.0001457643
707451.0003813618,710690.9999563367,717211.9996188094,719574.999419952,720003.9998223077,726527.0000183901,728868.0000111766,731300.0000935851,732254.000451526,747063.999650433,760078.0001457643
707451.0003813618,710690.9999563367,717211.9996188094,719574.999419952,720003.9998223077,726447.0000159814,726527.0000183901,728868.0000111766,731300.0000935851,752871.0000859776,760078.0001457643
707451.0003813618,710690.9999563367,716915.000028435,717211.9996188094,719574.999419952,720003.9998223077,726527.0000183901,728868.0000111766,740832.0000811315,752871.0000859776,760078.0001457643
707451.0003813618,710690.9999563367,712819.0001747796,717211.9996188094,719574.999419952,720003.9998223077,726527.0000183901,732963.999864832,740832.0000811315,752871.0000859776,760078.0001457643
707451.0003813618,710690.9999563367,712819.0001747796,717211.9996188094,719574.999419952,720003.9998223077,732963.999864832,740832.0000811315,741502.0004557892,745102.9997083653,752871.0000859776
710690.9999563367,712819.0001747796,715701.9999651986,717211.9996188094,719574.999419952,720003.9998223077,724713.0002809953,740832.0000811315,741502.0004557892,745102.9997083653,752871.0000859776
710690.9999563367,712819.0001747796,715701.9999651986,717211.9996188094,719574.999419952,720003.9998223077,724713.0002809953,740926.9999651015,741502.0004557892,745102.9997083653,752776.0002020076
710690.9999563367,712819.0001747796,712912.9997566579,715701.9999651986,717211.9996188094,719574.999419952,724713.0002809953,740926.9999651015,741502.0004557892,752193.9997740153,752776.0002020076
712819.0001747796,712912.9997566579,715701.9999651986,717211.9996188094,719574.999419952,721591.9999521449,724713.0002809953,730025.9999692932,741502.0004557892,752193.9997740153,752776.0002020076
708884.999919717,712819.0001747796,712912.9997566579,715701.9999651986,717211.9996188094,721591.9999521449,730025.9999692932,735402.9997812303,741502.0004557892,752193.9997740153,752776.0002020076
708884.999919717,712819.0001747796,712912.9997566579,715701.9999651986,717211.9996188094,721591.9999521449,730025.9999692932,730028.0005043768,735402.9997812303,752776.0002020076,763667.9997254275
708884.999919717,712819.0001747796,712912.9997566579,713174.9998010496,715701.9999651986,717211.9996188094,730028.0005043768,735402.9997812303,738443.0001203886,752776.0002020076,763667.9997254275
708884.999919717,712912.9997566579,713174.9998010496,715701.9999651986,715882.0002439413,717211.9996188094,730028.0005043768,735402.9997812303,738443.0001203886,749713.0001328457,763667.9997254275
708884.999919717,712912.9997566579,713174.9998010496,715701.9999651986,715882.0002439413,717910.9994113155,730028.0005043768,735402.9997812303,738443.0001203886,749014.0003403395,763667.9997254275
708884.999919717,712912.9997566579,715701.9999651986,715882.0002439413,717910.9994113155,720835.9997947803,730028.0005043768,730782.000126658,735402.9997812303,749014.0003403395,763667.9997254275
708884.999919717,712912.9997566579,715701.9999651986,716827.0001251233,717910.9994113155,720835.9997947803,729837.000245476,730028.0005043768,735402.9997812303,749014.0003403395,763667.9997254275
708884.999919717,711149.0001679166,716827.0001251233,717465.9995539398,717910.9994113155,720835.9997947803,729837.000245476,730028.0005043768,735402.9997812303,749014.0003403395,763667.9997254275
708884.999919717,711149.0001679166,716827.0001251233,717910.9994113155,720835.9997947803,723003.0004383321,724490.9996199845,729837.000245476,735402.9997812303,749014.0003403395,763667.9997254275
711149.0001679166,713350.9999111603,716369.9998033369,716827.0001251233,717910.9994113155,723003.0004383321,724490.9996199845,729837.000245476,735402.9997812303,749014.0003403395,763667.9997254275
711149.0001679166,713350.9999111603,713934.9997512181,716827.0001251233,717910.9994113155,723003.0004383321,724490.9996199845,729837.000245476,737837.9998333491,749014.0003403395,763667.9997254275
700248.9997810683,713350.9999111603,713934.9997512181,716827.0001251233,717910.9994113155,723003.0004383321,729837.000245476,735391.0000068329,737837.9998333491,749014.0003403395,763667.9997254275
700248.9997810683,713350.9999111603,713934.9997512181,716827.0001251233,717910.9994113155,729837.000245476,735391.0000068329,737837.9998333491,739047.0001625357,747624.0000012238,749014.0003403395
700248.9997810683,713350.9999111603,713934.9997512181,714480.9997720853,716827.0001251233,729837.000245476,735391.0000068329,737837.9998333491,739047.0001625357,747624.0000012238,752443.9999795697
700248.9997810683,713350.9999111603,713934.9997512181,714480.9997720853,718951.0002059215,729837.000245476,733266.9999260347,737837.9998333491,739047.0001625357,747624.0000012238,752443.9999795697
700248.9997810683,710898.9999706957,713934.9997512181,714480.9997720853,718951.0002059215,729837.000245476,733266.9999260347,739047.0001625357,740289.9997738138,747624.0000012238,752443.9999795697
700248.9997810683,710898.9999706957,713934.9997512181,714480.9997720853,718951.0002059215,725468.999921708,737635.0002498027,739047.0001625357,740289.9997738138,747624.0000012238,752443.9999795697
700248.9997810683,710898.9999706957,713934.9997512181,714480.9997720853,718951.0002059215,725468.999921708,726676.0002763896,737635.0002498027,740289.9997738138,752443.9999795697,759994.9998873698
700248.9997810683,713934.9997512181,714480.9997720853,715841.0000446811,718951.0002059215,720526.9998477226,726676.0002763896,737635.0002498027,740289.9997738138,752443.9999795697,759994.9998873698
700248.9997810683,713934.9997512181,714480.9997720853,715841.0000446811,720526.9998477226,724584.0002128137,726676.0002763896,732002.0002429105,740289.9997738138,752443.9999795697,759994.9998873698
700248.9997810683,713934.9997512181,714480.9997720853,715841.0000446811,719570.0002254489,720526.9998477226,726676.0002763896,732002.0002429105,745303.9997611786,752443.9999795697,759994.9998873698
700248.9997810683,713934.9997512181,715154.0006584049,715841.0000446811,719570.0002254489,720526.9998477226,726676.0002763896,732002.0002429105,745303.9997611786,751770.9990932501,759994.9998873698
700248.9997810683,712936.999931683,715154.0006584049,716838.9998642164,719570.0002254489,720526.9998477226,726676.0002763896,732002.0002429105,745303.9997611786,751770.9990932501,759994.9998873698
700248.9997810683,715154.0006584049,716838.9998642164,717095.9999299248,719570.0002254489,720526.9998477226,726676.0002763896,727843.0002446686,745303.9997611786,751770.9990932501,759994.9998873698
700248.9997810683,715154.0006584049,716403.9997897275,716838.9998642164,717095.9999299248,723693.000283444,726676.0002763896,727843.0002446686,745303.9997611786,751770.9990932501,759994.9998873698
715154.0006584049,716403.9997897275,716838.9998642164,717095.9999299248,721370.9996778563,723693.000283444,726676.0002763896,727843.0002446686,738872.9999905818,745303.9997611786,751770.9990932501
713527.0002413895,715154.0006584049,716403.9997897275,716838.9998642164,717095.9999299248,721370.9996778563,723693.000283444,727843.0002446686,745303.9997611786,751770.9990932501,752022.0000255819
713527.0002413895,715154.0006584049,716403.9997897275,716838.9998642164,717095.9999299248,721370.9996778563,723693.000283444,736503.9998969692,736643.000108878,751770.9990932501,752022.0000255819
713527.0002413895,715154.0006584049,716403.9997897275,716838.9998642164,721370.9996778563,723693.000283444,726742.0001313055,726996.9999074973,736503.9998969692,751770.9990932501,752022.0000255819
715154.0006584049,716403.9997897275,716838.9998642164,721370.9996778563,721713.9999477826,723693.000283444,726742.0001313055,726996.9999074973,736503.9998969692,743835.0003191888,751770.9990932501
715154.0006584049,716403.9997897275,716838.9998642164,721370.9996778563,723693.000283444,726742.0001313055,726996.9999074973,728809.000396091,736503.9998969692,736739.9998708803,751770.9990932501
715154.0006584049,716403.9997897275,716838.9998642164,723693.000283444,726742.0001313055,726996.9999074973,728087.9994851506,728809.000396091,730023.000063586,736503.9998969692,751770.9990932501
715154.0006584049,715238.0001323994,716403.9997897275,716838.9998642164,723693.000283444,726742.0001313055,726996.9999074973,728087.9994851506,736503.9998969692,743594.0003272777,751770.9990932501
715238.0001323994,716403.9997897275,716838.9998642164,718767.0009245153,720080.0000173335,726742.0001313055,726996.9999074973,728087.9994851506,736503.9998969692,743594.0003272777,751770.9990932501
715238.0001323994,716403.9997897275,716838.9998642164,718767.0009245153,720080.0000173335,720102.0001453151,726996.9999074973,728087.9994851506,743143.9998829596,743594.0003272777,751770.9990932501
715238.0001323994,715272.9997046578,716403.9997897275,718767.0009245153,720080.0000173335,720102.0001453151,728087.9994851506,728563.0000670559,743143.9998829596,743594.0003272777,751770.9990932501
713633.9997324608,715238.0001323994,716403.9997897275,718767.0009245153,720080.0000173335,721741.0001175121,728087.9994851506,728563.0000670559,743143.9998829596,743594.0003272777,751770.9990932501
700192.0000804964,713633.9997324608,715238.0001323994,716403.9997897275,718767.0009245153,728087.9994851506,728563.0000670559,741629.0000543492,743143.9998829596,743594.0003272777,751770.9990932501
696032.9997819025,700192.0000804964,713633.9997324608,718767.0009245153,728087.9994851506,728563.0000670559,735609.0001402244,741629.0000543492,743143.9998829596,743594.0003272777,751770.9990932501
696032.9997819025,713633.9997324608,714320.9999572607,718767.0009245153,728087.9994851506,728563.0000670559,729015.0000061954,735609.0001402244,741629.0000543492,743594.0003272777,751770.9990932501
696032.9997819025,712981.9999495614,713633.9997324608,714320.9999572607,718767.0009245153,728087.9994851506,728563.0000670559,741629.0000543492,743594.0003272777,751642.0001968583,751770.9990932501
712981.9999495614,713633.9997324608,714320.9999572607,718767.0009245153,719595.9998548913,728079.0001238695,728087.9994851506,728563.0000670559,741629.0000543492,743594.0003272777,751770.9990932501
701095.9998548783,713633.9997324608,718767.0009245153,719595.9998548913,726207.0000519438,728079.0001238695,728087.9994851506,728563.0000670559,741629.0000543492,743594.0003272777,751770.9990932501
701095.9998548783,713633.9997324608,718767.0009245153,719595.9998548913,726207.0000519438,728079.0001238695,728087.9994851506,734789.9999599063,735402.0001614988,743594.0003272777,751770.9990932501
701095.9998548783,716937.0001526208,718767.0009245153,719595.9998548913,726207.0000519438,728079.0001238695,728087.9994851506,732098.9997413388,734789.9999599063,743594.0003272777,751770.9990932501
692165.9997969879,718767.0009245153,719595.9998548913,725867.0002105113,726207.0000519438,728079.0001238695,728087.9994851506,732098.9997413388,734789.9999599063,743594.0003272777,751770.9990932501
698316.0000339956,718767.0009245153,719595.9998548913,719716.9999735036,726207.0000519438,728079.0001238695,728087.9994851506,732098.9997413388,734789.9999599063,743594.0003272777,751770.9990932501
698316.0000339956,718767.0009245153,719283.9998472824,719716.9999735036,726519.0000595527,728079.0001238695,728087.9994851506,732098.9997413388,734789.9999599063,743594.0003272777,751770.9990932501
698316.0000339956,718767.0009245153,719283.9998472824,719716.9999735036,727131.0001212645,728079.0001238695,728087.9994851506,732098.9997413388,734177.9998981946,743594.0003272777,751770.9990932501
698316.0000339956,718767.0009245153,719283.9998472824,719716.9999735036,727131.0001212645,728079.0001238695,728087.9994851506,731865.999870515,734410.9997690184,743594.0003272777,751770.9990932501
698316.0000339956,718724.000151063,718767.0009245153,719283.9998472824,719716.9999735036,727131.0001212645,728087.9994851506,731865.999870515,734410.9997690184,743594.0003272777,761125.9990660567
698316.0000339956,718724.000151063,718767.0009245153,719283.9998472824,719716.9999735036,724929.9998292826,728087.9994851506,734067.0001624968,734410.9997690184,743594.0003272777,761125.9990660567
698316.0000339956,718724.000151063,718767.0009245153,719283.9998472824,719716.9999735036,720577.0001840908,728087.9994851506,734410.9997690184,738419.9998076886,743594.0003272777,761125.9990660567
704208.0001329192,712832.0000521394,718767.0009245153,719283.9998472824,719716.9999735036,720577.0001840908,728087.9994851506,734410.9997690184,738419.9998076886,743594.0003272777,761125.9990660567
704208.0001329192,712832.0000521394,719283.9998472824,719716.9999735036,720577.0001840908,720643.9998995359,728087.9994851506,734410.9997690184,738419.9998076886,743594.0003272777,759249.0000910361
704208.0001329192,712832.0000521394,713336.0000472785,719283.9998472824,720643.9998995359,726958.000110316,728087.9994851506,734410.9997690184,738419.9998076886,743594.0003272777,759249.0000910361
704208.0001329192,712832.0000521394,713336.0000472785,713999.0000988055,719283.9998472824,720643.9998995359,728087.9994851506,734410.9997690184,743594.0003272777,751378.9998191991,759249.0000910361
704208.0001329192,707329.000238609,712832.0000521394,719283.9998472824,720005.999907475,720643.9998995359,728087.9994851506,734410.9997690184,743594.0003272777,751378.9998191991,759249.0000910361
704208.0001329192,707329.000238609,712832.0000521394,716913.9994396479,720005.999907475,720643.9998995359,730457.9998927851,734410.9997690184,743594.0003272777,751378.9998191991,759249.0000910361
704208.0001329192,707329.000238609,712832.0000521394,716913.9994396479,718327.9998112326,720005.999907475,720643.9998995359,734410.9997690184,751378.9998191991,755724.0004088302,759249.0000910361
704208.0001329192,707329.000238609,712832.0000521394,716913.9994396479,718327.9998112326,720643.9998995359,725584.9998063628,728831.9998701306,751378.9998191991,755724.0004088302,759249.0000910361
697706.9994457378,704208.0001329192,707329.000238609,712832.0000521394,720643.9998995359,725584.9998063628,728831.9998701306,737534.9998051426,751378.9998191991,755724.0004088302,759249.0000910361
704208.0001329192,707329.000238609,712832.0000521394,714429.9993505733,720643.9998995359,720811.9999003072,725584.9998063628,728831.9998701306,751378.9998191991,755724.0004088302,759249.0000910361
704208.0001329192,707329.000238609,712832.0000521394,714429.9993505733,716528.9997869878,720643.9998995359,720811.9999003072,737887.9998895056,751378.9998191991,755724.0004088302,759249.0000910361
704208.0001329192,707329.000238609,711964.0001506096,714429.9993505733,716528.9997869878,720643.9998995359,720811.9999003072,738755.9997910353,751378.9998191991,755724.0004088302,759249.0000910361
703805.0001552083,707329.000238609,711964.0001506096,714832.9993282842,716528.9997869878,720643.9998995359,720811.9999003072,738755.9997910353,751378.9998191991,755724.0004088302,759249.0000910361
703805.0001552083,707329.000238609,711964.0001506096,716528.9997869878,720643.9998995359,720811.9999003072,733042.0004162005,737514.9993209139,738755.9997910353,751378.9998191991,759249.0000910361
703805.0001552083,707329.000238609,711964.0001506096,716528.9997869878,719738.9995729568,720643.9998995359,733042.0004162005,738587.9996482643,738755.9997910353,751378.9998191991,759249.0000910361
699611.000131463,703805.0001552083,716528.9997869878,719682.0002577556,719738.9995729568,720643.9998995359,733042.0004162005,738587.9996482643,738755.9997910353,751378.9998191991,759249.0000910361
703805.0001552083,713426.9997670985,716528.9997869878,719682.0002577556,719738.9995729568,720643.9998995359,724940.0001553999,733042.0004162005,738587.9996482643,751378.9998191991,759249.0000910361
712922.9997963646,713426.9997670985,716528.9997869878,719682.0002577556,719738.9995729568,720643.9998995359,724940.0001553999,729470.000007108,733042.0004162005,751378.9998191991,759249.0000910361
712922.9997963646,713426.9997670985,716528.9997869878,719682.0002577556,719738.9995729568,720643.9998995359,726119.9999260536,729470.000007108,733042.0004162005,750199.0000485454,759249.0000910361
713426.9997670985,713845.9995973425,716528.9997869878,718815.999771979,719682.0002577556,720643.9998995359,726119.9999260536,729470.000007108,733042.0004162005,750199.0000485454,759249.0000910361
713426.9997670985,713845.9995973425,716528.9997869878,718815.999771979,719682.0002577556,720643.9998995359,729470.000007108,733042.0004162005,739950.9998511455,745418.0001659441,750199.0000485454
713845.9995973425,714604.999972451,716528.9997869878,718504.000052403,718815.999771979,720643.9998995359,729470.000007108,733042.0004162005,739950.9998511455,745418.0001659441,750199.0000485454
713845.9995973425,716528.9997869878,716757.9999920533,718504.000052403,718815.999771979,720643.9998995359,729470.000007108,733042.0004162005,739950.9998511455,745418.0001659441,748046.0000289432
713845.9995973425,716528.9997869878,718504.000052403,718815.999771979,719854.0001572804,720643.9998995359,729470.000007108,733042.0004162005,739950.9998511455,744949.9998637161,745418.0001659441
695649.9997762971,713845.9995973425,718815.999771979,719854.0001572804,720643.9998995359,729470.000007108,733042.0004162005,739383.0000630936,739950.9998511455,744949.9998637161,745418.0001659441
695649.9997762971,713845.9995973425,716747.0000830771,718815.999771979,719854.0001572804,720643.9998995359,739383.0000630936,739950.9998511455,744949.9998637161,745418.0001659441,745765.0003402313
695649.9997762971,713845.9995973425,716747.0000830771,718815.999771979,719854.0001572804,720265.000064384,739383.0000630936,739950.9998511455,744949.9998637161,745765.0003402313,745797.000001096
695649.9997762971,697665.9993927885,716747.0000830771,719854.0001572804,720265.000064384,734995.999976533,739383.0000630936,739950.9998511455,744949.9998637161,745765.0003402313,745797.000001096
694003.9994308673,697665.9993927885,716747.0000830771,719854.0001572804,720265.000064384,734995.999976533,739950.9998511455,741029.0004085235,744949.9998637161,745765.0003402313,745797.000001096
694003.9994308673,697587.0002042229,697665.9993927885,720265.000064384,734995.999976533,739014.0000361346,739950.9998511455,741029.0004085235,744949.9998637161,745765.0003402313,745797.000001096
694003.9994308673,697665.9993927885,699251.0000812997,720265.000064384,733332.0000994562,739014.0000361346,739950.9998511455,741029.0004085235,744949.9998637161,745765.0003402313,745797.000001096
694003.9994308673,699251.0000812997,706049.999772077,720265.000064384,733332.0000994562,737380.9999609429,739014.0000361346,739950.9998511455,741029.0004085235,744949.9998637161,745797.000001096
694003.9994308673,699251.0000812997,706049.999772077,714487.9997961959,720265.000064384,737380.9999609429,739950.9998511455,741029.0004085235,744949.9998637161,745797.000001096,757858.0003393949
694003.9994308673,699251.0000812997,714487.9997961959,719078.9997006659,720265.000064384,724352.0000323539,739950.9998511455,741029.0004085235,744949.9998637161,745797.000001096,757858.0003393949
694065.9998165614,699251.0000812997,714487.9997961959,719078.9997006659,720265.000064384,724352.0000323539,739950.9998511455,740967.0000228294,744949.9998637161,745797.000001096,757858.0003393949
694065.9998165614,699251.0000812997,714487.9997961959,719078.9997006659,720265.000064384,724352.0000323539,739950.9998511455,740537.9999694607,745378.9999170848,745797.000001096,757858.0003393949
694065.9998165614,699251.0000812997,719078.9997006659,720265.000064384,724352.0000323539,734967.0001443578,737378.999991233,739950.9998511455,740537.9999694607,745378.9999170848,745797.000001096
694065.9998165614,713386.0000402674,719078.9997006659,720265.000064384,723244.0000322653,724352.0000323539,734967.0001443578,739950.9998511455,740537.9999694607,745378.9999170848,745797.000001096
713386.0000402674,715456.9999704285,719078.9997006659,719146.9998155935,720265.000064384,723244.0000322653,724352.0000323539,734967.0001443578,739950.9998511455,745378.9999170848,745797.000001096
700331.9999558239,715456.9999704285,719078.9997006659,719146.9998155935,720265.000064384,724352.0000323539,734967.0001443578,736298.0001167088,739950.9998511455,745378.9999170848,745797.000001096
700331.9999558239,715456.9999704285,719078.9997006659,719146.9998155935,722133.0001305748,724352.0000323539,734967.0001443578,736298.0001167088,739950.9998511455,743928.9999349052,745378.9999170848
700331.9999558239,714274.9999289382,715456.9999704285,719146.9998155935,722133.0001305748,729155.9998040816,734967.0001443578,736298.0001167088,739950.9998511455,743928.9999349052,745378.9999170848
700331.9999558239,714274.9999289382,715456.9999704285,719146.9998155935,720743.9999951123,722133.0001305748,729155.9998040816,734967.0001443578,739950.9998511455,743928.9999349052,760933.0000386813
700331.9999558239,713717.9999594827,714274.9999289382,719146.9998155935,722133.0001305748,722483.0000060581,729155.9998040816,734967.0001443578,739950.9998511455,743928.9999349052,760933.0000386813
700331.9999558239,713717.9999594827,714274.9999289382,715975.0001613491,719146.9998155935,722483.0000060581,729155.9998040816,739950.9998511455,741125.0001135835,743928.9999349052,760933.0000386813
700331.9999558239,708275.9998457425,714274.9999289382,715975.0001613491,722483.0000060581,724588.9999293337,729155.9998040816,739950.9998511455,741125.0001135835,743928.9999349052,760933.0000386813
701417.9999960976,708275.9998457425,714274.9999289382,715975.0001613491,721396.9999657844,724588.9999293337,729155.9998040816,739950.9998511455,741125.0001135835,743928.9999349052,760933.0000386813
708275.9998457425,709291.0000880336,713523.9998738484,714274.9999289382,715975.0001613491,724588.9999293337,729155.9998040816,739950.9998511455,741125.0001135835,743928.9999349052,760933.0000386813
708275.9998457425,709291.0000880336,713523.9998738484,714274.9999289382,716120.0000589183,724588.9999293337,729155.9998040816,739805.9999535764,741125.0001135835,743928.9999349052,760933.0000386813
708275.9998457425,713523.9998738484,713731.9999710557,714274.9999289382,716120.0000589183,724588.9999293337,729155.9998040816,736684.0002305615,739805.9999535764,743928.9999349052,760933.0000386813
708275.9998457425,713523.9998738484,714274.9999289382,716120.0000589183,722988.0000792664,724588.9999293337,727428.0001223508,729155.9998040816,739805.9999535764,743928.9999349052,760933.0000386813
708275.9998457425,713523.9998738484,714274.9999289382,716120.0000589183,722135.0001119657,722988.0000792664,724588.9999293337,729155.9998040816,743928.9999349052,745098.9999639613,760933.0000386813
708275.9998457425,713523.9998738484,714274.9999289382,716120.0000589183,722135.0001119657,722916.9999027343,722988.0000792664,729155.9998040816,743928.9999349052,745098.9999639613,762605.0000652806
708275.9998457425,713523.9998738484,716029.0000006731,716120.0000589183,722135.0001119657,722916.9999027343,722988.0000792664,727401.9997323467,743928.9999349052,745098.9999639613,762605.0000652806
709542.9998623934,713523.9998738484,716029.0000006731,716120.0000589183,721649.9998860834,722135.0001119657,722988.0000792664,727401.9997323467,743928.9999349052,745098.9999639613,762605.0000652806
709542.9998623934,713523.9998738484,715359.9999259643,716029.0000006731,716120.0000589183,721649.9998860834,727401.9997323467,729763.0002652678,743928.9999349052,745098.9999639613,762605.0000652806
705581.9999643926,713523.9998738484,715359.9999259643,716029.0000006731,716120.0000589183,725610.9997840842,727401.9997323467,729763.0002652678,743928.9999349052,745098.9999639613,762605.0000652806
705581.9999643926,713523.9998738484,715359.9999259643,716029.0000006731,716120.0000589183,720184.0002297125,725610.9997840842,736980.9997679021,743928.9999349052,745098.9999639613,762605.0000652806
705581.9999643926,708689.9999476067,713523.9998738484,716029.0000006731,720184.0002297125,722790.0000372758,725610.9997840842,736980.9997679021,743928.9999349052,745098.9999639613,762605.0000652806
705581.9999643926,708689.9999476067,715761.9997552137,716029.0000006731,720184.0002297125,722790.0000372758,725610.9997840842,734742.9998865367,743928.9999349052,745098.9999639613,762605.0000652806
705581.9999643926,708689.9999476067,715761.9997552137,716029.0000006731,722163.0002403728,722790.0000372758,725610.9997840842,732763.9998758764,743928.9999349052,745098.9999639613,762605.0000652806
708689.9999476067,715761.9997552137,716029.0000006731,722163.0002403728,722790.0000372758,725610.9997840842,732763.9998758764,733201.9999583038,734985.0000713696,743928.9999349052,745098.9999639613
708689.9999476067,715761.9997552137,719569.0001175409,722163.0002403728,722790.0000372758,725610.9997840842,729223.9997590085,733201.9999583038,734985.0000713696,743928.9999349052,745098.9999639613
708689.9999476067,715761.9997552137,719569.0001175409,722163.0002403728,722790.0000372758,725492.9999885098,725610.9997840842,729223.9997590085,733201.9999583038,743928.9999349052,754591.0000468211
708689.9999476067,715761.9997552137,719569.0001175409,722163.0002403728,725492.9999885098,725610.9997840842,725697.0001351215,729223.9997590085,733201.9999583038,741021.9998370595,754591.0000468211
708689.9999476067,715077.0000758431,720253.9997969116,722163.0002403728,725492.9999885098,725610.9997840842,725697.0001351215,729223.9997590085,733201.9999583038,741021.9998370595,754591.0000468211
702700.999866347,715077.0000758431,720253.9997969116,722163.0002403728,725610.9997840842,725697.0001351215,729223.9997590085,731482.0000697696,733201.9999583038,741021.9998370595,754591.0000468211
702700.999866347,715077.0000758431,717700.999842622,720253.9997969116,722163.0002403728,725697.0001351215,729223.9997590085,731482.0000697696,741021.9998370595,741111.999899766,754591.0000468211
702700.999866347,715077.0000758431,716256.9999410593,720253.9997969116,722163.0002403728,725697.0001351215,729223.9997590085,731482.0000697696,741021.9998370595,742555.9998013286,754591.0000468211
702700.999866347,716256.9999410593,716954.0002360899,720253.9997969116,722163.0002403728,725697.0001351215,727346.9995987617,731482.0000697696,741021.9998370595,742555.9998013286,754591.0000468211
702700.999866347,716954.0002360899,720253.9997969116,722163.0002403728,725697.0001351215,727346.9995987617,729218.9997780441,729593.9999643438,731482.0000697696,741021.9998370595,754591.0000468211
704039.9998591194,716954.0002360899,720253.9997969116,722163.0002403728,725697.0001351215,727346.9995987617,729218.9997780441,729593.9999643438,730143.0000769971,741021.9998370595,754591.0000468211
704039.9998591194,716887.0001792324,716954.0002360899,720253.9997969116,722163.0002403728,727346.9995987617,729218.9997780441,729593.9999643438,730143.0000769971,749831.9997929486,754591.0000468211
704039.9998591194,712913.9997555305,716887.0001792324,722163.0002403728,724294.000277471,727346.9995987617,729218.9997780441,729593.9999643438,730143.0000769971,749831.9997929486,754591.0000468211
704039.9998591194,712913.9997555305,716887.0001792324,721579.000179452,722163.0002403728,729218.9997780441,729593.9999643438,730061.9996967807,730143.0000769971,749831.9997929486,754591.0000468211
709032.9999397947,712913.9997555305,716887.0001792324,721579.000179452,722163.0002403728,725149.999996322,729218.9997780441,729593.9999643438,730061.9996967807,749831.9997929486,754591.0000468211
709032.9999397947,712913.9997555305,715769.999989795,716887.0001792324,721579.000179452,725149.999996322,729218.9997780441,730061.9996967807,735987.0002149217,749831.9997929486,754591.0000468211
709032.9999397947,712913.9997555305,715769.999989795,721579.000179452,725149.999996322,726051.9999159558,729218.9997780441,730061.9996967807,735987.0002149217,740667.0000562251,754591.0000468211
709032.9999397947,714926.9999525351,715769.999989795,719565.9999824474,725149.999996322,726051.9999159558,729218.9997780441,730061.9996967807,735987.0002149217,740667.0000562251,754591.0000468211
709032.9999397947,714926.9999525351,719565.9999824474,725149.999996322,726051.9999159558,729085.9999853186,729218.9997780441,730061.9996967807,735987.0002149217,740667.0000562251,741275.0000512975
709032.9999397947,714926.9999525351,719565.9999824474,726028.000077782,726051.9999159558,729085.9999853186,729218.9997780441,730061.9996967807,735987.0002149217,740396.9999698375,740667.0000562251
712085.0002047231,714926.9999525351,719565.9999824474,722975.9998128535,726051.9999159558,729085.9999853186,729218.9997780441,730061.9996967807,735987.0002149217,740396.9999698375,740667.0000562251
714864.0001398952,714926.9999525351,719565.9999824474,722975.9998128535,726051.9999159558,729085.9999853186,729218.9997780441,730061.9996967807,735987.0002149217,737618.0000346653,740667.0000562251
714864.0001398952,714926.9999525351,719565.9999824474,722975.9998128535,725060.9998379307,729085.9999853186,729218.9997780441,730061.9996967807,735987.0002149217,737618.0000346653,741658.0001342503
706495.000047481,714926.9999525351,719565.9999824474,725060.9998379307,729085.9999853186,729218.9997780441,730061.9996967807,731344.9999052677,735987.0002149217,737618.0000346653,741658.0001342503
706495.000047481,714926.9999525351,719565.9999824474,721647.99998761,725060.9998379307,729218.9997780441,730061.9996967807,731344.9999052677,737618.0000346653,741658.0001342503,743425.0002126303
706495.000047481,712850.9999234705,714926.9999525351,719565.9999824474,725060.9998379307,730061.9996967807,731344.9999052677,737618.0000346653,738015.9998421835,741658.0001342503,743425.0002126303
706495.0000474666,712850.9999234705,714926.9999525351,719565.9999824474,725060.9998379451,730061.9996967807,731344.9999052677,737618.0000346653,738015.9998421835,741658.0001342503,743425.0002126303
706495.0000474666,714926.9999525351,719565.9999824474,725060.9998379451,725947.0002374138,730061.9996967807,730328.999898687,731344.9999052677,737618.0000346653,738015.9998421835,741658.0001342503
706495.0000474666,714926.9999525351,719565.9999824474,724099.9999968347,725060.9998379451,725947.0002374138,730061.9996967807,731344.9999052677,738015.9998421835,741658.0001342503,743846.9999365178
706495.0000474666,714926.9999525351,721636.0000964929,724099.9999968347,725060.9998379451,725947.0002374138,727991.9995827351,731344.9999052677,738015.9998421835,741658.0001342503,743846.9999365178
706495.0000474666,714926.9999525351,718452.9998841303,721636.0000964929,725060.9998379451,725947.0002374138,727991.9995827351,731344.9999052677,741658.0001342503,743662.9999548879,743846.9999365178
706495.0000474666,714926.9999525351,718452.9998841303,721636.0000964929,725060.9998379451,727991.9995827351,729639.0002236884,731344.9999052677,740154.9999502432,741658.0001342503,743662.9999548879
706495.0000474666,714926.9999525351,718452.9998841303,721636.0000964929,723392.9997138756,725060.9998379451,731344.9999052677,734238.0000925479,740154.9999502432,741658.0001342503,743662.9999548879
713938.999941744,714926.9999525351,718452.9998841303,721636.0000964929,723392.9997138756,725060.9998379451,731344.9999052677,734214.0002399728,734238.0000925479,740154.9999502432,743662.9999548879
713022.9998078299,713938.999941744,714926.9999525351,721636.0000964929,723392.9997138756,725060.9998379451,731344.9999052677,734214.0002399728,734238.0000925479,740154.9999502432,749093.0000311884
713938.999941744,714926.9999525351,717719.999734862,721636.0000964929,723392.9997138756,725060.9998379451,731344.9999052677,734214.0002399728,734238.0000925479,735458.000023211,749093.0000311884
714898.0000640461,714926.9999525351,717719.999734862,721636.0000964929,723392.9997138756,725060.9998379451,731344.9999052677,734214.0002399728,734238.0000925479,735458.000023211,748133.9999088863
714926.9999525351,717719.999734862,719141.9999893861,721636.0000964929,723392.9997138756,725060.9998379451,731344.9999052677,734214.0002399728,734238.0000925479,735458.000023211,743889.9999835463
709863.9997799367,714926.9999525351,721636.0000964929,723392.9997138756,725060.9998379451,726997.9999443113,731344.9999052677,734214.0002399728,734238.0000925479,735458.000023211,743889.9999835463
709863.9997799367,714926.9999525351,721636.0000964929,723392.9997138756,725060.9998379451,726860.0000298892,731344.9999052677,734214.0002399728,734238.0000925479,735595.9999376333,743889.9999835463
709863.9997799367,714926.9999525351,715892.9999836063,721636.0000964929,723392.9997138756,725060.9998379451,726860.0000298892,734214.0002399728,734238.0000925479,735595.9999376333,759341.9999052079
709863.9997799367,714926.9999525351,715892.9999836063,720084.999877535,721636.0000964929,725060.9998379451,726860.0000298892,734214.0002399728,735595.9999376333,737545.9999288884,759341.9999052079
709863.9997799367,714926.9999525351,719104.0000308536,720084.999877535,721636.0000964929,725060.9998379451,726860.0000298892,734214.0002399728,735595.9999376333,737545.9999288884,756130.9998579605
709863.9997799367,714926.9999525351,715781.9998727433,720084.999877535,721636.0000964929,725060.9998379451,726860.0000298892,734214.0002399728,735595.9999376333,737545.9999288884,759453.0000160708
709863.9997799367,714926.9999525351,715781.9998727433,715864.9999586333,720084.999877535,721636.0000964929,725060.9998379451,734214.0002399728,735595.9999376333,748541.0000001442,759453.0000160708
709863.9997799367,714926.9999525351,715781.9998727433,717097.0001373546,720084.999877535,720403.9999177717,725060.9998379451,734214.0002399728,735595.9999376333,748541.0000001442,759453.0000160708
709863.9997799367,714926.9999525351,715781.9998727433,717097.0001373546,720084.999877535,720403.9999177717,725060.9998379451,730637.9997872942,734214.0002399728,753499.0001504833,759453.0000160708
714926.9999525351,715781.9998727433,717097.0001373546,720084.999877535,720403.9999177717,725060.9998379451,726308.000035535,730637.9997872942,734214.0002399728,737054.9998948851,759453.0000160708
714926.9999525351,715781.9998727433,717097.0001373546,719455.0000746679,721033.9997206389,725060.9998379451,726308.000035535,730637.9997872942,734214.0002399728,737054.9998948851,759453.0000160708
714926.9999525351,717097.0001373546,719455.0000746679,721033.9997206389,725060.9998379451,726308.000035535,727565.0000517874,730637.9997872942,734214.0002399728,737054.9998948851,747669.9998370267
714926.9999525351,717097.0001373546,719455.0000746679,721033.9997206389,725060.9998379451,725984.0004152517,726308.000035535,727565.0000517874,730637.9997872942,737054.9998948851,755899.9996617478
714926.9999525351,717294.9996482967,719455.0000746679,720836.0002096967,725060.9998379451,725984.0004152517,726308.000035535,727565.0000517874,730637.9997872942,737054.9998948851,755899.9996617478
714094.0002849142,714926.9999525351,717294.9996482967,719455.0000746679,720836.0002096967,726308.000035535,727565.0000517874,730637.9997872942,736950.9999682826,737054.9998948851,755899.9996617478
705062.9999123635,714094.0002849142,714926.9999525351,720836.0002096967,726308.000035535,727565.0000517874,730637.9997872942,731686.9998106011,736950.9999682826,737054.9998948851,755899.9996617478
705062.9999123635,714024.0002129163,714094.0002849142,721738.9999493156,726308.000035535,727565.0000517874,730637.9997872942,731686.9998106011,736950.9999682826,737054.9998948851,755899.9996617478
705062.9999123635,714024.0002129163,714094.0002849142,715354.0001036362,721738.9999493156,727565.0000517874,730637.9997872942,731686.9998106011,736950.9999682826,748008.9998267839,755899.9996617478
705062.9999123635,714024.0002129163,715354.0001036362,717388.0000687664,721738.9999493156,727565.0000517874,730637.9997872942,731686.9998106011,733657.0001844304,748008.9998267839,755899.9996617478
705062.9999123635,714024.0002129163,715354.0001036362,717388.0000687664,721738.9999493156,726045.0002274299,730637.9997872942,731686.9998106011,733657.0001844304,748008.9998267839,757419.9994861053
705062.9999123635,705325.9996438486,714024.0002129163,717388.0000687664,721738.9999493156,726045.0002274299,731686.9998106011,733657.0001844304,740666.0002470817,748008.9998267839,757419.9994861053
705062.9999123635,705325.9996438486,715637.0001825071,717388.0000687664,721738.9999493156,726045.0002274299,730073.9998410103,733657.0001844304,740666.0002470817,748008.9998267839,757419.9994861053
705062.9999123635,705325.9996438486,715637.0001825071,717388.0000687664,721738.9999493156,730073.9998410103,732036.000236792,733657.0001844304,740666.0002470817,748008.9998267839,751428.9994767432
705062.9999123635,715637.0001825071,717388.0000687664,721738.9999493156,722203.9994368593,730073.9998410103,732036.000236792,733657.0001844304,734550.9996837325,740666.0002470817,748008.9998267839
705062.9999123635,706314.9996574491,717388.0000687664,722203.9994368593,730073.9998410103,731061.0004743736,732036.000236792,733657.0001844304,734550.9996837325,740666.0002470817,748008.9998267839
705062.9999123635,706314.9996574491,717388.0000687664,722203.9994368593,725968.9997869763,731061.0004743736,732036.000236792,733657.0001844304,738655.9997377666,740666.0002470817,748008.9998267839
705062.9999123635,706314.9996574491,717388.0000687664,721739.9996138657,725968.9997869763,731061.0004743736,732500.0000597856,733657.0001844304,738655.9997377666,740666.0002470817,748008.9998267839
705062.9999123635,706314.9996574491,717388.0000687664,720125.9999259574,725968.9997869763,731061.0004743736,733657.0001844304,734113.9997476939,738655.9997377666,740666.0002470817,748008.9998267839
705062.9999123635,706314.9996574491,717388.0000687664,720125.9999259574,725968.9997869763,726618.9997510341,731061.0004743736,738655.9997377666,740666.0002470817,741152.0001810902,748008.9998267839
705062.9999123635,706314.9996574491,714664.9997910681,717388.0000687664,725968.9997869763,726618.9997510341,731061.0004743736,740666.0002470817,741152.0001810902,744116.9998726558,748008.9998267839
705062.9999123635,706314.9996574491,717388.0000687664,722402.9998150676,725968.9997869763,726618.9997510341,731061.0004743736,733414.0001570907,740666.0002470817,744116.9998726558,748008.9998267839
705062.9999123635,706314.9996574491,717388.0000687664,721485.999672509,726618.9997510341,726885.9999295347,731061.0004743736,733414.0001570907,740666.0002470817,744116.9998726558,748008.9998267839
705062.9999123635,706314.9996574491,717388.0000687664,722286.0000045886,726618.9997510341,726885.9999295347,730261.000142294,733414.0001570907,740666.0002470817,744116.9998726558,748008.9998267839
705062.9999123635,706314.9996574491,717388.0000687664,722286.0000045886,726885.9999295347,729943.0000099029,730089.9998982219,730261.000142294,740666.0002470817,744116.9998726558,748008.9998267839
705062.9999123635,706314.9996574491,715006.0001027599,717388.0000687664,722286.0000045886,729943.0000099029,730089.9998982219,730261.000142294,744116.9998726558,748008.9998267839,752546.0000738566
702459.0001460545,705062.9999123635,715006.0001027599,717388.0000687664,722286.0000045886,729943.0000099029,730089.9998982219,734116.9996536885,744116.9998726558,748008.9998267839,752546.0000738566
702459.0001460545,705062.9999123635,717388.0000687664,722286.0000045886,727402.9999207837,729943.0000099029,730089.9998982219,734116.9996536885,735612.0000087601,744116.9998726558,752546.0000738566
702459.0001460545,705062.9999123635,720540.9999257461,722286.0000045886,726790.0001529232,727402.9999207837,730089.9998982219,734116.9996536885,735612.0000087601,744116.9998726558,752546.0000738566
702459.0001460545,705062.9999123635,719995.9994758763,720540.9999257461,726790.0001529232,727402.9999207837,730089.9998982219,735612.0000087601,736407.0001824008,744116.9998726558,752546.0000738566
702459.0001460545,705062.9999123635,719995.9994758763,720540.9999257461,723454.9999073169,726790.0001529232,727402.9999207837,735612.0000087601,736407.0001824008,744116.9998726558,759181.0000647616
692477.9996050692,715044.0004533487,719995.9994758763,720540.9999257461,723454.9999073169,726790.0001529232,727402.9999207837,735612.0000087601,736407.0001824008,744116.9998726558,759181.0000647616
692477.9996050692,713027.0000738716,715044.0004533487,719995.9994758763,726790.0001529232,727402.9999207837,730968.9997591914,735612.0000087601,736407.0001824008,744116.9998726558,759181.0000647616
692477.9996050692,713612.9998310775,715044.0004533487,719995.9994758763,726790.0001529232,727402.9999207837,730968.9997591914,735612.0000087601,736407.0001824008,743531.0001154499,759181.0000647616
692477.9996050692,713612.9998310775,715044.0004533487,718168.0000854828,719995.9994758763,726790.0001529232,727402.9999207837,735612.0000087601,736407.0001824008,756331.9997891585,759181.0000647616
692477.9996050692,713612.9998310775,715044.0004533487,718122.999909176,718168.0000854828,719995.9994758763,726790.0001529232,735612.0000087601,745687.0001940085,756331.9997891585,759181.0000647616
692477.9996050692,713612.9998310775,715044.0004533487,718168.0000854828,719995.9994758763,724503.999715425,726790.0001529232,735612.0000087601,739306.0003877595,756331.9997891585,759181.0000647616
692477.9996050692,713612.9998310775,718168.0000854828,719995.9994758763,721317.0008556228,724503.999715425,726790.0001529232,733032.9999854855,735612.0000087601,756331.9997891585,759181.0000647616
692477.9996050692,713612.9998310775,717133.0005871644,718168.0000854828,724179.9997443347,724503.999715425,726790.0001529232,733032.9999854855,735612.0000087601,756331.9997891585,759181.0000647616
692477.9996050692,713612.9998310775,717133.0005871644,718168.0000854828,721833.9999363248,724179.9997443347,726790.0001529232,735612.0000087601,735702.9997645856,756331.9997891585,759181.0000647616
692477.9996050692,713612.9998310775,717756.0001663226,718168.0000854828,721833.9999363248,724179.9997443347,726790.0001529232,735612.0000087601,735702.9997645856,756331.9997891585,758558.0004856035
692477.9996050692,713612.9998310775,718168.0000854828,718706.0000514754,720884.000051172,724179.9997443347,726790.0001529232,735612.0000087601,735702.9997645856,756331.9997891585,758558.0004856035
692477.9996050692,713612.9998310775,718168.0000854828,720884.000051172,724179.9997443347,725693.0001279552,726790.0001529232,735612.0000087601,735702.9997645856,751571.0004091236,756331.9997891585
692477.9996050692,713612.9998310775,716016.0007468602,720884.000051172,724179.9997443347,725693.0001279552,728941.9994915458,735612.0000087601,735702.9997645856,751571.0004091236,756331.9997891585
713367.0001842016,713612.9998310775,716016.0007468602,720884.000051172,724179.9997443347,725693.0001279552,728941.9994915458,730681.9998299911,735612.0000087601,735702.9997645856,756331.9997891585
713367.0001842016,713612.9998310775,716016.0007468602,722675.0000458872,724179.9997443347,725693.0001279552,728941.9994915458,730681.9998299911,735612.0000087601,735702.9997645856,754540.9997944433
712872.0000030984,713367.0001842016,713612.9998310775,722675.0000458872,724179.9997443347,725693.0001279552,730681.9998299911,732086.0002353076,735612.0000087601,735702.9997645856,754540.9997944433
712872.0000030984,713612.9998310775,716329.0001396633,722675.0000458872,724179.9997443347,725693.0001279552,727719.9998745294,732086.0002353076,735612.0000087601,735702.9997645856,754540.9997944433
712872.0000030984,716329.0001396633,719020.9999374533,722675.0000458872,724179.9997443347,725693.0001279552,727719.9998745294,732086.0002353076,735612.0000087601,735702.9997645856,749132.9996880675
712872.0000030984,719020.9999374533,719297.999695001,721211.000188997,722675.0000458872,725693.0001279552,727719.9998745294,732086.0002353076,735612.0000087601,735702.9997645856,749132.9996880675
712872.0000030984,713014.999991653,719020.9999374533,719297.999695001,721211.000188997,722675.0000458872,725693.0001279552,727719.9998745294,732086.0002353076,749132.9996880675,758299.9997816926
702859.0001977052,712872.0000030984,719020.9999374533,719297.999695001,721211.000188997,725693.0001279552,727719.9998745294,732086.0002353076,732830.999839835,749132.9996880675,758299.9997816926
702859.0001977052,703312.9996100966,712872.0000030984,719020.9999374533,721211.000188997,727719.9998745294,732086.0002353076,732830.999839835,741678.0002128597,749132.9996880675,758299.9997816926
702859.0001977052,703312.9996100966,712872.0000030984,713157.9997446168,721211.000188997,727719.9998745294,732086.0002353076,732830.999839835,741678.0002128597,754995.999880904,758299.9997816926
702859.0001977052,703312.9996100966,712872.0000030984,713157.9997446168,716591.9999033539,732086.0002353076,732339.0001601726,732830.999839835,741678.0002128597,754995.999880904,758299.9997816926
702859.0001977052,703312.9996100966,712872.0000030984,713416.9996275399,716591.9999033539,732086.0002353076,732339.0001601726,732830.999839835,741678.0002128597,754736.9999979809,758299.9997816926
702859.0001977052,712872.0000030984,713416.9996275399,716591.9999033539,722139.9999923962,722850.9998305601,732086.0002353076,732339.0001601726,732830.999839835,754736.9999979809,758299.9997816926
702859.0001977052,708046.999916568,712872.0000030984,716591.9999033539,722139.9999923962,722850.9998305601,732339.0001601726,732830.999839835,737455.9999462795,754736.9999979809,758299.9997816926
708046.999916568,712872.0000030984,716591.9999033539,717301.000069456,718388.9999680843,722139.9999923962,722850.9998305601,732339.0001601726,737455.9999462795,754736.9999979809,758299.9997816926
708046.999916568,712872.0000030984,715814.9999506377,716591.9999033539,718388.9999680843,722139.9999923962,722850.9998305601,732339.0001601726,737455.9999462795,756223.0001167991,758299.9997816926
708046.999916568,712872.0000030984,714160.0000620899,716591.9999033539,718388.9999680843,722139.9999923962,722850.9998305601,732339.0001601726,737455.9999462795,757878.000005347,758299.9997816926
708046.999916568,712872.0000030984,716591.9999033539,718388.9999680843,722139.9999923962,722850.9998305601,725198.0000305738,732339.0001601726,737455.9999462795,746840.000036863,758299.9997816926
708046.999916568,712703.9998247864,712872.0000030984,716591.9999033539,718388.9999680843,725198.0000305738,732286.9999981698,732339.0001601726,737455.9999462795,746840.000036863,758299.9997816926
708046.999916568,712703.9998247864,716591.9999033539,718388.9999680843,719886.0000049588,725198.0000305738,730441.999944419,732286.9999981698,732339.0001601726,746840.000036863,758299.9997816926
699603.999720579,712703.9998247864,716591.9999033539,718388.9999680843,725198.0000305738,728329.0002009479,730441.999944419,732286.9999981698,732339.0001601726,746840.000036863,758299.9997816926
707175.9998233969,712703.9998247864,716591.9999033539,717625.9999277559,718388.9999680843,728329.0002009479,730441.999944419,732286.9999981698,732339.0001601726,746840.000036863,758299.9997816926
707175.9998233969,712703.9998247864,716591.9999033539,717625.9999277559,726177.9999582872,728329.0002009479,730441.999944419,732286.9999981698,732339.0001601726,739051.0000466602,758299.9997816926
707175.9998233969,712703.9998247864,716591.9999033539,717625.9999277559,726770.9999736602,728329.0002009479,730441.999944419,732286.9999981698,732339.0001601726,738458.0000312872,758299.9997816926
707175.9998233969,712703.9998247864,716591.9999033539,718221.0001333863,726175.9997680298,728329.0002009479,730441.999944419,732286.9999981698,732339.0001601726,738458.0000312872,758299.9997816926
707175.9998233969,712703.9998247864,715544.9998830754,719268.0001536648,726175.9997680298,728329.0002009479,730441.999944419,732286.9999981698,732339.0001601726,738458.0000312872,758299.9997816926
707175.9998233969,708407.9998405027,715544.9998830754,719268.0001536648,726175.9997680298,728329.0002009479,730441.999944419,732286.9999981698,736635.0001444563,738458.0000312872,758299.9997816926
707175.9998233969,708407.9998405027,715544.9998830754,719268.0001536648,721657.0006616468,726175.9997680298,732286.9999981698,736635.0001444563,737113.99948372,738458.0000312872,758299.9997816926
708407.9998405027,714926.99969233,715544.9998830754,718424.9998990967,719268.0001536648,721657.0006616468,732286.9999981698,736635.0001444563,737113.99948372,738458.0000312872,758299.9997816926
708407.9998405027,714926.99969233,715544.9998830754,718424.9998990967,719268.0001536648,726027.9997845109,732286.9999981698,732743.000360856,736635.0001444563,738458.0000312872,758299.9997816926
704672.0001289448,714926.99969233,715544.9998830754,718424.9998990967,719268.0001536648,726027.9997845109,732743.000360856,736022.9997097278,736635.0001444563,738458.0000312872,758299.9997816926
704672.0001289448,713976.9999417004,714926.99969233,715544.9998830754,718424.9998990967,726027.9997845109,732743.000360856,736022.9997097278,736635.0001444563,743749.0002432517,758299.9997816926
704672.0001289448,714926.99969233,715544.9998830754,715941.0000507425,718424.9998990967,726027.9997845109,732743.000360856,736022.9997097278,736635.0001444563,743749.0002432517,756335.9996726505
704672.0001289448,714926.99969233,715941.0000507425,718424.9998990967,718607.9994802879,726027.9997845109,732743.000360856,732960.0001125153,736635.0001444563,743749.0002432517,756335.9996726505
704672.0001289448,715941.0000507425,718424.9998990967,718607.9994802879,719606.9998265185,721347.9996503225,732743.000360856,732960.0001125153,736635.0001444563,743749.0002432517,756335.9996726505
700088.9994589535,704672.0001289448,715941.0000507425,718424.9998990967,718607.9994802879,732743.000360856,732960.0001125153,736635.0001444563,740866.0000178874,743749.0002432517,756335.9996726505
700088.9994589535,704672.0001289448,713677.999902088,715941.0000507425,718424.9998990967,732743.000360856,732960.0001125153,740866.0000178874,741564.9997226561,743749.0002432517,756335.9996726505
700088.9994589535,704672.0001289448,713677.999902088,715941.0000507425,718424.9998990967,726636.9996722142,732743.000360856,740866.0000178874,743749.0002432517,747888.0001629572,756335.9996726505
700088.9994589535,708291.9999393482,713677.999902088,714805.0000886933,715941.0000507425,726636.9996722142,732743.000360856,740866.0000178874,743749.0002432517,747888.0001629572,756335.9996726505
708291.9999393482,713677.999902088,714805.0000886933,715941.0000507425,717392.9998712125,723561.9996056284,726636.9996722142,732743.000360856,743749.0002432517,747888.0001629572,756335.9996726505
708291.9999393482,713677.999902088,714805.0000886933,717392.9998712125,717591.0002119329,723561.9996056284,726636.9996722142,732743.000360856,742099.0000820612,747888.0001629572,756335.9996726505
708291.9999393482,713677.999902088,714805.0000886933,717392.9998712125,717591.0002119329,723561.9996056284,731180.9999040234,732743.000360856,742099.0000820612,743343.999931148,756335.9996726505
708291.9999393482,713677.999902088,714805.0000886933,717392.9998712125,718443.0002311149,723561.9996056284,730328.9998848414,732743.000360856,742099.0000820612,743343.999931148,756335.9996726505
708291.9999393482,708870.0000321969,713677.999902088,717392.9998712125,723561.9996056284,724378.0002876114,730328.9998848414,732743.000360856,742099.0000820612,743343.999931148,756335.9996726505
708291.9999393482,708870.0000321969,713677.999902088,717392.9998712125,722499.0002981037,723561.9996056284,732207.9998743491,732743.000360856,742099.0000820612,743343.999931148,756335.9996726505
708291.9999393482,708870.0000321969,713677.999902088,717392.9998712125,722499.0002981037,726761.0002697619,729543.9996967225,732207.9998743491,742099.0000820612,743343.999931148,756335.9996726505
708291.9999393482,708870.0000321969,713677.999902088,717392.9998712125,722128.0000073154,726761.0002697619,729543.9996967225,732207.9998743491,742470.0003728494,743343.999931148,756335.9996726505
708291.9999393482,713677.999902088,717392.9998712125,720921.0000914148,722128.0000073154,726761.0002697619,729543.9996967225,730419.0003136315,732207.9998743491,743343.999931148,756335.9996726505
708291.9999393482,713677.999902088,717392.9998712125,720921.0000914148,722128.0000073154,726761.0002697619,729543.9996967225,730419.0003136315,731463.9997660123,744088.0000394848,756335.9996726505
708291.9999393482,713399.0002017354,717392.9998712125,720921.0000914148,722128.0000073154,726761.0002697619,729543.9996967225,730419.0003136315,731463.9997660123,744366.9997398374,756335.9996726505
708291.9999393482,712184.999850268,713399.0002017354,720921.0000914148,722128.0000073154,729543.9996967225,730419.0003136315,731463.9997660123,731969.0002907063,744366.9997398374,756335.9996726505
708291.9999393482,712184.999850268,713399.0002017354,715534.9997804747,720921.0000914148,722128.0000073154,729543.9996967225,731969.0002907063,744366.9997398374,746348.0002991691,756335.9996726505
708291.9999393482,712184.999850268,713399.0002017354,715534.9997804747,720921.0000914148,729543.9996967225,730634.0002746719,731969.0002907063,737842.0000318126,744366.9997398374,756335.9996726505
708291.9999393482,712184.999850268,713399.0002017354,717531.9998046604,720921.0000914148,728637.0002504862,729543.9996967225,731969.0002907063,737842.0000318126,744366.9997398374,756335.9996726505
708291.9999393482,712184.999850268,713399.0002017354,717531.9998046604,720921.0000914148,726560.9997093009,729543.9996967225,731969.0002907063,739918.0005729978,744366.9997398374,756335.9996726505
708291.9999393482,712184.999850268,712929.0000793127,713399.0002017354,717531.9998046604,720921.0000914148,729543.9996967225,731969.0002907063,744366.9997398374,753550.0002029861,756335.9996726505
701420.9999772715,708291.9999393482,712184.999850268,712929.0000793127,713399.0002017354,729543.9996967225,731969.0002907063,737031.9999188038,744366.9997398374,753550.0002029861,756335.9996726505
708291.9999393482,712184.999850268,712929.0000793127,713399.0002017354,718125.999465355,727662.000251754,729543.9996967225,731969.0002907063,737031.9999188038,753550.0002029861,756335.9996726505
712184.999850268,712929.0000793127,713399.0002017354,714413.0002298531,718125.999465355,727662.000251754,729543.9996967225,731969.0002907063,737031.9999188038,747428.9999124812,756335.9996726505
712184.999850268,712929.0000793127,713399.0002017354,718125.999465355,727662.000251754,728827.0000289587,729543.9996967225,731969.0002907063,733015.0001133756,737031.9999188038,756335.9996726505
712184.999850268,712929.0000793127,713399.0002017354,718125.999465355,718455.9998435802,727662.000251754,728827.0000289587,733015.0001133756,737031.9999188038,743057.0001438486,756335.9996726505
712184.999850268,712929.0000793127,713399.0002017354,718455.9998435802,725296.0001164868,727662.000251754,728827.0000289587,729861.999267672,733015.0001133756,743057.0001438486,756335.9996726505
712184.999850268,712929.0000793127,713399.0002017354,713789.9999332516,725296.0001164868,727662.000251754,728827.0000289587,729861.999267672,737681.0000237041,743057.0001438486,756335.9996726505
712184.999850268,712929.0000793127,713399.0002017354,713430.0001884561,713789.9999332516,727662.000251754,728827.0000289587,729861.999267672,743057.0001438486,749546.9999517348,756335.9996726505
712929.0000793127,713399.0002017354,713430.0001884561,713789.9999332516,727612.0002542891,727629.9997398275,727662.000251754,728827.0000289587,729861.999267672,749546.9999517348,756335.9996726505
713399.0002017354,713430.0001884561,713789.9999332516,727226.9997714527,727612.0002542891,727629.9997398275,727662.000251754,728827.0000289587,729861.999267672,742037.9999805104,749546.9999517348
713399.0002017354,713430.0001884561,713789.9999332516,726083.0000761987,727226.9997714527,727662.000251754,728827.0000289587,729158.9999179179,729861.999267672,742037.9999805104,749546.9999517348
713399.0002017354,713430.0001884561,713789.9999332516,726235.0000810478,727226.9997714527,727662.000251754,728827.0000289587,729006.9999130688,729861.999267672,742037.9999805104,749546.9999517348
713140.0001384935,713399.0002017354,713430.0001884561,713789.9999332516,727226.9997714527,727662.000251754,728827.0000289587,729861.999267672,742037.9999805104,742101.9998556231,749546.9999517348
712026.9999633275,713140.0001384935,713399.0002017354,715193.0001583803,727226.9997714527,727662.000251754,728827.0000289587,729861.999267672,742037.9999805104,742101.9998556231,749546.9999517348
712026.9999633275,713399.0002017354,715193.0001583803,720917.9998099752,727226.9997714527,727662.000251754,728827.0000289587,729861.999267672,734324.0001841414,742037.9999805104,749546.9999517348
712026.9999633275,713399.0002017354,715193.0001583803,717971.0001640858,720917.9998099752,727226.9997714527,727662.000251754,729861.999267672,734324.0001841414,749546.9999517348,752893.9998453835
712026.9999633275,713399.0002017354,715193.0001583803,717971.0001640858,720917.9998099752,726681.000035717,727226.9997714527,730842.9994837089,734324.0001841414,749546.9999517348,752893.9998453835
712026.9999633275,713399.0002017354,715193.0001583803,716470.9997388357,717971.0001640858,720917.9998099752,726681.000035717,730842.9994837089,734324.0001841414,749546.9999517348,763649.9998780005
710293.9997335552,713399.0002017354,715193.0001583803,717971.0001640858,718203.999968608,720917.9998099752,726681.000035717,730842.9994837089,734324.0001841414,749546.9999517348,763649.9998780005
691855.0000363234,710293.9997335552,713399.0002017354,718203.999968608,720917.9998099752,726681.000035717,730842.9994837089,734324.0001841414,741309.0002861426,749546.9999517348,763649.9998780005
691855.0000363234,710293.9997335552,713399.0002017354,718203.999968608,725758.9999070447,726681.000035717,730842.9994837089,734324.0001841414,741309.0002861426,744705.9998546652,763649.9998780005
691855.0000363234,710293.9997335552,713399.0002017354,715769.9999603849,718203.999968608,725758.9999070447,734324.0001841414,741309.0002861426,741753.999559041,744705.9998546652,763649.9998780005
691855.0000363234,710293.9997335552,713399.0002017354,718203.999968608,725758.9999070447,725820.9999211758,731702.9995982501,734324.0001841414,741309.0002861426,744705.9998546652,763649.9998780005
691855.0000363234,710293.9997335552,713399.0002017354,718203.999968608,719089.0003173474,725758.9999070447,725820.9999211758,734324.0001841414,744705.9998546652,753922.9995670454,763649.9998780005
691855.0000363234,710293.9997335552,713399.0002017354,718203.999968608,719089.0003173474,725758.9999070447,734324.0001841414,734937.0002031575,744705.9998546652,744806.9992850636,763649.9998780005
691855.0000363234,710293.9997335552,713161.9999298963,713399.0002017354,718203.999968608,731686.0002944957,734324.0001841414,734937.0002031575,744705.9998546652,744806.9992850636,763649.9998780005
710293.9997335552,710816.9999751591,713161.9999298963,713399.0002017354,715975.0002643219,718203.999968608,731686.0002944957,734324.0001841414,744705.9998546652,744806.9992850636,763649.9998780005
710293.9997335552,713161.9999298963,713399.0002017354,715975.0002643219,718203.999968608,719948.0000374855,722555.0002321692,734324.0001841414,744705.9998546652,744806.9992850636,763649.9998780005
710293.9997335552,713161.9999298963,715975.0002643219,718203.999968608,719948.0000374855,722555.0002321692,723828.000057334,734324.0001841414,734377.999429465,744705.9998546652,763649.9998780005
692836.0000709548,710293.9997335552,715975.0002643219,718203.999968608,722555.0002321692,723828.000057334,734324.0001841414,734377.999429465,740273.999896427,744705.9998546652,763649.9998780005
692836.0000709548,710293.9997335552,715975.0002643219,717586.9999834095,723172.0002173677,723828.000057334,734324.0001841414,734377.999429465,740273.999896427,744705.9998546652,763649.9998780005
692836.0000709548,710293.9997335552,715975.0002643219,720858.9999608609,723172.0002173677,723828.000057334,734324.0001841414,734377.999429465,740273.999896427,741433.9998772138,763649.9998780005
694166.000073712,710293.9997335552,715975.0002643219,720858.9999608609,723172.0002173677,723828.000057334,734324.0001841414,734377.999429465,738943.9998936699,741433.9998772138,763649.9998780005
694166.000073712,715975.0002643219,716333.9997103752,720858.9999608609,723172.0002173677,723828.000057334,732903.9999168499,734324.0001841414,734377.999429465,741433.9998772138,763649.9998780005
694166.000073712,700465.9998442108,715975.0002643219,720858.9999608609,723828.000057334,732903.9999168499,734324.0001841414,734377.999429465,739040.0000835321,741433.9998772138,763649.9998780005
694166.000073712,696505.999880879,715975.0002643219,720858.9999608609,723828.000057334,734324.0001841414,734377.999429465,736863.9998801817,739040.0000835321,741433.9998772138,763649.9998780005
694166.000073712,696505.999880879,710394.9994471774,720858.9999608609,723828.000057334,734324.0001841414,736863.9998801817,739040.0000835321,739958.0002466096,741433.9998772138,763649.9998780005
696505.999880879,705510.0000409809,710394.9994471774,720858.9999608609,723828.000057334,727696.0001162632,734324.0001841414,736863.9998801817,739958.0002466096,741433.9998772138,763649.9998780005
696505.999880879,705510.0000409809,710394.9994471774,716178.0001332223,720858.9999608609,723828.000057334,734324.0001841414,739958.0002466096,741433.9998772138,748381.9998632225,763649.9998780005
696505.999880879,710394.9994471774,716178.0001332223,720858.9999608609,723828.000057334,728346.0000238218,734324.0001841414,739958.0002466096,740813.9998951595,741433.9998772138,748381.9998632225
696505.999880879,710394.9994471774,716178.0001332223,720394.0000165999,723828.000057334,728346.0000238218,734324.0001841414,739958.0002466096,741278.9998394205,741433.9998772138,748381.9998632225
696505.999880879,710394.9994471774,716178.0001332223,720337.9998680891,723828.000057334,728402.0001723325,734324.0001841414,739958.0002466096,741278.9998394205,741433.9998772138,748381.9998632225
710394.9994471774,716178.0001332223,718912.999957378,720337.9998680891,723828.000057334,725974.9997867234,728402.0001723325,734324.0001841414,739958.0002466096,741278.9998394205,741433.9998772138
710394.9994471774,716178.0001332223,716570.9997600568,718912.999957378,720337.9998680891,723828.000057334,728402.0001723325,734324.0001841414,739958.0002466096,741278.9998394205,750837.9999038804
710394.9994471774,716178.0001332223,716570.9997600568,718912.999957378,720337.9998680891,726848.0001195187,728402.0001723325,734324.0001841414,736938.0001844247,741278.9998394205,750837.9999038804
710394.9994471774,711363.0000485193,716570.9997600568,720337.9998680891,723728.000042081,726848.0001195187,728402.0001723325,734324.0001841414,736938.0001844247,741278.9998394205,750837.9999038804
710394.9994471774,711363.0000485193,720337.9998680891,723383.9998560515,723728.000042081,726848.0001195187,728402.0001723325,734324.0001841414,734465.9997434259,736938.0001844247,750837.9999038804
710394.9994471774,715793.0001130634,719297.999977537,720337.9998680891,723383.9998560515,726848.0001195187,728402.0001723325,734324.0001841414,734465.9997434259,736938.0001844247,750837.9999038804
710394.9994471774,715793.0001130634,719297.999977537,720337.9998680891,723383.9998560515,723443.0001380545,726848.0001195187,728402.0001723325,734465.9997434259,736938.0001844247,761718.9999499675
710394.9994471774,715793.0001130634,720337.9998680891,720390.000036808,722291.9997967805,723443.0001380545,726848.0001195187,728402.0001723325,734465.9997434259,736938.0001844247,761718.9999499675
702454.9994403757,715793.0001130634,720337.9998680891,720390.000036808,722291.9997967805,723443.0001380545,728402.0001723325,734465.9997434259,734788.0001263204,736938.0001844247,761718.9999499675
702454.9994403757,715793.0001130634,720390.000036808,720836.0000782581,722291.9997967805,723443.0001380545,727903.9999621635,734465.9997434259,734788.0001263204,736938.0001844247,761718.9999499675
715793.0001130634,716538.9994680831,720390.000036808,720836.0000782581,722291.9997967805,722854.0001567173,723443.0001380545,727903.9999621635,734465.9997434259,734788.0001263204,761718.9999499675
715793.0001130634,716538.9994680831,719412.9998960769,720390.000036808,722854.0001567173,723443.0001380545,723714.9999789618,727903.9999621635,734465.9997434259,734788.0001263204,761718.9999499675
715793.0001130634,716538.9994680831,719412.9998960769,720390.000036808,722854.0001567173,723175.9999142537,723443.0001380545,728443.0000268716,734465.9997434259,734788.0001263204,761718.9999499675
715793.0001130634,716538.9994680831,719412.9998960769,720390.000036808,721928.9998058052,722854.0001567173,723443.0001380545,729690.0001353201,734465.9997434259,734788.0001263204,761718.9999499675
710736.0000537891,715793.0001130634,716538.9994680831,720390.000036808,721928.9998058052,722854.0001567173,723443.0001380545,734465.9997434259,734788.0001263204,738366.9999776079,761718.9999499675
710736.0000537891,713602.9998727145,715793.0001130634,716538.9994680831,721928.9998058052,722854.0001567173,723443.0001380545,734788.0001263204,738366.9999776079,741252.9999075194,761718.9999499675
710736.0000537891,713602.9998727145,714897.9999085433,715793.0001130634,716538.9994680831,722854.0001567173,723443.0001380545,734788.0001263204,741252.9999075194,745397.9998748697,761718.9999499675
704654.0000718307,713602.9998727145,714897.9999085433,716538.9994680831,721875.0000950218,722854.0001567173,723443.0001380545,734788.0001263204,741252.9999075194,745397.9998748697,761718.9999499675
704654.0000718307,713602.9998727145,714897.9999085433,716538.9994680831,721875.0000950218,722854.0001567173,732728.0002557249,734788.0001263204,741252.9999075194,745397.9998748697,752433.9998322971
713362.0000175093,713602.9998727145,714897.9999085433,716538.9994680831,721875.0000950218,722854.0001567173,732728.0002557249,734788.0001263204,736689.9999291911,741252.9999075194,752433.9998322971
713362.0000175093,713602.9998727145,716538.9994680831,721843.9999330585,721875.0000950218,722854.0001567173,732728.0002557249,734306.9998830042,734788.0001263204,736689.9999291911,752433.9998322971
702889.9998603632,713362.0000175093,713602.9998727145,716538.9994680831,722854.0001567173,732728.0002557249,734306.9998830042,734788.0001263204,736689.9999291911,740829.0001677171,752433.9998322971
702889.9998603632,713362.0000175093,713602.9998727145,716538.9994680831,717448.0000635062,732728.0002557249,734306.9998830042,736689.9999291911,740194.0002195316,740829.0001677171,752433.9998322971
702889.9998603632,713602.9998727145,716538.9994680831,717448.0000635062,722790.9998136582,724878.0000868554,732728.0002557249,736689.9999291911,740194.0002195316,740829.0001677171,752433.9998322971
702889.9998603632,713602.9998727145,716066.9999539328,717919.9995776565,722790.9998136582,724878.0000868554,732728.0002557249,736689.9999291911,740194.0002195316,740829.0001677171,752433.9998322971
702889.9998603632,713602.9998727145,714107.0002807527,716066.9999539328,717919.9995776565,722790.9998136582,732728.0002557249,740194.0002195316,740829.0001677171,747460.9997352938,752433.9998322971
702889.9998603632,713602.9998727145,714107.0002807527,715626.9998054374,716066.9999539328,717919.9995776565,732728.0002557249,740194.0002195316,740829.0001677171,752433.9998322971,754624.9997435146
697468.999819839,714107.0002807527,715626.9998054374,716066.9999539328,717919.9995776565,719023.9999132387,732728.0002557249,740194.0002195316,740829.0001677171,752433.9998322971,754624.9997435146
694271.9997046356,714107.0002807527,715626.9998054374,716066.9999539328,717919.9995776565,722221.0000284421,732728.0002557249,740194.0002195316,740829.0001677171,752433.9998322971,754624.9997435146
694271.9997046356,712393.0000297618,716066.9999539328,717341.0000564284,717919.9995776565,722221.0000284421,732728.0002557249,740194.0002195316,740829.0001677171,752433.9998322971,754624.9997435146
694271.9997046356,709905.0000168829,716066.9999539328,717919.9995776565,719829.0000693073,722221.0000284421,732728.0002557249,740194.0002195316,740829.0001677171,752433.9998322971,754624.9997435146
694271.9997046356,709905.0000168829,717919.9995776565,718225.0002917896,719829.0000693073,722221.0000284421,732728.0002557249,738035.9998816748,740829.0001677171,752433.9998322971,754624.9997435146
694271.9997046356,709905.0000168829,717919.9995776565,718225.0002917896,719926.0003452529,722221.0000284421,732728.0002557249,738035.9998816748,740731.9998917715,752433.9998322971,754624.9997435146
694271.9997046356,709905.0000168829,717919.9995776565,718121.0001252579,718225.0002917896,724026.0002484372,732728.0002557249,738035.9998816748,740731.9998917715,752433.9998322971,754624.9997435146
694271.9997046356,709905.0000168829,717919.9995776565,718121.0001252579,718225.0002917896,724305.0000817773,732728.0002557249,738035.9998816748,740453.0000584313,752433.9998322971,754624.9997435146
694271.9997046356,709905.0000168829,717919.9995776565,718121.0001252579,719420.0000021564,724305.0000817773,732728.0002557249,736841.000171308,740453.0000584313,752433.9998322971,754624.9997435146
694271.9997046356,709905.0000168829,715763.0000544209,717919.9995776565,719420.0000021564,726663.0001526143,732728.0002557249,736841.000171308,740453.0000584313,752433.9998322971,754624.9997435146
709905.0000168829,710185.0002892883,715763.0000544209,716814.9996710721,717919.9995776565,719420.0000021564,726663.0001526143,736841.000171308,740453.0000584313,752433.9998322971,754624.9997435146
709905.0000168829,710185.0002892883,715763.0000544209,716814.9996710721,717919.9995776565,726663.0001526143,727740.9998706558,728520.0003028086,740453.0000584313,752433.9998322971,754624.9997435146
697916.9994761547,709905.0000168829,715763.0000544209,717919.9995776565,726663.0001526143,727740.9998706558,728520.0003028086,729083.0004842058,740453.0000584313,752433.9998322971,754624.9997435146
697916.9994761547,709905.0000168829,715763.0000544209,717491.0001078601,717919.9995776565,726663.0001526143,729083.0004842058,738770.0000656043,740453.0000584313,752433.9998322971,754624.9997435146
697916.9994761547,709905.0000168829,715763.0000544209,717919.9995776565,718185.0004279087,726663.0001526143,729083.0004842058,738770.0000656043,739758.9997383826,752433.9998322971,754624.9997435146
708719.999644564,709905.0000168829,715763.0000544209,715859.999984205,717919.9995776565,718185.0004279087,729083.0004842058,738770.0000656043,739758.9997383826,752433.9998322971,754624.9997435146
709905.0000168829,711660.9998164241,712821.9998825608,715859.999984205,717919.9995776565,718185.0004279087,729083.0004842058,738770.0000656043,739758.9997383826,752433.9998322971,754624.9997435146
711660.9998164241,712821.9998825608,715859.999984205,717919.9995776565,718185.0004279087,725126.0001280073,729083.0004842058,738770.0000656043,739403.9996323902,739758.9997383826,752433.9998322971
711660.9998164241,712821.9998825608,715859.999984205,717919.9995776565,719147.999999912,725126.0001280073,729083.0004842058,738770.0000656043,738796.0001663794,739403.9996323902,752433.9998322971
711660.9998164241,712821.9998825608,715859.999984205,719147.999999912,725126.0001280073,726946.9995359273,729083.0004842058,729743.0001073334,738796.0001663794,739403.9996323902,752433.9998322971
712821.9998825608,715822.999804121,715859.999984205,719147.999999912,724921.0004965089,725126.0001280073,726946.9995359273,729743.0001073334,738796.0001663794,739403.9996323902,752433.9998322971
712821.9998825608,715822.999804121,715859.999984205,717234.9997732319,724921.0004965089,725126.0001280073,726946.9995359273,729743.0001073334,739403.9996323902,740709.0003930595,752433.9998322971
712821.9998825608,715822.999804121,715859.999984205,717234.9997732319,718034.9998423259,724921.0004965089,726946.9995359273,729743.0001073334,740709.0003930595,746494.9999180716,752433.9998322971
712821.9998825608,714491.000128369,715822.999804121,715859.999984205,717234.9997732319,724921.0004965089,726946.9995359273,729743.0001073334,740709.0003930595,750038.9996320285,752433.9998322971
712007.0003983617,714491.000128369,715822.999804121,715859.999984205,717234.9997732319,724921.0004965089,726946.9995359273,729743.0001073334,741523.9998772586,750038.9996320285,752433.9998322971
712007.0003983617,714491.000128369,715531.0000886257,715822.999804121,715859.999984205,717234.9997732319,724921.0004965089,741158.999554635,741523.9998772586,750038.9996320285,752433.9998322971
712007.0003983617,714491.000128369,714705.9998663091,715531.0000886257,715822.999804121,717234.9997732319,724921.0004965089,741158.999554635,742677.9999951544,750038.9996320285,752433.9998322971
712007.0003983617,714491.000128369,714705.9998663091,715531.0000886257,715822.999804121,717234.9997732319,718511.0001364759,741158.999554635,749088.0003551875,750038.9996320285,752433.9998322971
703272.0001411589,712007.0003983617,714491.000128369,715531.0000886257,715822.999804121,717234.9997732319,729944.9998616261,741158.999554635,749088.0003551875,750038.9996320285,752433.9998322971
701541.0004235752,713738.0001159455,714491.000128369,715531.0000886257,715822.999804121,717234.9997732319,729944.9998616261,741158.999554635,749088.0003551875,750038.9996320285,752433.9998322971
701541.0004235752,713738.0001159455,714491.000128369,715460.0002405168,715531.0000886257,715822.999804121,717234.9997732319,741158.999554635,750038.9996320285,752433.9998322971,763572.9999762967
701541.0004235752,713738.0001159455,714491.000128369,715460.0002405168,715531.0000886257,717234.9997732319,730443.9999037432,741158.999554635,748951.9998766745,750038.9996320285,752433.9998322971
701541.0004235752,713738.0001159455,714491.000128369,715531.0000886257,717234.9997732319,730443.9999037432,731317.9998259784,736576.0002468355,741158.999554635,748951.9998766745,750038.9996320285
701541.0004235752,713738.0001159455,714491.000128369,715531.0000886257,717234.9997732319,729547.9997991681,731317.9998259784,737472.0003514106,741158.999554635,748951.9998766745,750038.9996320285
701541.0004235752,714491.000128369,715531.0000886257,717234.9997732319,720492.9995454006,729547.9997991681,731317.9998259784,737472.0003514106,741158.999554635,743284.0002025734,748951.9998766745
701541.0004235752,714491.000128369,715531.0000886257,716642.0000430339,717234.9997732319,720492.9995454006,731317.9998259784,741158.999554635,743284.0002025734,748951.9998766745,750378.0001075448
695963.99965552,701541.0004235752,715531.0000886257,716642.0000430339,717234.9997732319,731317.9998259784,739020.0000182496,741158.999554635,743284.0002025734,748951.9998766745,750378.0001075448
701541.0004235752,704907.0001240826,715531.0000886257,716642.0000430339,717234.9997732319,730076.999549687,731317.9998259784,741158.999554635,743284.0002025734,748951.9998766745,750378.0001075448
701541.0004235752,704907.0001240826,715531.0000886257,717234.9997732319,722354.000083175,730076.999549687,731317.9998259784,741158.999554635,743239.9998365333,743284.0002025734,750378.0001075448
701541.0004235752,704907.0001240826,715194.9996017489,715531.0000886257,717234.9997732319,722354.000083175,730076.999549687,741158.999554635,743284.0002025734,750378.0001075448,759363.0000607629
701541.0004235752,704907.0001240826,715194.9996017489,717234.9997732319,718132.9995118197,722354.000083175,730076.999549687,738557.000131441,743284.0002025734,750378.0001075448,759363.0000607629
701541.0004235752,704907.0001240826,715194.9996017489,717234.9997732319,718132.9995118197,727780.0002341928,730076.999549687,737858.0000515556,738557.000131441,750378.0001075448,759363.0000607629
701541.0004235752,704907.0001240826,717234.9997732319,717862.0000395739,718132.9995118197,727780.0002341928,730076.999549687,735190.9996137306,738557.000131441,750378.0001075448,759363.0000607629
701541.0004235752,704907.0001240826,716833.0001748321,717234.9997732319,717862.0000395739,718132.9995118197,730076.999549687,735190.9996137306,738557.000131441,759363.0000607629,761325.0001669056
697235.9999975287,701541.0004235752,717234.9997732319,717862.0000395739,718132.9995118197,724504.0003013859,730076.999549687,735190.9996137306,738557.000131441,759363.0000607629,761325.0001669056
697235.9999975287,701541.0004235752,717862.0000395739,718132.9995118197,720506.9996505346,724504.0003013859,730076.999549687,735190.9996137306,735285.0002541384,759363.0000607629,761325.0001669056
697235.9999975287,701541.0004235752,717862.0000395739,718132.9995118197,722706.9998667886,724504.0003013859,730076.999549687,733085.0000378843,735190.9996137306,759363.0000607629,761325.0001669056
697235.9999975287,701541.0004235752,715253.9999709068,717862.0000395739,718132.9995118197,722706.9998667886,733085.0000378843,735190.9996137306,739326.9998801661,759363.0000607629,761325.0001669056
697235.9999975287,701541.0004235752,715253.9999709068,717862.0000395739,721215.9996473521,722706.9998667886,730001.999902352,735190.9996137306,739326.9998801661,759363.0000607629,761325.0001669056
697235.9999975287,701541.0004235752,715253.9999709068,717618.0002376147,721215.9996473521,722706.9998667886,730001.999902352,735434.9994156897,739326.9998801661,759363.0000607629,761325.0001669056
697235.9999975287,707037.0002983622,715253.9999709068,717210.9999920016,717618.0002376147,721215.9996473521,730001.999902352,735434.9994156897,739326.9998801661,759363.0000607629,761325.0001669056
697235.9999975287,707037.0002983622,715253.9999709068,717210.9999920016,717618.0002376147,719208.0000220463,732009.9995276579,735434.9994156897,739326.9998801661,759363.0000607629,761325.0001669056
697235.9999975287,707037.0002983622,715253.9999709068,717618.0002376147,719208.0000220463,721468.9998057592,727751.9997139003,735434.9994156897,739326.9998801661,759363.0000607629,761325.0001669056
697235.9999975287,707037.0002983622,715253.9999709068,718362.9996896876,719208.0000220463,721468.9998057592,727751.9997139003,735434.9994156897,739326.9998801661,759363.0000607629,760580.0007148327
697235.9999975287,707037.0002983622,714849.9999034837,715253.9999709068,718362.9996896876,721468.9998057592,732109.9998324629,735434.9994156897,739326.9998801661,759363.0000607629,760580.0007148327
697235.9999975287,707037.0002983622,714849.9999034837,715253.9999709068,716556.999965276,721468.9998057592,732109.9998324629,735434.9994156897,739326.9998801661,759363.0000607629,762386.0004392443
697235.9999975287,707037.0002983622,715253.9999709068,716556.999965276,721468.9998057592,721810.9992360978,725149.0004998487,735434.9994156897,739326.9998801661,759363.0000607629,762386.0004392443
697235.9999975287,706671.999770508,707037.0002983622,715253.9999709068,716556.999965276,721468.9998057592,735434.9994156897,739326.9998801661,740287.9999654385,759363.0000607629,762386.0004392443
697235.9999975287,706671.999770508,707037.0002983622,715253.9999709068,721468.9998057592,733820.0000745192,735434.9994156897,739326.9998801661,740287.9999654385,745123.0003300011,759363.0000607629
704208.9999240289,706671.999770508,707037.0002983622,715253.9999709068,721468.9998057592,726847.000148019,735434.9994156897,739326.9998801661,740287.9999654385,745123.0003300011,759363.0000607629
704208.9999240289,706671.999770508,707037.0002983622,721468.9998057592,722816.9998562187,726847.000148019,731763.9999948542,735434.9994156897,740287.9999654385,745123.0003300011,759363.0000607629
693800.9999776037,706671.999770508,717445.0002447874,721468.9998057592,722816.9998562187,726847.000148019,731763.9999948542,735434.9994156897,740287.9999654385,745123.0003300011,759363.0000607629
693800.9999776037,717383.0000143859,717445.0002447874,721468.9998057592,722816.9998562187,726847.000148019,729576.9997215606,731763.9999948542,735434.9994156897,745123.0003300011,759363.0000607629
693800.9999776037,717383.0000143859,717445.0002447874,717804.99978569,721468.9998057592,726847.000148019,729576.9997215606,735434.9994156897,736776.0000653829,745123.0003300011,759363.0000607629
693800.9999776037,713219.0000721465,717383.0000143859,717445.0002447874,721468.9998057592,726847.000148019,729576.9997215606,735434.9994156897,741361.9997789265,745123.0003300011,759363.0000607629
693800.9999776037,716924.9998020686,717383.0000143859,717445.0002447874,721468.9998057592,726847.000148019,729576.9997215606,735434.9994156897,737656.0000490044,745123.0003300011,759363.0000607629
693800.9999776037,703435.0001047875,716924.9998020686,721468.9998057592,726847.000148019,729576.9997215606,731393.0001543858,735434.9994156897,737656.0000490044,745123.0003300011,759363.0000607629
693800.9999776037,716358.0004566433,716924.9998020686,718469.99980253,721468.9998057592,726847.000148019,729576.9997215606,735434.9994156897,737656.0000490044,745123.0003300011,759363.0000607629
716358.0004566433,716924.9998020686,717707.9999731267,718469.99980253,721216.0003344781,721468.9998057592,726847.000148019,729576.9997215606,735434.9994156897,737656.0000490044,759363.0000607629
716358.0004566433,716924.9998020686,717707.9999731267,718469.99980253,720989.0000126711,721468.9998057592,726847.000148019,729576.9997215606,735434.9994156897,737656.0000490044,759590.0003825699
716358.0004566433,716924.9998020686,717707.9999731267,718469.99980253,721468.9998057592,724339.9997855921,726847.000148019,729576.9997215606,732083.9996427688,737656.0000490044,759590.0003825699
705556.999981969,716358.0004566433,716924.9998020686,718469.99980253,724339.9997855921,726847.000148019,729576.9997215606,732083.9996427688,733619.9997969168,737656.0000490044,759590.0003825699
705556.999981969,712993.9998223941,716358.0004566433,716924.9998020686,718469.99980253,724339.9997855921,729576.9997215606,732083.9996427688,737656.0000490044,747473.0001225418,759590.0003825699
705556.999981969,712786.9998596379,712993.9998223941,716924.9998020686,722041.0003995354,724339.9997855921,729576.9997215606,732083.9996427688,737656.0000490044,747473.0001225418,759590.0003825699
705556.999981969,712786.9998596379,714483.0001363904,716924.9998020686,722041.0003995354,724339.9997855921,729576.9997215606,732083.9996427688,737656.0000490044,745983.9998085455,759590.0003825699
705556.999981969,712786.9998596379,713874.0001259198,714483.0001363904,716924.9998020686,724339.9997855921,732083.9996427688,737656.0000490044,737743.9999951762,745983.9998085455,759590.0003825699
705556.999981969,712786.9998596379,713874.0001259198,714483.0001363904,716924.9998020686,732083.9996427688,732262.9997554375,737656.0000490044,737743.9999951762,738060.9998387,759590.0003825699
705556.999981969,712786.9998596379,713874.0001259198,714483.0001363904,716924.9998020686,726954.9999067956,732083.9996427688,732262.9997554375,737743.9999951762,748761.9999809088,759590.0003825699
705556.999981969,712786.9998596379,713874.0001259198,714483.0001363904,716143.9997744721,727735.999934392,732083.9996427688,732262.9997554375,737743.9999951762,748761.9999809088,759590.0003825699
705556.999981969,712786.9998596379,713874.0001259198,715779.9999063006,716143.9997744721,727735.999934392,730965.9999855274,732083.9996427688,737743.9999951762,748761.9999809088,759590.0003825699
705556.999981969,712786.9998596379,713874.0001259198,715560.0000550966,716143.9997744721,727735.999934392,731185.9998367314,732083.9996427688,737743.9999951762,748761.9999809088,759590.0003825699
705556.999981969,712786.9998596379,713874.0001259198,715560.0000550966,716754.9999240289,727124.9997848353,731185.9998367314,732083.9996427688,737743.9999951762,748761.9999809088,759590.0003825699
705556.999981969,712786.9998596379,713874.0001259198,714918.0001097448,716754.9999240289,727124.9997848353,731827.9997820831,732083.9996427688,737743.9999951762,748761.9999809088,759590.0003825699
705556.999981969,712786.9998596379,713874.0001259198,716754.9999240289,720616.0001140111,726129.9997778168,727124.9997848353,732083.9996427688,737743.9999951762,748761.9999809088,759590.0003825699
705556.999981969,712786.9998596379,716754.9999240289,720616.0001140111,720929.0001132819,726129.9997778168,727124.9997848353,732083.9996427688,737743.9999951762,741706.9999935467,759590.0003825699
701881.9999849589,712786.9998596379,716754.9999240289,720616.0001140111,724604.000110292,726129.9997778168,727124.9997848353,732083.9996427688,737743.9999951762,741706.9999935467,759590.0003825699
701881.9999849589,712786.9998596379,716754.9999240289,720616.0001140111,726129.9997778168,727124.9997848353,728866.0002436982,732083.9996427688,733481.99986177,741706.9999935467,759590.0003825699
701881.9999849589,712786.9998596379,716754.9999240289,720616.0001140111,727124.9997848353,728866.0002436982,732083.9996427688,733481.99986177,739712.9997961668,741706.9999935467,746007.0003642199
701881.9999849589,703817.9999770687,716754.9999240289,720616.0001140111,727124.9997848353,732083.9996427688,733481.99986177,737835.0001262673,739712.9997961668,741706.9999935467,746007.0003642199
701881.9999849589,703817.9999770687,716754.9999240289,720616.0001140111,727124.9997848353,732083.9996427688,733481.99986177,736967.9998112321,737835.0001262673,741706.9999935467,748752.0003491546
701881.9999849589,703817.9999770687,720616.0001140111,725191.9999382066,727124.9997848353,732083.9996427688,733269.9999793691,733481.99986177,736967.9998112321,737835.0001262673,748752.0003491546
701881.9999849589,703817.9999770687,717505.0001050234,720616.0001140111,725191.9999382066,727124.9997848353,733269.9999793691,733481.99986177,736967.9998112321,737835.0001262673,763330.9998869
701881.9999849589,703817.9999770687,717505.0001050234,720568.9999248463,725191.9999382066,727124.9997848353,733269.9999793691,733481.99986177,737015.0000003969,737835.0001262673,763330.9998869
701881.9999849589,717505.0001050234,719267.9999918125,720568.9999248463,722385.0001115236,725191.9999382066,727124.9997848353,733269.9999793691,733481.99986177,737015.0000003969,763330.9998869
701881.9999849589,719267.9999918125,720568.9999248463,722385.0001115236,725191.9999382066,727124.9997848353,733269.9999793691,733481.99986177,736916.9997973004,737015.0000003969,743919.0001946229
701881.9999849589,719267.9999918125,720568.9999248463,722385.0001115236,725191.9999382066,727124.9997848353,733269.9999793691,733481.99986177,736916.9997973004,737015.0000003969,743919.0001946229
707602.9999172748,713547.0000594966,720568.9999248463,722385.0001115236,725191.9999382066,727124.9997848353,733269.9999793691,733481.99986177,736916.9997973004,737015.0000003969,743919.0001946229
707602.9999172748,713547.0000594966,719527.9999110134,722385.0001115236,725191.9999382066,727124.9997848353,733269.9999793691,733481.99986177,736916.9997973004,738056.0000142298,743919.0001946229
707602.9999172748,713547.0000594966,719527.9999110134,722385.0001115236,725191.9999382066,727124.9997848353,732781.999785472,733269.9999793691,733481.99986177,738056.0000142298,748054.0002064513
707602.9999172748,713547.0000594966,719527.9999110134,720613.9999766122,722385.0001115236,725191.9999382066,732781.999785472,733481.99986177,738056.0000142298,739780.9997875922,748054.0002064513
707602.9999172748,713547.0000594966,719527.9999110134,720613.9999766122,722385.0001115236,722910.0001854937,725191.9999382066,733481.99986177,738056.0000142298,739780.9997875922,757925.9998064296
713197.0002523527,713547.0000594966,719527.9999110134,720613.9999766122,722385.0001115236,722910.0001854937,725191.9999382066,727887.9995266921,738056.0000142298,739780.9997875922,757925.9998064296
700961.0000694707,713197.0002523527,719527.9999110134,720613.9999766122,722385.0001115236,722910.0001854937,725191.9999382066,738056.0000142298,739780.9997875922,740473.999516718,757925.9998064296
700961.0000694707,713197.0002523527,713704.0000548032,719527.9999110134,720613.9999766122,722910.0001854937,725191.9999382066,739780.9997875922,740473.999516718,746737.0000709501,757925.9998064296
700961.0000694707,713197.0002523527,719527.9999110134,720613.9999766122,722151.0001284801,722910.0001854937,725191.9999382066,732026.9994430409,739780.9997875922,746737.0000709501,757925.9998064296
700961.0000694707,713197.0002523527,719527.9999110134,722151.0001284801,722785.999741118,722910.0001854937,725191.9999382066,732026.9994430409,737609.0000230863,746737.0000709501,757925.9998064296
700961.0000694707,713197.0002523527,719527.9999110134,722151.0001284801,722785.999741118,725191.9999382066,732026.9994430409,734534.0001385972,735113.0001178466,737609.0000230863,757925.9998064296
706088.999827275,713197.0002523527,719527.9999110134,722151.0001284801,722785.999741118,725191.9999382066,726898.9996852366,734534.0001385972,735113.0001178466,737609.0000230863,757925.9998064296
706088.999827275,717172.0000707388,719527.9999110134,722151.0001284801,722785.999741118,722923.9998668504,725191.9999382066,734534.0001385972,735113.0001178466,737609.0000230863,757925.9998064296
706088.999827275,717172.0000707388,719527.9999110134,719792.9997601488,722151.0001284801,722923.9998668504,725191.9999382066,734534.0001385972,735113.0001178466,740602.0000040556,757925.9998064296
706088.999827275,715602.0001705068,719527.9999110134,719792.9997601488,722923.9998668504,723721.0000287122,725191.9999382066,734534.0001385972,735113.0001178466,740602.0000040556,757925.9998064296
706088.999827275,716654.0005042828,719527.9999110134,719792.9997601488,722668.9996949362,722923.9998668504,725191.9999382066,734534.0001385972,735113.0001178466,740602.0000040556,757925.9998064296
706088.999827275,713275.9999042965,716654.0005042828,719527.9999110134,719792.9997601488,722668.9996949362,722923.9998668504,734534.0001385972,740602.0000040556,747029.0001517568,757925.9998064296
706088.999827275,712821.9999526612,713275.9999042965,716654.0005042828,719792.9997601488,722668.9996949362,722923.9998668504,734534.0001385972,740602.0000040556,753735.000110109,757925.9998064296
706088.999827275,712821.9999526612,716654.0005042828,716956.9997591745,719792.9997601488,722668.9996949362,722923.9998668504,730853.0002837192,740602.0000040556,753735.000110109,757925.9998064296
706088.999827275,712821.9999526612,714172.0002656573,716654.0005042828,719792.9997601488,722668.9996949362,722923.9998668504,733637.9997772364,740602.0000040556,753735.000110109,757925.9998064296
706088.999827275,712821.9999526612,714172.0002656573,715537.0005440849,719792.9997601488,722668.9996949362,724040.9998270483,733637.9997772364,740602.0000040556,753735.000110109,757925.9998064296
695241.9995696124,712821.9999526612,714172.0002656573,715537.0005440849,719792.9997601488,724040.9998270483,733515.9999525988,733637.9997772364,740602.0000040556,753735.000110109,757925.9998064296
695241.9995696124,712821.9999526612,714220.0002421981,715537.0005440849,719792.9997601488,724040.9998270483,733515.9999525988,733637.9997772364,740602.0000040556,753735.000110109,757877.9998298888
695241.9995696124,707351.9999085717,714220.0002421981,715537.0005440849,719792.9997601488,724040.9998270483,733637.9997772364,738985.9999966883,740602.0000040556,753735.000110109,757877.9998298888
695241.9995696124,707351.9999085717,714220.0002421981,715537.0005440849,721381.000292529,724040.9998270483,733637.9997772364,738985.9999966883,739013.9994716754,753735.000110109,757877.9998298888
695241.9995696124,714220.0002421981,715537.0005440849,720677.9999158324,721381.000292529,724040.9998270483,725659.9999894276,733637.9997772364,739013.9994716754,753735.000110109,757877.9998298888
695241.9995696124,714220.0002421981,717048.0002490295,720677.9999158324,721381.000292529,724040.9998270483,724149.0002844831,733637.9997772364,739013.9994716754,753735.000110109,757877.9998298888
695241.9995696124,714220.0002421981,716788.9999845264,717048.0002490295,720677.9999158324,721381.000292529,731401.0001270049,733637.9997772364,739013.9994716754,753735.000110109,757877.9998298888
694904.0000611241,714220.0002421981,716788.9999845264,717048.0002490295,720677.9999158324,721381.000292529,731738.9996354933,733637.9997772364,739013.9994716754,753735.000110109,757877.9998298888
694904.0000611241,714143.999888829,714220.0002421981,716788.9999845264,717048.0002490295,727915.0003195325,731738.9996354933,733637.9997772364,739013.9994716754,753735.000110109,757877.9998298888
694904.0000611241,714220.0002421981,716788.9999845264,717048.0002490295,719171.9996049111,727915.0003195325,731738.9996354933,733637.9997772364,733985.9997555932,753735.000110109,757877.9998298888
694904.0000611241,706833.9998447152,716788.9999845264,717048.0002490295,719171.9996049111,727915.0003195325,731738.9996354933,733985.9997555932,741024.0001747193,753735.000110109,757877.9998298888
694904.0000611241,706833.9998447152,716788.9999845264,719171.9996049111,721500.9998044907,727915.0003195325,729533.0002001319,731738.9996354933,741024.0001747193,753735.000110109,757877.9998298888
694904.0000611241,714461.9999415383,716788.9999845264,719171.9996049111,721500.9998044907,727915.0003195325,729533.0002001319,731738.9996354933,733396.0000778962,753735.000110109,757877.9998298888
694904.0000611241,714461.9999415383,716788.9999845264,719171.9996049111,724794.9998829457,727915.0003195325,728444.9995570383,729533.0002001319,733396.0000778962,753735.000110109,757877.9998298888
694904.0000611241,714461.9999415383,717793.0000745433,719171.9996049111,724794.9998829457,727915.0003195325,728444.9995570383,728529.000110115,733396.0000778962,753735.000110109,757877.9998298888
694904.0000611241,714148.0000483394,714461.9999415383,717793.0000745433,724794.9998829457,728444.9995570383,728529.000110115,732938.9998761042,733396.0000778962,753735.000110109,757877.9998298888
694904.0000611241,714148.0000483394,714461.9999415383,715551.9998648085,717793.0000745433,728444.9995570383,728529.000110115,732938.9998761042,733396.0000778962,757877.9998298888,762978.0001282461
694904.0000611241,714148.0000483394,714461.9999415383,715551.9998648085,717793.0000745433,728444.9995570383,728529.000110115,732938.9998761042,735649.9997856747,755624.0001221104,762978.0001282461
694904.0000611241,714148.0000483394,714434.9996505802,714461.9999415383,715551.9998648085,717793.0000745433,732938.9998761042,735649.9997856747,742539.0000165731,755624.0001221104,762978.0001282461
694904.0000611241,700489.9997297125,714434.9996505802,714461.9999415383,717793.0000745433,729210.0001834354,732938.9998761042,735649.9997856747,742539.0000165731,755624.0001221104,762978.0001282461
694904.0000611241,707048.0000259955,714434.9996505802,714461.9999415383,717793.0000745433,722651.9998871523,732938.9998761042,735649.9997856747,742539.0000165731,755624.0001221104,762978.0001282461
694904.0000611241,714434.9996505802,714461.9999415383,714610.9999222925,715088.9999908553,717793.0000745433,732938.9998761042,735649.9997856747,742539.0000165731,755624.0001221104,762978.0001282461
694904.0000611241,714434.9996505802,714610.9999222925,715088.9999908553,717793.0000745433,730963.9999068776,732938.9998761042,735649.9997856747,739122.000156771,742539.0000165731,762978.0001282461
694904.0000611241,699393.9999380378,714434.9996505802,717793.0000745433,730305.99997511,730963.9999068776,732938.9998761042,735649.9997856747,739122.000156771,742539.0000165731,762978.0001282461
694904.0000611241,699393.9999380378,714434.9996505802,717793.0000745433,723621.9998752042,730305.99997511,732938.9998761042,735649.9997856747,742539.0000165731,746464.0001884445,762978.0001282461
694904.0000611241,699393.9999380378,714434.9996505802,717793.0000745433,720787.9997673836,723621.9998752042,735649.9997856747,742457.0000838307,742539.0000165731,746464.0001884445,762978.0001282461
694904.0000611241,699393.9999380378,714434.9996505802,717793.0000745433,720787.9997673836,725937.0001155521,733334.9995453268,742457.0000838307,742539.0000165731,746464.0001884445,762978.0001282461
694904.0000611241,699393.9999380378,714434.9996505802,715802.9998592752,717793.0000745433,720787.9997673836,733334.9995453268,742457.0000838307,742539.0000165731,756598.0004447214,762978.0001282461
694904.0000611241,699393.9999380378,714434.9996505802,716471.9999897074,717793.0000745433,720787.9997673836,733334.9995453268,742457.0000838307,742539.0000165731,755929.0003142892,762978.0001282461
694904.0000611241,714434.9996505802,716471.9999897074,716691.0001692895,717793.0000745433,720787.9997673836,733334.9995453268,742457.0000838307,742539.0000165731,745680.9998969944,755929.0003142892
694904.0000611241,714434.9996505802,716471.9999897074,716691.0001692895,717793.0000745433,721235.9997604104,733334.9995453268,742009.0000908038,742539.0000165731,745680.9998969944,755929.0003142892
694904.0000611241,714434.9996505802,716471.9999897074,716691.0001692895,717793.0000745433,721235.9997604104,738750.0000042884,742009.0000908038,742539.0000165731,745680.9998969944,750513.9998553277
694904.0000611241,716471.9999897074,716691.0001692895,717793.0000745433,719990.9996851251,721235.9997604104,736453.000056259,738750.0000042884,742539.0000165731,745680.9998969944,750513.9998553277
694934.000135059,716471.9999897074,716691.0001692895,717763.0000006084,719990.9996851251,721235.9997604104,736453.000056259,738750.0000042884,742539.0000165731,745680.9998969944,750513.9998553277
694934.000135059,716471.9999897074,716691.0001692895,717763.0000006084,718497.0000239804,719990.9996851251,721235.9997604104,738750.0000042884,742539.0000165731,750513.9998553277,763636.999929273
694934.000135059,716471.9999897074,716691.0001692895,717763.0000006084,718497.0000239804,721235.9997604104,730725.9999384987,738750.0000042884,742539.0000165731,750513.9998553277,752901.9996758994
694934.000135059,716471.9999897074,716691.0001692895,717763.0000006084,718370.9999475153,721235.9997604104,730852.0000149638,738750.0000042884,742539.0000165731,750513.9998553277,752901.9996758994
694934.000135059,716471.9999897074,717763.0000006084,718370.9999475153,721235.9997604104,726035.9999849435,729405.0001886345,730852.0000149638,742539.0000165731,750513.9998553277,752901.9996758994
694934.000135059,715886.999770837,716471.9999897074,717763.0000006084,718370.9999475153,721235.9997604104,730852.0000149638,739554.000402741,742539.0000165731,750513.9998553277,752901.9996758994
694934.000135059,715886.999770837,717763.0000006084,718370.9999475153,718600.9997603792,721235.9997604104,730852.0000149638,739554.000402741,742539.0000165731,748385.0000846558,752901.9996758994
694934.000135059,715886.999770837,717763.0000006084,718370.9999475153,718600.9997603792,721083.9996512651,721235.9997604104,739554.000402741,742539.0000165731,748385.0000846558,762670.0000395981
694934.000135059,715886.999770837,717763.0000006084,718370.9999475153,718600.9997603792,721235.9997604104,722344.9998524268,739554.000402741,741277.9998154114,748385.0000846558,762670.0000395981
694934.000135059,717763.0000006084,718370.9999475153,718600.9997603792,721083.0001084078,721235.9997604104,722344.9998524268,734358.0000651702,741277.9998154114,748385.0000846558,762670.0000395981
694934.000135059,717763.0000006084,718370.9999475153,720814.00011743,721083.0001084078,721235.9997604104,722344.9998524268,732144.9997081195,741277.9998154114,748385.0000846558,762670.0000395981
694934.000135059,717763.0000006084,718370.9999475153,720814.00011743,721235.9997604104,722344.9998524268,730222.9998225695,732138.0001012497,732144.9997081195,748385.0000846558,762670.0000395981
694934.000135059,717763.0000006084,718370.9999475153,719310.9999107063,721235.9997604104,722344.9998524268,730222.9998225695,732138.0001012497,733647.9999148432,748385.0000846558,762670.0000395981
699753.9998759821,712943.0002596853,718370.9999475153,719310.9999107063,721235.9997604104,722344.9998524268,730222.9998225695,732138.0001012497,733647.9999148432,748385.0000846558,762670.0000395981
699753.9998759821,712943.0002596853,718370.9999475153,719310.9999107063,721235.9997604104,722344.9998524268,730222.9998225695,733647.9999148432,737751.000206267,748385.0000846558,757056.9999345808
699753.9998759821,712943.0002596853,716388.9999040571,718370.9999475153,721235.9997604104,722344.9998524268,730222.9998225695,736569.9999214924,737751.000206267,748385.0000846558,757056.9999345808
699753.9998759821,712943.0002596853,714904.9999892425,718370.9999475153,721235.9997604104,722344.9998524268,730222.9998225695,737751.000206267,738053.999836307,748385.0000846558,757056.9999345808
699753.9998759821,712943.0002596853,714904.9999892425,721235.9997604104,722344.9998524268,725022.0000811056,730222.9998225695,731100.0000726767,738053.999836307,748385.0000846558,757056.9999345808
699753.9998759821,714904.9999892425,716422.9999617017,718865.0001504105,721235.9997604104,725022.0000811056,730222.9998225695,731100.0000726767,738053.999836307,748385.0000846558,757056.9999345808
699753.9998759821,716422.9999617017,718865.0001504105,719136.999841267,721235.9997604104,725022.0000811056,730222.9998225695,731100.0000726767,733821.9999842825,748385.0000846558,757056.9999345808
699753.9998759821,716422.9999617017,718865.0001504105,719136.999841267,720516.9995828958,721235.9997604104,725022.0000811056,730222.9998225695,731100.0000726767,757056.9999345808,761690.0004860426
699753.9998759821,716422.9999617017,718865.0001504105,719136.999841267,719243.0000915376,720516.9995828958,721235.9997604104,730222.9998225695,736879.0000622447,757056.9999345808,761690.0004860426
699753.9998759821,716422.9999617017,718865.0001504105,719136.999841267,720504.0001742091,720516.9995828958,721235.9997604104,730222.9998225695,735617.9999795732,757056.9999345808,761690.0004860426
699753.9998759821,712137.0001907684,719136.999841267,720504.0001742091,720516.9995828958,721235.9997604104,723150.9999213438,730222.9998225695,735617.9999795732,757056.9999345808,761690.0004860426
699494.9996916818,712137.0001907684,719136.999841267,720504.0001742091,720516.9995828958,721235.9997604104,723150.9999213438,730482.0000068698,735617.9999795732,757056.9999345808,761690.0004860426
699494.9996916818,710699.9998517548,712137.0001907684,719136.999841267,720516.9995828958,723150.9999213438,730482.0000068698,731040.0000828648,735617.9999795732,757056.9999345808,761690.0004860426
699494.9996916818,710699.9998517548,712137.0001907684,720516.9995828958,723150.9999213438,729559.0001697796,730482.0000068698,731040.0000828648,735617.9999795732,751268.00015753,757056.9999345808
699494.9996916818,710699.9998517548,717296.9999221456,717991.0001899665,720516.9995828958,729559.0001697796,730482.0000068698,731040.0000828648,735617.9999795732,751268.00015753,757056.9999345808
699494.9996916818,710699.9998517548,711064.9998086083,720516.9995828958,724223.0003035038,729559.0001697796,730482.0000068698,731040.0000828648,735617.9999795732,751268.00015753,757056.9999345808
699494.9996916818,710699.9998517548,712943.999964692,720516.9995828958,724223.0003035038,729559.0001697796,730482.0000068698,731040.0000828648,733738.9998234895,751268.00015753,757056.9999345808
710699.9998517548,712943.999964692,720516.9995828958,720889.99967455,724223.0003035038,729559.0001697796,730482.0000068698,731040.0000828648,733738.9998234895,735661.9999517126,751268.00015753
710699.9998517548,712943.999964692,720516.9995828958,720889.99967455,724223.0003035038,726972.0003102983,730482.0000068698,731040.0000828648,733738.9998234895,738248.9998111939,751268.00015753
710699.9998517548,712943.999964692,714680.9997341892,720516.9995828958,724223.0003035038,726972.0003102983,730482.0000068698,731040.0000828648,738248.9998111939,739947.9997638502,751268.00015753
710699.9998517548,712943.999964692,713307.0000986523,714680.9997341892,720516.9995828958,724223.0003035038,730482.0000068698,731040.0000828648,739947.9997638502,751268.00015753,751914.0000228399
710039.0002257419,710699.9998517548,713307.0000986523,714680.9997341892,720516.9995828958,724223.0003035038,730482.0000068698,733944.9998218149,739947.9997638502,751268.00015753,751914.0000228399
710039.0002257419,713307.0000986523,713991.999955603,714680.9997341892,720516.9995828958,724223.0003035038,730482.0000068698,730652.9997179667,739947.9997638502,751268.00015753,751914.0000228399
710039.0002257419,712020.999787556,713307.0000986523,714680.9997341892,720516.9995828958,724223.0003035038,730482.0000068698,732623.9998860138,739947.9997638502,751268.00015753,751914.0000228399
710039.0002257419,712020.999787556,713307.0000986523,714680.9997341892,720516.9995828958,724223.0003035038,727900.9995768865,732623.9998860138,742529.0001938335,751268.00015753,751914.0000228399
712020.999787556,713307.0000986523,714680.9997341892,719624.9999461122,720516.9995828958,724223.0003035038,727900.9995768865,732623.9998860138,742328.0003024696,742529.0001938335,751268.00015753
712020.999787556,713307.0000986523,714680.9997341892,719624.9999461122,720104.0001587837,720516.9995828958,724223.0003035038,727900.9995768865,742529.0001938335,751268.00015753,754848.0000296996
712020.999787556,713307.0000986523,714181.0002223984,714680.9997341892,719624.9999461122,720516.9995828958,724223.0003035038,727900.9995768865,742529.0001938335,751268.00015753,760770.999966085
712020.999787556,713307.0000986523,714181.0002223984,714680.9997341892,719624.9999461122,720516.9995828958,724223.0003035038,731105.9998151057,739323.9999556143,751268.00015753,760770.999966085
712020.999787556,713307.0000986523,714057.9999225866,714680.9997341892,719624.9999461122,720516.9995828958,724223.0003035038,731105.9998151057,739323.9999556143,751268.00015753,760894.0002658968
712020.999787556,713307.0000986523,714057.9999225866,714680.9997341892,717462.9995835971,719624.9999461122,724223.0003035038,731105.9998151057,739323.9999556143,754322.0001568287,760894.0002658968
712020.999787556,713307.0000986523,714057.9999225866,714680.9997341892,719624.9999461122,724223.0003035038,726770.0002368336,731105.9998151057,739323.9999556143,745014.9995035921,760894.0002658968
712020.999787556,713085.9999660966,713307.0000986523,714680.9997341892,720596.9999026022,724223.0003035038,726770.0002368336,731105.9998151057,739323.9999556143,745014.9995035921,760894.0002658968
705733.9999056138,712020.999787556,714680.9997341892,720596.9999026022,720659.0001591351,724223.0003035038,726770.0002368336,731105.9998151057,739323.9999556143,745014.9995035921,760894.0002658968
705733.9999056138,712020.999787556,714680.9997341892,717824.9999207769,720596.9999026022,724223.0003035038,726770.0002368336,731105.9998151057,739323.9999556143,747848.9997419503,760894.0002658968
705733.9999056138,712020.999787556,714680.9997341892,717824.9999207769,720596.9999026022,722002.999941166,724223.0003035038,726770.0002368336,747848.9997419503,748426.999829554,760894.0002658968
712020.999787556,714680.9997341892,717824.9999207769,719766.9998914049,720596.9999026022,722002.999941166,724223.0003035038,726770.0002368336,734393.999843763,747848.9997419503,760894.0002658968
